This is a job step 13


----------------------------------------------------
STRUCTURE by Pritchard, Stephens and Donnelly (2000)
     and Falush, Stephens and Pritchard (2003)
       Code by Pritchard, Falush and Hubisz
             Version 2.3.4 (Jul 2012)
----------------------------------------------------


Reading file "/global/home/hpc3579/Salmon-Project/STRUCTURE/mainparamsfiles/mainparamsbigfile".
datafile is
/global/home/hpc3579/Salmon-Project/FileConversions/bigfilestruc.str
Reading file "/global/home/hpc3579/Salmon-Project/STRUCTURE/extraparams_bigfile".
Note: RANDOMIZE is set to 1. The random number generator will be initialized using the system clock, ignoring any specified value of SEED.
Reading file "/global/home/hpc3579/Salmon-Project/FileConversions/bigfilestruc.str".


Data file "/global/home/hpc3579/Salmon-Project/FileConversions/bigfilestruc.str" (truncated) --

Ind:   Label Pop : Genotype_data . . . .
  1: QC-ANG-01    1  :110 167 287 296 254 146 173  . . . . 291
  1: QC-ANG-01    1  :110 179 295 312 358 210 175  . . . . 315
  2: QC-ANG-11    1  :130 171 291 312 322 210 193  . . . . 283
  2: QC-ANG-11    1  :130 175 303 336 338 242 199  . . . . 303
  3: QC-ANG-12    1  :106 175 279 312 278 198 171  . . . . 315
  3: QC-ANG-12    1  :130 191 307 372 342 210 201  . . . . 319
  4: QC-ANG-13    1  :128 159 291 320 314 214 159  . . . . 287
  4: QC-ANG-13    1  :128 167 295 344 326 254 201  . . . . 315

      *******   

9141: US-NA11574  153  :122 203 283 312 254 198 173  . . . . 303
9141: US-NA11574  153  :128 203 303 340 290 206 173  . . . . 307
9142: US-NA11575  153  :122 167 283 300 254 214 173  . . . . 295
9142: US-NA11575  153  :128 167 303 336 290 298 173  . . . . 339

Number of alleles per locus: min=15; ave=39.8; max=91


--------------------------------------

Finished initialization; starting MCMC 
1000000 iterations + 100000 burnin


--------------------------------------------
Proportion of membership of each pre-defined
 population in each of the 13 clusters

Given    Inferred Clusters                                                                             Number of
 Pop       1      2      3      4      5      6      7      8      9     10     11     12     13      Individuals

  1:     0.242  0.077  0.099  0.053  0.086  0.059  0.046  0.049  0.069  0.066  0.041  0.040  0.073       45
  2:     0.024  0.038  0.027  0.026  0.052  0.661  0.030  0.016  0.024  0.018  0.026  0.035  0.024       50
  3:     0.247  0.032  0.070  0.060  0.099  0.086  0.037  0.040  0.099  0.029  0.082  0.071  0.047       48
  4:     0.165  0.048  0.091  0.079  0.079  0.117  0.057  0.101  0.051  0.052  0.054  0.022  0.084       50
  5:     0.084  0.131  0.082  0.069  0.086  0.050  0.070  0.033  0.043  0.101  0.044  0.061  0.147       50
  6:     0.076  0.113  0.053  0.054  0.059  0.067  0.059  0.089  0.080  0.053  0.069  0.028  0.201       49
  7:     0.065  0.090  0.029  0.048  0.086  0.052  0.089  0.049  0.050  0.131  0.061  0.051  0.199       43
  8:     0.050  0.034  0.050  0.082  0.056  0.055  0.030  0.031  0.053  0.105  0.055  0.040  0.361       46
  9:     0.537  0.048  0.055  0.040  0.033  0.030  0.030  0.026  0.024  0.039  0.049  0.069  0.018       60
 10:     0.100  0.076  0.045  0.071  0.201  0.072  0.050  0.048  0.032  0.073  0.086  0.036  0.108       38
 11:     0.091  0.050  0.060  0.078  0.045  0.043  0.055  0.063  0.085  0.074  0.073  0.043  0.240       50
 12:     0.086  0.064  0.055  0.065  0.252  0.061  0.052  0.059  0.040  0.084  0.037  0.027  0.116       48
 13:     0.181  0.058  0.032  0.047  0.081  0.045  0.082  0.076  0.089  0.058  0.091  0.043  0.116       50
 14:     0.113  0.029  0.030  0.074  0.099  0.295  0.031  0.052  0.057  0.034  0.069  0.047  0.071       57
 15:     0.301  0.043  0.029  0.051  0.065  0.091  0.039  0.053  0.104  0.045  0.058  0.083  0.038       48
 16:     0.035  0.044  0.056  0.043  0.052  0.596  0.037  0.031  0.016  0.032  0.022  0.024  0.011       48
 17:     0.198  0.038  0.028  0.082  0.090  0.120  0.051  0.074  0.034  0.083  0.088  0.046  0.068       50
 18:     0.063  0.068  0.070  0.044  0.089  0.045  0.067  0.085  0.095  0.060  0.064  0.026  0.224       44
 19:     0.108  0.042  0.047  0.060  0.226  0.047  0.063  0.051  0.052  0.070  0.039  0.014  0.181       50
 20:     0.058  0.029  0.096  0.055  0.060  0.032  0.027  0.034  0.091  0.068  0.063  0.027  0.359       50
 21:     0.037  0.022  0.052  0.047  0.038  0.565  0.028  0.024  0.029  0.035  0.037  0.040  0.045       48
 22:     0.083  0.062  0.055  0.039  0.292  0.109  0.044  0.077  0.053  0.048  0.056  0.024  0.058       50
 23:     0.053  0.057  0.044  0.076  0.096  0.032  0.056  0.067  0.075  0.099  0.109  0.040  0.194       49
 24:     0.111  0.035  0.055  0.034  0.213  0.067  0.048  0.088  0.055  0.042  0.056  0.036  0.162       50
 25:     0.079  0.112  0.075  0.040  0.104  0.040  0.062  0.053  0.091  0.069  0.061  0.036  0.179       50
 26:     0.104  0.068  0.075  0.054  0.079  0.052  0.044  0.061  0.103  0.064  0.075  0.064  0.158       50
 27:     0.087  0.037  0.062  0.052  0.050  0.226  0.065  0.068  0.159  0.051  0.060  0.050  0.034       55
 28:     0.397  0.050  0.037  0.044  0.019  0.188  0.022  0.027  0.066  0.042  0.028  0.043  0.035       50
 29:     0.072  0.061  0.088  0.084  0.110  0.031  0.038  0.081  0.065  0.185  0.039  0.041  0.104      108
 30:     0.083  0.052  0.100  0.077  0.098  0.052  0.034  0.082  0.070  0.175  0.042  0.057  0.078      109
 31:     0.066  0.059  0.088  0.058  0.096  0.030  0.051  0.051  0.119  0.066  0.063  0.044  0.209       49
 32:     0.104  0.063  0.083  0.055  0.179  0.047  0.050  0.049  0.100  0.072  0.064  0.052  0.082       50
 33:     0.366  0.070  0.063  0.062  0.031  0.037  0.070  0.029  0.073  0.028  0.043  0.082  0.045       50
 34:     0.166  0.126  0.076  0.050  0.020  0.152  0.111  0.057  0.077  0.047  0.047  0.035  0.035       50
 35:     0.253  0.059  0.061  0.084  0.115  0.077  0.033  0.066  0.081  0.034  0.035  0.037  0.065       50
 36:     0.098  0.055  0.051  0.037  0.139  0.083  0.047  0.045  0.048  0.045  0.041  0.030  0.282       39
 37:     0.068  0.092  0.074  0.080  0.097  0.030  0.081  0.059  0.058  0.078  0.105  0.035  0.142       47
 38:     0.088  0.058  0.106  0.073  0.154  0.036  0.069  0.052  0.081  0.040  0.044  0.054  0.146       67
 39:     0.062  0.039  0.055  0.094  0.230  0.039  0.073  0.033  0.030  0.066  0.051  0.053  0.174       34
 40:     0.049  0.069  0.059  0.058  0.087  0.036  0.058  0.051  0.093  0.052  0.094  0.070  0.225       58
 41:     0.091  0.068  0.070  0.076  0.162  0.053  0.045  0.060  0.105  0.062  0.058  0.039  0.111       86
 42:     0.061  0.056  0.088  0.032  0.134  0.043  0.055  0.065  0.068  0.118  0.068  0.033  0.178       44
 43:     0.040  0.045  0.051  0.037  0.036  0.046  0.029  0.045  0.053  0.079  0.032  0.048  0.459       44
 44:     0.118  0.052  0.056  0.043  0.061  0.253  0.047  0.050  0.093  0.051  0.070  0.047  0.058       50
 45:     0.073  0.110  0.073  0.074  0.089  0.053  0.112  0.061  0.054  0.044  0.068  0.023  0.168       35
 46:     0.204  0.124  0.061  0.054  0.136  0.076  0.064  0.067  0.055  0.030  0.041  0.030  0.058       50
 47:     0.073  0.056  0.036  0.089  0.230  0.071  0.068  0.029  0.061  0.063  0.061  0.036  0.127       36
 48:     0.085  0.054  0.093  0.072  0.128  0.184  0.092  0.035  0.068  0.057  0.057  0.026  0.048       53
 49:     0.049  0.073  0.039  0.034  0.043  0.459  0.042  0.062  0.049  0.037  0.030  0.021  0.062       57
 50:     0.156  0.094  0.031  0.058  0.093  0.167  0.086  0.061  0.060  0.029  0.074  0.032  0.058       49
 51:     0.270  0.020  0.052  0.048  0.086  0.044  0.039  0.059  0.087  0.038  0.065  0.112  0.081       42
 52:     0.082  0.083  0.081  0.071  0.097  0.050  0.075  0.036  0.059  0.072  0.053  0.034  0.206       50
 53:     0.035  0.061  0.090  0.059  0.109  0.026  0.023  0.073  0.047  0.237  0.074  0.031  0.136       50
 54:     0.070  0.055  0.060  0.104  0.067  0.056  0.054  0.122  0.037  0.247  0.050  0.027  0.052       44
 55:     0.045  0.050  0.075  0.067  0.085  0.059  0.048  0.105  0.078  0.193  0.038  0.041  0.115       50
 56:     0.023  0.031  0.044  0.034  0.025  0.036  0.020  0.028  0.014  0.698  0.017  0.025  0.005       30
 57:     0.073  0.085  0.088  0.083  0.111  0.027  0.025  0.090  0.092  0.127  0.052  0.038  0.109       50
 58:     0.075  0.064  0.059  0.061  0.124  0.039  0.048  0.102  0.070  0.148  0.052  0.042  0.114       50
 59:     0.037  0.040  0.110  0.150  0.065  0.034  0.024  0.105  0.065  0.142  0.054  0.088  0.085       33
 60:     0.014  0.025  0.041  0.279  0.100  0.063  0.033  0.057  0.014  0.125  0.071  0.089  0.088        9
 61:     0.054  0.032  0.075  0.088  0.089  0.043  0.055  0.093  0.100  0.130  0.062  0.046  0.132       50
 62:     0.073  0.028  0.076  0.039  0.059  0.037  0.067  0.126  0.086  0.317  0.028  0.031  0.031       32
 63:     0.127  0.048  0.106  0.077  0.038  0.035  0.043  0.120  0.083  0.145  0.036  0.054  0.087       50
 64:     0.037  0.082  0.085  0.063  0.049  0.033  0.048  0.037  0.046  0.270  0.059  0.063  0.127       50
 65:     0.044  0.039  0.020  0.032  0.052  0.027  0.027  0.049  0.017  0.577  0.030  0.047  0.039       29
 66:     0.060  0.042  0.075  0.108  0.089  0.051  0.022  0.103  0.076  0.146  0.063  0.053  0.110       50
 67:     0.072  0.061  0.152  0.072  0.055  0.045  0.030  0.052  0.037  0.151  0.107  0.075  0.090       31
 68:     0.029  0.047  0.074  0.062  0.076  0.060  0.028  0.070  0.071  0.220  0.099  0.066  0.099       27
 69:     0.069  0.056  0.117  0.079  0.079  0.043  0.063  0.078  0.118  0.123  0.084  0.051  0.040       20
 70:     0.064  0.034  0.077  0.110  0.037  0.063  0.047  0.105  0.046  0.195  0.072  0.049  0.102       50
 71:     0.043  0.073  0.082  0.080  0.170  0.061  0.063  0.052  0.031  0.070  0.043  0.031  0.202       50
 72:     0.072  0.073  0.055  0.114  0.041  0.033  0.043  0.085  0.063  0.235  0.040  0.027  0.119       37
 73:     0.084  0.032  0.043  0.055  0.091  0.304  0.077  0.052  0.082  0.042  0.050  0.045  0.046       81
 74:     0.042  0.055  0.051  0.033  0.099  0.087  0.315  0.048  0.083  0.056  0.072  0.048  0.011       50
 75:     0.033  0.083  0.073  0.067  0.098  0.033  0.045  0.067  0.118  0.112  0.140  0.046  0.085       50
 76:     0.100  0.104  0.074  0.059  0.052  0.059  0.160  0.038  0.113  0.060  0.065  0.055  0.060       89
 77:     0.038  0.067  0.040  0.072  0.048  0.051  0.041  0.063  0.337  0.042  0.126  0.053  0.022      100
 78:     0.074  0.048  0.034  0.046  0.051  0.344  0.091  0.046  0.063  0.036  0.074  0.062  0.031       94
 79:     0.054  0.058  0.043  0.044  0.396  0.074  0.042  0.039  0.049  0.049  0.064  0.059  0.029      100
 80:     0.054  0.061  0.070  0.019  0.083  0.051  0.219  0.048  0.155  0.026  0.129  0.032  0.054       50
 81:     0.079  0.067  0.052  0.064  0.124  0.041  0.185  0.052  0.087  0.048  0.078  0.056  0.068      100
 82:     0.069  0.106  0.057  0.107  0.099  0.034  0.057  0.056  0.082  0.072  0.124  0.066  0.071       98
 83:     0.022  0.066  0.024  0.028  0.018  0.028  0.030  0.026  0.041  0.034  0.617  0.039  0.027       50
 84:     0.085  0.043  0.022  0.026  0.039  0.543  0.047  0.019  0.033  0.025  0.052  0.031  0.035       99
 85:     0.054  0.091  0.083  0.056  0.092  0.048  0.077  0.077  0.109  0.062  0.123  0.049  0.079       99
 86:     0.036  0.062  0.054  0.051  0.031  0.034  0.079  0.027  0.446  0.033  0.071  0.039  0.037      100
 87:     0.042  0.057  0.050  0.058  0.054  0.050  0.301  0.047  0.054  0.031  0.068  0.091  0.096      100
 88:     0.033  0.094  0.056  0.054  0.051  0.058  0.289  0.052  0.104  0.031  0.098  0.046  0.036      100
 89:     0.070  0.091  0.072  0.087  0.100  0.045  0.073  0.068  0.093  0.040  0.122  0.068  0.071       99
 90:     0.040  0.046  0.031  0.040  0.100  0.096  0.213  0.053  0.077  0.078  0.116  0.039  0.072       48
 91:     0.099  0.020  0.094  0.027  0.082  0.352  0.039  0.034  0.067  0.015  0.058  0.073  0.040       28
 92:     0.058  0.058  0.026  0.047  0.053  0.075  0.246  0.048  0.106  0.043  0.088  0.123  0.029       50
 93:     0.034  0.046  0.037  0.053  0.041  0.071  0.427  0.030  0.078  0.038  0.067  0.046  0.032      100
 94:     0.069  0.082  0.061  0.049  0.095  0.067  0.196  0.032  0.119  0.048  0.092  0.041  0.049       50
 95:     0.158  0.035  0.037  0.062  0.093  0.253  0.039  0.053  0.042  0.065  0.067  0.040  0.055       41
 96:     0.029  0.127  0.074  0.076  0.052  0.050  0.146  0.067  0.101  0.053  0.111  0.067  0.046       81
 97:     0.047  0.103  0.055  0.047  0.104  0.063  0.182  0.036  0.105  0.058  0.120  0.041  0.038       50
 98:     0.053  0.487  0.046  0.033  0.049  0.033  0.049  0.024  0.046  0.032  0.075  0.033  0.040      100
 99:     0.066  0.121  0.064  0.064  0.076  0.050  0.104  0.104  0.139  0.042  0.054  0.058  0.057       89
100:     0.035  0.061  0.065  0.101  0.065  0.048  0.044  0.042  0.053  0.053  0.342  0.060  0.033       98
101:     0.093  0.055  0.079  0.062  0.070  0.084  0.116  0.057  0.131  0.050  0.105  0.047  0.052      100
102:     0.014  0.016  0.008  0.018  0.013  0.015  0.012  0.019  0.015  0.015  0.022  0.821  0.012       95
103:     0.063  0.194  0.113  0.117  0.055  0.039  0.044  0.055  0.080  0.033  0.102  0.029  0.077       50
104:     0.035  0.072  0.042  0.042  0.045  0.070  0.266  0.037  0.117  0.036  0.146  0.058  0.034       70
105:     0.110  0.045  0.041  0.053  0.067  0.319  0.063  0.046  0.071  0.036  0.060  0.047  0.044      100
106:     0.086  0.136  0.048  0.086  0.054  0.051  0.213  0.043  0.063  0.039  0.097  0.029  0.053       50
107:     0.039  0.057  0.034  0.044  0.063  0.056  0.104  0.039  0.158  0.041  0.244  0.066  0.055      100
108:     0.036  0.593  0.030  0.026  0.035  0.049  0.025  0.018  0.034  0.059  0.040  0.033  0.022       50
109:     0.050  0.073  0.047  0.054  0.065  0.037  0.090  0.097  0.148  0.070  0.145  0.052  0.072      100
110:     0.167  0.042  0.051  0.037  0.084  0.255  0.046  0.063  0.061  0.034  0.085  0.049  0.027       41
111:     0.115  0.063  0.037  0.025  0.072  0.305  0.072  0.069  0.062  0.042  0.069  0.037  0.032      100
112:     0.031  0.314  0.052  0.036  0.066  0.065  0.115  0.040  0.088  0.074  0.073  0.018  0.028       50
113:     0.036  0.116  0.037  0.034  0.066  0.046  0.097  0.038  0.107  0.026  0.300  0.053  0.044       97
114:     0.112  0.067  0.065  0.045  0.044  0.267  0.054  0.054  0.076  0.044  0.071  0.073  0.027      100
115:     0.061  0.040  0.064  0.042  0.067  0.084  0.303  0.037  0.054  0.067  0.082  0.071  0.028       49
116:     0.069  0.068  0.067  0.052  0.063  0.059  0.225  0.041  0.100  0.047  0.103  0.049  0.057      100
117:     0.057  0.093  0.049  0.034  0.082  0.116  0.092  0.074  0.082  0.040  0.180  0.032  0.068       50
118:     0.048  0.244  0.060  0.037  0.072  0.061  0.101  0.050  0.147  0.038  0.063  0.037  0.042      100
119:     0.062  0.062  0.138  0.071  0.053  0.063  0.082  0.068  0.082  0.068  0.130  0.070  0.051       90
120:     0.094  0.081  0.084  0.085  0.091  0.057  0.082  0.076  0.074  0.087  0.058  0.054  0.076       70
121:     0.055  0.041  0.443  0.090  0.036  0.020  0.043  0.040  0.056  0.044  0.058  0.038  0.035       82
122:     0.030  0.021  0.034  0.632  0.021  0.039  0.036  0.031  0.021  0.024  0.038  0.038  0.035       66
123:     0.014  0.016  0.011  0.757  0.015  0.033  0.031  0.015  0.017  0.017  0.024  0.032  0.018       28
124:     0.042  0.037  0.048  0.048  0.077  0.028  0.042  0.502  0.053  0.016  0.021  0.050  0.035       44
125:     0.040  0.088  0.030  0.054  0.063  0.057  0.020  0.428  0.040  0.048  0.066  0.033  0.034       60
126:     0.051  0.035  0.040  0.072  0.037  0.033  0.020  0.519  0.047  0.050  0.035  0.027  0.034       83
127:     0.053  0.040  0.051  0.024  0.043  0.035  0.016  0.480  0.076  0.054  0.031  0.045  0.051       49
128:     0.035  0.044  0.041  0.053  0.054  0.023  0.041  0.518  0.041  0.038  0.032  0.023  0.057       84
129:     0.049  0.071  0.049  0.025  0.097  0.041  0.036  0.229  0.064  0.171  0.045  0.062  0.061       53
130:     0.022  0.040  0.021  0.084  0.023  0.016  0.045  0.438  0.057  0.076  0.041  0.062  0.076       58
131:     0.051  0.042  0.051  0.082  0.063  0.034  0.041  0.330  0.072  0.101  0.039  0.043  0.052       78
132:     0.051  0.047  0.058  0.116  0.078  0.021  0.048  0.317  0.067  0.066  0.034  0.024  0.072       59
133:     0.043  0.056  0.053  0.096  0.064  0.035  0.031  0.321  0.078  0.080  0.034  0.023  0.087       41
134:     0.040  0.059  0.063  0.072  0.060  0.041  0.058  0.206  0.055  0.111  0.098  0.093  0.044       42
135:     0.017  0.035  0.056  0.103  0.088  0.034  0.069  0.131  0.025  0.259  0.049  0.069  0.065       30
136:     0.073  0.045  0.052  0.084  0.054  0.035  0.057  0.173  0.063  0.160  0.035  0.073  0.097       53
137:     0.074  0.124  0.055  0.067  0.080  0.054  0.071  0.036  0.115  0.027  0.076  0.056  0.166       58
138:     0.092  0.049  0.110  0.098  0.120  0.040  0.042  0.078  0.075  0.069  0.050  0.059  0.119       84
139:     0.056  0.028  0.578  0.055  0.017  0.021  0.019  0.041  0.023  0.056  0.046  0.034  0.026       81
140:     0.012  0.037  0.036  0.725  0.013  0.013  0.014  0.021  0.022  0.017  0.016  0.025  0.050       30
141:     0.026  0.027  0.442  0.212  0.034  0.016  0.018  0.031  0.055  0.060  0.032  0.021  0.028       37
142:     0.057  0.081  0.311  0.065  0.039  0.033  0.055  0.032  0.026  0.151  0.037  0.027  0.086       46
143:     0.042  0.041  0.129  0.112  0.061  0.037  0.032  0.042  0.046  0.341  0.034  0.035  0.047       55
144:     0.041  0.076  0.088  0.071  0.088  0.032  0.025  0.039  0.042  0.292  0.069  0.068  0.071       52
145:     0.036  0.113  0.095  0.062  0.053  0.025  0.037  0.048  0.039  0.293  0.033  0.050  0.115       73
146:     0.081  0.055  0.094  0.058  0.088  0.032  0.030  0.082  0.046  0.137  0.101  0.093  0.105       73
147:     0.043  0.089  0.047  0.053  0.089  0.032  0.031  0.036  0.043  0.333  0.056  0.037  0.113       53
148:     0.059  0.086  0.074  0.059  0.042  0.047  0.029  0.039  0.082  0.306  0.050  0.062  0.066       52
149:     0.040  0.068  0.069  0.087  0.053  0.025  0.055  0.064  0.046  0.183  0.082  0.046  0.182       44
150:     0.048  0.108  0.068  0.059  0.049  0.042  0.055  0.072  0.056  0.202  0.053  0.053  0.132       80
151:     0.107  0.057  0.069  0.048  0.066  0.029  0.040  0.043  0.132  0.239  0.062  0.043  0.066       49
152:     0.068  0.055  0.064  0.097  0.044  0.052  0.086  0.048  0.110  0.030  0.070  0.060  0.215       34
153:     0.091  0.060  0.076  0.089  0.107  0.034  0.062  0.095  0.144  0.064  0.068  0.052  0.057      100
--------------------------------------------

 Rep#:   Lambda   Alpha      F1    F2    F3    F4    F5    F6    F7    F8    F9    F10    F11    F12    F13     D1,2  D1,3  D1,4  D1,5  D1,6  D1,7  D1,8  D1,9  D1,10  D1,11  D1,12  D1,13  D2,3  D2,4  D2,5  D2,6  D2,7  D2,8  D2,9  D2,10  D2,11  D2,12  D2,13  D3,4  D3,5  D3,6  D3,7  D3,8  D3,9  D3,10  D3,11  D3,12  D3,13  D4,5  D4,6  D4,7  D4,8  D4,9  D4,10  D4,11  D4,12  D4,13  D5,6  D5,7  D5,8  D5,9  D5,10  D5,11  D5,12  D5,13  D6,7  D6,8  D6,9  D6,10  D6,11  D6,12  D6,13  D7,8  D7,9  D7,10  D7,11  D7,12  D7,13  D8,9  D8,10  D8,11  D8,12  D8,13  D9,10  D9,11  D9,12  D9,13  D10,11  D10,12  D10,13  D11,12  D11,13  D12,13    Ln Like 
 1000:    1.00    0.183    0.038 0.035 0.039 0.068 0.020 0.065 0.044 0.049 0.012 0.043 0.031 0.129 0.033    0.055 0.060 0.060 0.042 0.051 0.056 0.062 0.037 0.062 0.046 0.090 0.057 0.036 0.058 0.042 0.072 0.042 0.069 0.029 0.039 0.025 0.085 0.032 0.037 0.042 0.091 0.065 0.054 0.036 0.029 0.038 0.080 0.034 0.045 0.086 0.063 0.046 0.036 0.043 0.048 0.084 0.048 0.055 0.050 0.045 0.027 0.046 0.038 0.084 0.026 0.056 0.094 0.054 0.092 0.065 0.124 0.077 0.070 0.028 0.068 0.029 0.089 0.057 0.041 0.046 0.057 0.094 0.053 0.040 0.020 0.073 0.029 0.042 0.080 0.032 0.073 0.035 0.082   --  
 2000:    1.00    0.128    0.033 0.029 0.040 0.047 0.023 0.055 0.024 0.037 0.019 0.032 0.025 0.143 0.023    0.046 0.052 0.049 0.041 0.043 0.040 0.053 0.032 0.052 0.042 0.076 0.045 0.034 0.049 0.042 0.057 0.033 0.060 0.033 0.034 0.026 0.086 0.027 0.038 0.042 0.079 0.053 0.051 0.037 0.029 0.041 0.084 0.029 0.043 0.071 0.044 0.034 0.028 0.030 0.047 0.082 0.036 0.047 0.046 0.040 0.034 0.041 0.042 0.088 0.026 0.044 0.080 0.051 0.078 0.052 0.108 0.061 0.054 0.023 0.050 0.026 0.075 0.043 0.031 0.037 0.061 0.094 0.041 0.037 0.029 0.072 0.027 0.040 0.083 0.026 0.074 0.032 0.081   --  
 3000:    1.00    0.104    0.025 0.026 0.034 0.036 0.022 0.046 0.028 0.035 0.018 0.025 0.025 0.115 0.021    0.037 0.040 0.038 0.030 0.036 0.036 0.045 0.029 0.042 0.039 0.078 0.033 0.028 0.041 0.036 0.055 0.030 0.053 0.026 0.026 0.024 0.086 0.020 0.029 0.039 0.069 0.051 0.046 0.032 0.027 0.040 0.089 0.025 0.038 0.065 0.048 0.034 0.029 0.029 0.047 0.084 0.032 0.040 0.043 0.037 0.029 0.037 0.040 0.085 0.021 0.040 0.071 0.047 0.071 0.050 0.112 0.053 0.056 0.026 0.049 0.027 0.090 0.041 0.034 0.037 0.060 0.098 0.039 0.037 0.026 0.080 0.022 0.038 0.082 0.020 0.081 0.025 0.085   --  
 4000:    1.00    0.092    0.025 0.023 0.038 0.040 0.023 0.042 0.024 0.030 0.013 0.024 0.025 0.168 0.019    0.036 0.042 0.039 0.032 0.036 0.035 0.040 0.026 0.038 0.035 0.085 0.033 0.032 0.044 0.037 0.052 0.027 0.052 0.027 0.030 0.022 0.092 0.022 0.036 0.040 0.069 0.048 0.049 0.034 0.026 0.036 0.094 0.027 0.036 0.063 0.041 0.030 0.025 0.031 0.040 0.096 0.031 0.043 0.041 0.035 0.026 0.033 0.036 0.093 0.021 0.036 0.066 0.040 0.069 0.047 0.116 0.050 0.047 0.021 0.044 0.021 0.090 0.033 0.027 0.030 0.049 0.095 0.034 0.031 0.021 0.084 0.020 0.035 0.089 0.019 0.083 0.023 0.089   --  
 5000:    1.00    0.082    0.029 0.020 0.030 0.034 0.023 0.040 0.026 0.030 0.012 0.025 0.026 0.173 0.018    0.032 0.039 0.037 0.027 0.031 0.035 0.041 0.023 0.039 0.036 0.085 0.033 0.031 0.037 0.035 0.045 0.024 0.046 0.022 0.024 0.019 0.088 0.021 0.029 0.037 0.065 0.049 0.043 0.031 0.024 0.033 0.086 0.024 0.034 0.055 0.041 0.030 0.023 0.028 0.039 0.085 0.030 0.034 0.036 0.030 0.023 0.034 0.034 0.092 0.020 0.033 0.062 0.038 0.060 0.045 0.108 0.048 0.048 0.022 0.043 0.023 0.085 0.036 0.025 0.032 0.048 0.093 0.032 0.028 0.024 0.079 0.020 0.031 0.082 0.018 0.080 0.021 0.088   --  
 6000:    1.00    0.074    0.025 0.018 0.024 0.036 0.020 0.038 0.020 0.026 0.012 0.022 0.019 0.149 0.019    0.032 0.035 0.033 0.029 0.035 0.031 0.036 0.022 0.034 0.033 0.092 0.032 0.024 0.035 0.034 0.046 0.022 0.047 0.021 0.022 0.020 0.090 0.020 0.027 0.036 0.065 0.043 0.041 0.026 0.020 0.031 0.092 0.022 0.037 0.056 0.037 0.032 0.022 0.028 0.037 0.087 0.029 0.034 0.037 0.034 0.023 0.034 0.034 0.099 0.022 0.036 0.064 0.039 0.061 0.044 0.114 0.049 0.045 0.020 0.038 0.021 0.088 0.035 0.024 0.030 0.047 0.103 0.032 0.025 0.020 0.085 0.019 0.031 0.086 0.016 0.086 0.023 0.095   --  
 7000:    1.00    0.068    0.024 0.018 0.030 0.032 0.018 0.039 0.016 0.030 0.012 0.020 0.020 0.167 0.017    0.032 0.037 0.036 0.025 0.030 0.030 0.037 0.022 0.034 0.028 0.087 0.028 0.030 0.040 0.031 0.045 0.022 0.047 0.021 0.023 0.016 0.085 0.018 0.026 0.034 0.061 0.040 0.037 0.027 0.021 0.030 0.091 0.023 0.033 0.053 0.034 0.026 0.020 0.024 0.035 0.091 0.029 0.033 0.032 0.030 0.022 0.029 0.028 0.096 0.018 0.032 0.058 0.035 0.058 0.039 0.112 0.043 0.040 0.018 0.035 0.017 0.086 0.029 0.023 0.028 0.042 0.097 0.032 0.024 0.019 0.083 0.018 0.028 0.085 0.016 0.082 0.018 0.087   --  
 8000:    1.00    0.066    0.021 0.018 0.031 0.036 0.021 0.037 0.015 0.033 0.014 0.022 0.021 0.184 0.014    0.032 0.038 0.032 0.025 0.029 0.028 0.034 0.021 0.032 0.031 0.089 0.027 0.027 0.036 0.031 0.044 0.023 0.047 0.020 0.023 0.017 0.096 0.018 0.028 0.035 0.059 0.042 0.043 0.027 0.022 0.031 0.094 0.020 0.034 0.052 0.034 0.029 0.022 0.025 0.035 0.092 0.025 0.033 0.032 0.033 0.020 0.029 0.028 0.100 0.019 0.029 0.060 0.037 0.057 0.039 0.118 0.044 0.043 0.018 0.037 0.019 0.094 0.030 0.026 0.028 0.046 0.100 0.031 0.024 0.018 0.085 0.015 0.029 0.088 0.015 0.088 0.019 0.096   --  
 9000:    1.00    0.065    0.021 0.018 0.030 0.038 0.017 0.035 0.018 0.027 0.011 0.022 0.020 0.183 0.017    0.030 0.036 0.030 0.025 0.031 0.028 0.035 0.020 0.034 0.030 0.083 0.029 0.026 0.038 0.031 0.044 0.021 0.047 0.021 0.025 0.017 0.090 0.019 0.030 0.033 0.061 0.040 0.038 0.027 0.019 0.031 0.088 0.020 0.033 0.051 0.037 0.028 0.021 0.027 0.035 0.087 0.029 0.033 0.032 0.030 0.021 0.031 0.027 0.093 0.018 0.034 0.061 0.038 0.061 0.041 0.107 0.046 0.042 0.019 0.038 0.019 0.084 0.030 0.022 0.030 0.042 0.096 0.032 0.024 0.018 0.078 0.017 0.029 0.083 0.015 0.080 0.018 0.087   --  

--------------------------------------------
Proportion of membership of each pre-defined
 population in each of the 13 clusters

Given    Inferred Clusters                                                                             Number of
 Pop       1      2      3      4      5      6      7      8      9     10     11     12     13      Individuals

  1:     0.630  0.017  0.040  0.021  0.062  0.040  0.047  0.041  0.025  0.016  0.016  0.018  0.027       45
  2:     0.012  0.025  0.012  0.008  0.013  0.829  0.019  0.013  0.013  0.020  0.016  0.008  0.012       50
  3:     0.280  0.037  0.017  0.067  0.130  0.122  0.029  0.024  0.122  0.037  0.056  0.042  0.038       48
  4:     0.324  0.023  0.068  0.055  0.174  0.079  0.043  0.048  0.041  0.051  0.037  0.010  0.047       50
  5:     0.114  0.095  0.047  0.069  0.079  0.021  0.070  0.027  0.041  0.041  0.069  0.035  0.292       50
  6:     0.094  0.158  0.020  0.014  0.052  0.062  0.045  0.066  0.104  0.072  0.018  0.026  0.268       49
  7:     0.079  0.054  0.018  0.019  0.157  0.051  0.116  0.050  0.083  0.071  0.048  0.041  0.213       43
  8:     0.029  0.047  0.056  0.070  0.036  0.013  0.022  0.016  0.036  0.063  0.054  0.011  0.547       46
  9:     0.654  0.029  0.018  0.041  0.037  0.017  0.027  0.006  0.041  0.025  0.046  0.039  0.021       60
 10:     0.108  0.104  0.084  0.061  0.232  0.024  0.061  0.013  0.086  0.070  0.004  0.044  0.107       38
 11:     0.059  0.034  0.063  0.072  0.086  0.026  0.052  0.049  0.065  0.104  0.017  0.005  0.367       50
 12:     0.037  0.027  0.043  0.053  0.560  0.024  0.053  0.053  0.015  0.049  0.015  0.035  0.036       48
 13:     0.228  0.029  0.020  0.048  0.167  0.071  0.072  0.055  0.032  0.083  0.091  0.032  0.072       50
 14:     0.025  0.022  0.022  0.076  0.094  0.499  0.077  0.032  0.021  0.047  0.050  0.017  0.018       57
 15:     0.380  0.041  0.034  0.047  0.047  0.145  0.047  0.037  0.094  0.025  0.042  0.047  0.014       48
 16:     0.006  0.010  0.004  0.010  0.028  0.829  0.005  0.004  0.030  0.025  0.019  0.005  0.024       48
 17:     0.366  0.058  0.026  0.044  0.069  0.074  0.051  0.081  0.067  0.045  0.024  0.023  0.072       50
 18:     0.055  0.044  0.057  0.065  0.051  0.023  0.038  0.061  0.062  0.074  0.105  0.010  0.355       44
 19:     0.007  0.032  0.026  0.034  0.627  0.031  0.021  0.016  0.022  0.053  0.032  0.006  0.093       50
 20:     0.024  0.024  0.049  0.052  0.068  0.027  0.045  0.023  0.016  0.040  0.036  0.003  0.592       50
 21:     0.026  0.037  0.006  0.023  0.021  0.729  0.003  0.032  0.073  0.026  0.008  0.007  0.009       48
 22:     0.042  0.043  0.031  0.021  0.323  0.128  0.063  0.069  0.058  0.062  0.024  0.037  0.099       50
 23:     0.049  0.076  0.007  0.066  0.117  0.014  0.066  0.021  0.067  0.079  0.039  0.043  0.357       49
 24:     0.050  0.016  0.028  0.022  0.646  0.015  0.017  0.057  0.033  0.023  0.017  0.026  0.051       50
 25:     0.051  0.109  0.103  0.055  0.137  0.035  0.065  0.039  0.075  0.042  0.037  0.012  0.241       50
 26:     0.116  0.083  0.058  0.088  0.101  0.065  0.046  0.019  0.089  0.080  0.065  0.012  0.177       50
 27:     0.044  0.025  0.042  0.022  0.052  0.431  0.049  0.031  0.077  0.029  0.122  0.022  0.055       55
 28:     0.348  0.083  0.017  0.085  0.011  0.277  0.009  0.040  0.022  0.015  0.041  0.027  0.025       50
 29:     0.051  0.056  0.078  0.093  0.110  0.023  0.056  0.102  0.074  0.174  0.061  0.027  0.094      108
 30:     0.085  0.051  0.120  0.042  0.115  0.039  0.020  0.101  0.078  0.164  0.049  0.035  0.101      109
 31:     0.096  0.067  0.076  0.024  0.063  0.009  0.045  0.055  0.049  0.093  0.050  0.007  0.366       49
 32:     0.265  0.083  0.049  0.041  0.119  0.026  0.089  0.032  0.076  0.084  0.065  0.018  0.053       50
 33:     0.477  0.034  0.020  0.035  0.029  0.029  0.042  0.016  0.080  0.017  0.152  0.030  0.038       50
 34:     0.081  0.097  0.074  0.037  0.070  0.295  0.104  0.045  0.037  0.020  0.101  0.028  0.013       50
 35:     0.319  0.022  0.046  0.073  0.097  0.151  0.052  0.050  0.086  0.006  0.033  0.013  0.053       50
 36:     0.086  0.023  0.064  0.025  0.410  0.018  0.021  0.065  0.021  0.021  0.045  0.010  0.191       39
 37:     0.057  0.065  0.052  0.121  0.093  0.033  0.046  0.041  0.143  0.057  0.108  0.005  0.178       47
 38:     0.084  0.056  0.090  0.063  0.103  0.023  0.045  0.063  0.067  0.048  0.053  0.031  0.272       67
 39:     0.027  0.032  0.018  0.070  0.696  0.029  0.038  0.026  0.018  0.005  0.030  0.003  0.007       34
 40:     0.036  0.043  0.073  0.051  0.083  0.035  0.036  0.027  0.051  0.066  0.103  0.034  0.362       58
 41:     0.103  0.074  0.036  0.041  0.132  0.048  0.058  0.039  0.082  0.060  0.063  0.035  0.229       86
 42:     0.104  0.093  0.060  0.065  0.087  0.020  0.054  0.067  0.063  0.106  0.037  0.015  0.229       44
 43:     0.012  0.016  0.038  0.054  0.096  0.042  0.022  0.023  0.012  0.061  0.062  0.009  0.554       44
 44:     0.091  0.034  0.067  0.048  0.036  0.413  0.076  0.034  0.049  0.018  0.076  0.008  0.052       50
 45:     0.071  0.087  0.033  0.097  0.117  0.017  0.073  0.042  0.079  0.087  0.091  0.013  0.193       35
 46:     0.222  0.054  0.082  0.036  0.166  0.110  0.071  0.088  0.044  0.025  0.046  0.024  0.032       50
 47:     0.046  0.016  0.053  0.066  0.606  0.027  0.009  0.026  0.022  0.043  0.034  0.018  0.033       36
 48:     0.150  0.041  0.031  0.068  0.146  0.268  0.073  0.035  0.063  0.023  0.039  0.004  0.059       53
 49:     0.031  0.028  0.018  0.020  0.033  0.629  0.018  0.038  0.012  0.037  0.060  0.013  0.062       57
 50:     0.173  0.085  0.042  0.017  0.065  0.255  0.074  0.015  0.075  0.054  0.082  0.006  0.057       49
 51:     0.428  0.015  0.056  0.037  0.044  0.052  0.031  0.068  0.047  0.020  0.038  0.066  0.099       42
 52:     0.089  0.054  0.024  0.016  0.132  0.040  0.106  0.034  0.014  0.055  0.033  0.022  0.380       50
 53:     0.037  0.027  0.086  0.042  0.052  0.030  0.029  0.066  0.059  0.390  0.071  0.021  0.089       50
 54:     0.199  0.045  0.052  0.087  0.023  0.028  0.057  0.083  0.077  0.242  0.028  0.015  0.062       44
 55:     0.130  0.052  0.093  0.033  0.080  0.033  0.066  0.079  0.131  0.118  0.054  0.023  0.109       50
 56:     0.015  0.020  0.009  0.001  0.009  0.023  0.035  0.015  0.024  0.815  0.008  0.021  0.006       30
 57:     0.122  0.044  0.096  0.084  0.114  0.031  0.033  0.089  0.062  0.148  0.045  0.021  0.111       50
 58:     0.063  0.043  0.059  0.086  0.170  0.025  0.037  0.088  0.050  0.260  0.027  0.022  0.071       50
 59:     0.077  0.054  0.088  0.101  0.059  0.026  0.020  0.094  0.027  0.169  0.019  0.048  0.218       33
 60:     0.001  0.017  0.008  0.169  0.025  0.073  0.001  0.035  0.078  0.111  0.097  0.011  0.375        9
 61:     0.112  0.040  0.062  0.100  0.048  0.018  0.035  0.114  0.140  0.157  0.070  0.038  0.067       50
 62:     0.107  0.059  0.093  0.038  0.082  0.020  0.027  0.081  0.070  0.318  0.013  0.013  0.078       32
 63:     0.103  0.016  0.130  0.057  0.047  0.023  0.053  0.089  0.098  0.286  0.006  0.015  0.077       50
 64:     0.021  0.112  0.074  0.020  0.053  0.033  0.015  0.027  0.050  0.467  0.042  0.029  0.056       50
 65:     0.031  0.010  0.018  0.003  0.019  0.028  0.003  0.011  0.013  0.833  0.013  0.007  0.011       29
 66:     0.103  0.031  0.032  0.099  0.063  0.025  0.060  0.119  0.066  0.178  0.048  0.014  0.160       50
 67:     0.091  0.093  0.134  0.034  0.064  0.031  0.013  0.006  0.068  0.281  0.077  0.033  0.076       31
 68:     0.059  0.036  0.051  0.044  0.066  0.025  0.028  0.105  0.072  0.332  0.036  0.039  0.107       27
 69:     0.061  0.019  0.082  0.083  0.091  0.036  0.035  0.049  0.097  0.218  0.034  0.007  0.188       20
 70:     0.095  0.036  0.030  0.072  0.026  0.024  0.027  0.080  0.092  0.300  0.070  0.009  0.139       50
 71:     0.029  0.054  0.076  0.069  0.173  0.033  0.035  0.051  0.048  0.054  0.030  0.018  0.331       50
 72:     0.081  0.062  0.045  0.113  0.071  0.018  0.038  0.057  0.034  0.377  0.018  0.021  0.066       37
 73:     0.056  0.050  0.023  0.016  0.076  0.483  0.076  0.041  0.074  0.020  0.028  0.036  0.022       81
 74:     0.020  0.062  0.025  0.019  0.033  0.021  0.451  0.041  0.071  0.035  0.155  0.018  0.049       50
 75:     0.061  0.174  0.031  0.069  0.080  0.016  0.038  0.018  0.247  0.119  0.035  0.019  0.093       50
 76:     0.046  0.165  0.060  0.056  0.079  0.041  0.206  0.030  0.099  0.037  0.096  0.027  0.059       89
 77:     0.015  0.028  0.027  0.043  0.019  0.012  0.039  0.028  0.706  0.018  0.036  0.020  0.008      100
 78:     0.030  0.030  0.025  0.022  0.014  0.573  0.111  0.028  0.045  0.013  0.043  0.032  0.033       94
 79:     0.041  0.068  0.041  0.017  0.508  0.046  0.077  0.021  0.052  0.018  0.056  0.021  0.033      100
 80:     0.043  0.135  0.025  0.027  0.012  0.061  0.458  0.021  0.069  0.049  0.092  0.003  0.006       50
 81:     0.059  0.045  0.052  0.042  0.112  0.031  0.295  0.072  0.085  0.040  0.082  0.025  0.060      100
 82:     0.072  0.178  0.064  0.081  0.066  0.042  0.079  0.050  0.117  0.067  0.091  0.025  0.066       98
 83:     0.012  0.668  0.007  0.039  0.025  0.027  0.067  0.009  0.018  0.021  0.060  0.034  0.014       50
 84:     0.030  0.020  0.020  0.017  0.015  0.728  0.045  0.013  0.016  0.019  0.044  0.010  0.022       99
 85:     0.062  0.109  0.079  0.073  0.057  0.019  0.072  0.075  0.220  0.049  0.113  0.016  0.057       99
 86:     0.028  0.054  0.053  0.024  0.047  0.048  0.071  0.017  0.173  0.021  0.411  0.025  0.029      100
 87:     0.024  0.049  0.021  0.061  0.026  0.012  0.060  0.020  0.032  0.016  0.621  0.029  0.028      100
 88:     0.031  0.144  0.015  0.032  0.047  0.042  0.434  0.029  0.047  0.030  0.094  0.014  0.040      100
 89:     0.065  0.101  0.058  0.089  0.059  0.038  0.142  0.064  0.119  0.038  0.101  0.038  0.089       99
 90:     0.010  0.091  0.013  0.036  0.080  0.129  0.203  0.019  0.073  0.050  0.184  0.029  0.085       48
 91:     0.197  0.017  0.025  0.019  0.061  0.470  0.053  0.019  0.044  0.045  0.009  0.002  0.039       28
 92:     0.051  0.044  0.045  0.035  0.024  0.063  0.391  0.014  0.126  0.017  0.079  0.093  0.018       50
 93:     0.030  0.014  0.031  0.034  0.026  0.084  0.599  0.017  0.013  0.032  0.062  0.012  0.046      100
 94:     0.079  0.105  0.063  0.021  0.033  0.031  0.409  0.008  0.079  0.032  0.045  0.014  0.081       50
 95:     0.067  0.013  0.024  0.025  0.060  0.429  0.047  0.057  0.044  0.029  0.063  0.049  0.091       41
 96:     0.050  0.082  0.091  0.058  0.043  0.052  0.250  0.027  0.113  0.055  0.093  0.017  0.068       81
 97:     0.038  0.109  0.022  0.028  0.078  0.047  0.458  0.012  0.085  0.021  0.059  0.036  0.007       50
 98:     0.030  0.602  0.031  0.030  0.038  0.028  0.036  0.017  0.038  0.036  0.056  0.025  0.035      100
 99:     0.080  0.158  0.063  0.044  0.038  0.043  0.113  0.098  0.127  0.050  0.042  0.040  0.103       89
100:     0.025  0.089  0.110  0.226  0.023  0.038  0.044  0.022  0.207  0.062  0.067  0.050  0.039       98
101:     0.062  0.036  0.050  0.051  0.069  0.099  0.208  0.048  0.152  0.029  0.105  0.042  0.048      100
102:     0.006  0.004  0.008  0.012  0.013  0.009  0.007  0.009  0.009  0.009  0.007  0.902  0.004       95
103:     0.047  0.308  0.042  0.131  0.063  0.033  0.035  0.032  0.113  0.063  0.052  0.005  0.075       50
104:     0.047  0.087  0.012  0.022  0.077  0.081  0.166  0.029  0.056  0.015  0.372  0.011  0.025       70
105:     0.087  0.025  0.052  0.033  0.037  0.476  0.069  0.032  0.053  0.019  0.060  0.021  0.036      100
106:     0.033  0.155  0.025  0.024  0.020  0.044  0.336  0.033  0.125  0.036  0.083  0.035  0.051       50
107:     0.009  0.035  0.024  0.021  0.014  0.051  0.023  0.022  0.036  0.029  0.692  0.025  0.019      100
108:     0.010  0.797  0.016  0.005  0.014  0.021  0.011  0.014  0.029  0.028  0.016  0.011  0.028       50
109:     0.063  0.049  0.023  0.038  0.067  0.038  0.147  0.083  0.266  0.095  0.060  0.023  0.046      100
110:     0.081  0.024  0.011  0.021  0.090  0.571  0.011  0.030  0.056  0.010  0.037  0.037  0.022       41
111:     0.090  0.029  0.049  0.034  0.058  0.417  0.081  0.059  0.080  0.022  0.047  0.014  0.019      100
112:     0.021  0.340  0.051  0.014  0.056  0.064  0.119  0.022  0.092  0.076  0.055  0.008  0.081       50
113:     0.027  0.116  0.018  0.023  0.021  0.025  0.053  0.021  0.020  0.018  0.614  0.014  0.029       97
114:     0.085  0.037  0.053  0.045  0.037  0.420  0.038  0.063  0.046  0.012  0.071  0.041  0.051      100
115:     0.025  0.057  0.022  0.057  0.056  0.076  0.462  0.044  0.031  0.042  0.098  0.009  0.021       49
116:     0.070  0.098  0.055  0.050  0.057  0.059  0.297  0.033  0.071  0.024  0.110  0.024  0.051      100
117:     0.069  0.182  0.081  0.017  0.038  0.098  0.107  0.059  0.091  0.030  0.168  0.028  0.033       50
118:     0.046  0.325  0.066  0.030  0.039  0.031  0.130  0.045  0.114  0.023  0.075  0.020  0.055      100
119:     0.090  0.115  0.065  0.092  0.049  0.069  0.160  0.063  0.101  0.061  0.055  0.035  0.045       90
120:     0.074  0.063  0.090  0.093  0.058  0.052  0.057  0.093  0.121  0.115  0.026  0.011  0.148       70
121:     0.013  0.013  0.706  0.055  0.047  0.015  0.027  0.012  0.011  0.029  0.022  0.019  0.030       82
122:     0.006  0.008  0.042  0.794  0.005  0.032  0.009  0.016  0.015  0.026  0.009  0.014  0.024       66
123:     0.009  0.002  0.006  0.895  0.003  0.015  0.017  0.005  0.021  0.005  0.008  0.008  0.008       28
124:     0.040  0.014  0.032  0.026  0.014  0.017  0.014  0.716  0.041  0.020  0.019  0.010  0.035       44
125:     0.052  0.042  0.013  0.039  0.010  0.014  0.043  0.687  0.029  0.019  0.020  0.009  0.023       60
126:     0.032  0.021  0.026  0.065  0.027  0.005  0.041  0.705  0.027  0.010  0.015  0.016  0.011       83
127:     0.067  0.055  0.013  0.040  0.028  0.016  0.017  0.585  0.043  0.038  0.012  0.057  0.030       49
128:     0.047  0.010  0.029  0.030  0.015  0.011  0.027  0.703  0.046  0.014  0.013  0.007  0.047       84
129:     0.048  0.043  0.076  0.015  0.069  0.027  0.038  0.417  0.037  0.071  0.025  0.035  0.098       53
130:     0.014  0.019  0.021  0.037  0.033  0.004  0.060  0.542  0.029  0.113  0.021  0.031  0.076       58
131:     0.022  0.020  0.029  0.073  0.039  0.033  0.049  0.506  0.068  0.052  0.033  0.024  0.052       78
132:     0.018  0.022  0.053  0.035  0.035  0.035  0.021  0.508  0.059  0.047  0.093  0.013  0.061       59
133:     0.024  0.016  0.044  0.082  0.064  0.028  0.024  0.508  0.033  0.064  0.041  0.010  0.064       41
134:     0.030  0.040  0.057  0.091  0.104  0.037  0.046  0.311  0.040  0.080  0.094  0.063  0.008       42
135:     0.021  0.038  0.012  0.072  0.056  0.012  0.049  0.263  0.055  0.239  0.112  0.041  0.030       30
136:     0.099  0.048  0.024  0.060  0.030  0.014  0.068  0.272  0.060  0.194  0.024  0.028  0.079       53
137:     0.078  0.138  0.065  0.018  0.111  0.055  0.048  0.038  0.054  0.062  0.066  0.015  0.252       58
138:     0.068  0.079  0.064  0.110  0.100  0.028  0.049  0.079  0.092  0.103  0.065  0.025  0.136       84
