This is a job step 5


----------------------------------------------------
STRUCTURE by Pritchard, Stephens and Donnelly (2000)
     and Falush, Stephens and Pritchard (2003)
       Code by Pritchard, Falush and Hubisz
             Version 2.3.4 (Jul 2012)
----------------------------------------------------


Reading file "/global/home/hpc3579/Salmon-Project/STRUCTURE/mainparamsfiles/mainparamsbigfile".
datafile is
/global/home/hpc3579/Salmon-Project/FileConversions/bigfilestruc.str
Reading file "/global/home/hpc3579/Salmon-Project/STRUCTURE/extraparams_bigfile".
Note: RANDOMIZE is set to 1. The random number generator will be initialized using the system clock, ignoring any specified value of SEED.
Reading file "/global/home/hpc3579/Salmon-Project/FileConversions/bigfilestruc.str".


Data file "/global/home/hpc3579/Salmon-Project/FileConversions/bigfilestruc.str" (truncated) --

Ind:   Label Pop : Genotype_data . . . .
  1: QC-ANG-01    1  :110 167 287 296 254 146 173  . . . . 291
  1: QC-ANG-01    1  :110 179 295 312 358 210 175  . . . . 315
  2: QC-ANG-11    1  :130 171 291 312 322 210 193  . . . . 283
  2: QC-ANG-11    1  :130 175 303 336 338 242 199  . . . . 303
  3: QC-ANG-12    1  :106 175 279 312 278 198 171  . . . . 315
  3: QC-ANG-12    1  :130 191 307 372 342 210 201  . . . . 319
  4: QC-ANG-13    1  :128 159 291 320 314 214 159  . . . . 287
  4: QC-ANG-13    1  :128 167 295 344 326 254 201  . . . . 315

      *******   

9141: US-NA11574  153  :122 203 283 312 254 198 173  . . . . 303
9141: US-NA11574  153  :128 203 303 340 290 206 173  . . . . 307
9142: US-NA11575  153  :122 167 283 300 254 214 173  . . . . 295
9142: US-NA11575  153  :128 167 303 336 290 298 173  . . . . 339

Number of alleles per locus: min=15; ave=39.8; max=91


--------------------------------------

Finished initialization; starting MCMC 
1000000 iterations + 100000 burnin


--------------------------------------------
Proportion of membership of each pre-defined
 population in each of the 5 clusters

Given    Inferred Clusters                     Number of
 Pop       1      2      3      4      5      Individuals

  1:     0.197  0.195  0.109  0.254  0.246       45
  2:     0.033  0.040  0.027  0.032  0.868       50
  3:     0.205  0.143  0.068  0.308  0.277       48
  4:     0.275  0.169  0.102  0.244  0.210       50
  5:     0.152  0.375  0.187  0.193  0.093       50
  6:     0.241  0.300  0.149  0.154  0.156       49
  7:     0.224  0.340  0.174  0.164  0.099       43
  8:     0.073  0.646  0.063  0.139  0.078       46
  9:     0.070  0.077  0.062  0.625  0.166       60
 10:     0.143  0.273  0.154  0.256  0.173       38
 11:     0.129  0.566  0.090  0.093  0.122       50
 12:     0.148  0.415  0.087  0.171  0.178       48
 13:     0.199  0.129  0.153  0.289  0.231       50
 14:     0.086  0.091  0.098  0.088  0.636       57
 15:     0.195  0.071  0.130  0.271  0.333       48
 16:     0.053  0.046  0.050  0.045  0.805       48
 17:     0.219  0.185  0.110  0.207  0.279       50
 18:     0.255  0.307  0.182  0.126  0.130       44
 19:     0.209  0.296  0.127  0.210  0.159       50
 20:     0.081  0.643  0.105  0.098  0.072       50
 21:     0.061  0.044  0.068  0.039  0.788       48
 22:     0.244  0.197  0.133  0.180  0.245       50
 23:     0.238  0.262  0.190  0.146  0.163       49
 24:     0.277  0.257  0.081  0.161  0.224       50
 25:     0.190  0.365  0.179  0.155  0.112       50
 26:     0.201  0.346  0.181  0.142  0.130       50
 27:     0.099  0.082  0.157  0.135  0.528       55
 28:     0.099  0.122  0.094  0.129  0.556       50
 29:     0.284  0.299  0.091  0.249  0.077      108
 30:     0.282  0.289  0.091  0.255  0.083      109
 31:     0.201  0.397  0.152  0.165  0.085       49
 32:     0.255  0.269  0.129  0.158  0.190       50
 33:     0.113  0.095  0.150  0.437  0.205       50
 34:     0.155  0.099  0.189  0.122  0.435       50
 35:     0.226  0.148  0.098  0.240  0.288       50
 36:     0.237  0.350  0.144  0.131  0.138       39
 37:     0.182  0.307  0.205  0.158  0.149       47
 38:     0.224  0.336  0.135  0.190  0.116       67
 39:     0.203  0.256  0.162  0.220  0.158       34
 40:     0.098  0.362  0.181  0.214  0.145       58
 41:     0.238  0.252  0.161  0.176  0.173       86
 42:     0.274  0.369  0.168  0.112  0.077       44
 43:     0.119  0.610  0.050  0.153  0.068       44
 44:     0.111  0.094  0.155  0.113  0.527       50
 45:     0.199  0.416  0.140  0.114  0.130       35
 46:     0.129  0.188  0.175  0.244  0.264       50
 47:     0.162  0.207  0.196  0.268  0.167       36
 48:     0.172  0.106  0.133  0.096  0.492       53
 49:     0.080  0.081  0.071  0.036  0.732       57
 50:     0.121  0.115  0.112  0.125  0.527       49
 51:     0.270  0.161  0.114  0.252  0.203       42
 52:     0.136  0.408  0.131  0.175  0.151       50
 53:     0.156  0.451  0.091  0.225  0.076       50
 54:     0.265  0.200  0.063  0.376  0.095       44
 55:     0.266  0.270  0.124  0.247  0.093       50
 56:     0.168  0.384  0.033  0.333  0.082       30
 57:     0.246  0.316  0.082  0.247  0.109       50
 58:     0.282  0.325  0.091  0.181  0.121       50
 59:     0.309  0.293  0.095  0.251  0.052       33
 60:     0.208  0.458  0.036  0.235  0.063        9
 61:     0.257  0.223  0.098  0.331  0.091       50
 62:     0.327  0.337  0.057  0.207  0.072       32
 63:     0.273  0.298  0.070  0.238  0.120       50
 64:     0.167  0.472  0.105  0.196  0.060       50
 65:     0.202  0.323  0.024  0.363  0.087       29
 66:     0.262  0.299  0.091  0.258  0.090       50
 67:     0.168  0.365  0.088  0.336  0.043       31
 68:     0.321  0.256  0.143  0.249  0.032       27
 69:     0.302  0.360  0.050  0.196  0.092       20
 70:     0.241  0.265  0.107  0.284  0.103       50
 71:     0.252  0.339  0.116  0.122  0.171       50
 72:     0.222  0.238  0.096  0.367  0.077       37
 73:     0.103  0.061  0.133  0.106  0.597       81
 74:     0.131  0.070  0.558  0.104  0.137       50
 75:     0.203  0.238  0.241  0.206  0.113       50
 76:     0.130  0.135  0.458  0.118  0.159       89
 77:     0.120  0.118  0.300  0.337  0.125      100
 78:     0.068  0.060  0.131  0.092  0.648       94
 79:     0.154  0.175  0.297  0.169  0.204      100
 80:     0.065  0.061  0.610  0.120  0.144       50
 81:     0.119  0.171  0.442  0.141  0.126      100
 82:     0.166  0.206  0.279  0.232  0.118       98
 83:     0.076  0.068  0.519  0.206  0.131       50
 84:     0.035  0.051  0.053  0.045  0.815       99
 85:     0.179  0.220  0.277  0.232  0.093       99
 86:     0.101  0.098  0.530  0.140  0.131      100
 87:     0.072  0.105  0.549  0.176  0.099      100
 88:     0.124  0.093  0.589  0.095  0.099      100
 89:     0.212  0.153  0.266  0.204  0.165       99
 90:     0.144  0.095  0.507  0.110  0.143       48
 91:     0.129  0.060  0.131  0.059  0.622       28
 92:     0.091  0.065  0.526  0.175  0.142       50
 93:     0.083  0.090  0.548  0.096  0.182      100
 94:     0.066  0.125  0.587  0.077  0.145       50
 95:     0.105  0.083  0.054  0.159  0.599       41
 96:     0.096  0.179  0.436  0.174  0.114       81
 97:     0.060  0.058  0.520  0.183  0.179       50
 98:     0.130  0.202  0.452  0.120  0.096      100
 99:     0.196  0.153  0.271  0.226  0.154       89
100:     0.078  0.271  0.244  0.291  0.115       98
101:     0.124  0.142  0.301  0.193  0.240      100
102:     0.020  0.027  0.035  0.895  0.024       95
103:     0.141  0.290  0.261  0.186  0.122       50
104:     0.124  0.085  0.586  0.073  0.132       70
105:     0.088  0.065  0.124  0.111  0.611      100
106:     0.094  0.080  0.653  0.077  0.096       50
107:     0.065  0.142  0.534  0.133  0.125      100
108:     0.077  0.357  0.340  0.131  0.095       50
109:     0.194  0.132  0.293  0.254  0.126      100
110:     0.093  0.059  0.078  0.086  0.685       41
111:     0.105  0.068  0.114  0.107  0.605      100
112:     0.094  0.249  0.421  0.107  0.129       50
113:     0.058  0.097  0.534  0.163  0.148       97
114:     0.092  0.099  0.142  0.139  0.528      100
115:     0.073  0.093  0.578  0.133  0.122       49
116:     0.107  0.116  0.443  0.143  0.191      100
117:     0.132  0.131  0.340  0.161  0.235       50
118:     0.127  0.154  0.439  0.111  0.169      100
119:     0.150  0.164  0.294  0.239  0.153       90
120:     0.241  0.319  0.130  0.158  0.152       70
121:     0.109  0.470  0.166  0.187  0.068       82
122:     0.083  0.067  0.059  0.698  0.093       66
123:     0.156  0.214  0.216  0.322  0.093       28
124:     0.725  0.074  0.079  0.061  0.061       44
125:     0.737  0.060  0.065  0.069  0.068       60
126:     0.732  0.045  0.055  0.112  0.056       83
127:     0.730  0.034  0.067  0.125  0.044       49
128:     0.743  0.062  0.069  0.057  0.069       84
129:     0.606  0.161  0.104  0.084  0.044       53
130:     0.701  0.085  0.087  0.089  0.038       58
131:     0.659  0.124  0.045  0.103  0.069       78
132:     0.697  0.066  0.070  0.119  0.048       59
133:     0.637  0.140  0.103  0.056  0.064       41
134:     0.444  0.117  0.109  0.223  0.106       42
135:     0.533  0.148  0.078  0.166  0.075       30
136:     0.587  0.152  0.044  0.182  0.035       53
137:     0.136  0.355  0.207  0.163  0.139       58
138:     0.196  0.292  0.152  0.237  0.122       84
139:     0.083  0.618  0.067  0.186  0.047       81
140:     0.086  0.807  0.042  0.034  0.032       30
141:     0.142  0.560  0.114  0.134  0.050       37
142:     0.157  0.545  0.071  0.181  0.045       46
143:     0.084  0.326  0.084  0.441  0.066       55
144:     0.175  0.362  0.109  0.291  0.063       52
145:     0.107  0.483  0.106  0.251  0.053       73
146:     0.185  0.282  0.111  0.376  0.046       73
147:     0.133  0.541  0.099  0.165  0.061       53
148:     0.205  0.398  0.100  0.236  0.061       52
149:     0.160  0.498  0.070  0.239  0.033       44
150:     0.207  0.384  0.080  0.232  0.098       80
151:     0.192  0.342  0.119  0.260  0.088       49
152:     0.169  0.234  0.302  0.134  0.161       34
153:     0.250  0.223  0.204  0.223  0.099      100
--------------------------------------------

 Rep#:   Lambda   Alpha      F1    F2    F3    F4    F5     D1,2  D1,3  D1,4  D1,5  D2,3  D2,4  D2,5  D3,4  D3,5  D4,5    Ln Like 
 1000:    1.00    0.216    0.017 0.011 0.010 0.011 0.023    0.022 0.030 0.018 0.045 0.019 0.014 0.041 0.017 0.030 0.036   --  
 2000:    1.00    0.175    0.015 0.011 0.008 0.011 0.017    0.017 0.027 0.015 0.038 0.017 0.014 0.034 0.017 0.024 0.034   --  
 3000:    1.00    0.156    0.013 0.009 0.010 0.011 0.021    0.017 0.025 0.015 0.037 0.015 0.010 0.026 0.017 0.023 0.034   --  
 4000:    1.00    0.137    0.012 0.008 0.010 0.010 0.018    0.016 0.025 0.016 0.034 0.015 0.010 0.025 0.016 0.021 0.031   --  
 5000:    1.00    0.132    0.012 0.009 0.009 0.013 0.019    0.015 0.024 0.016 0.034 0.014 0.011 0.025 0.016 0.022 0.033   --  
 6000:    1.00    0.133    0.013 0.010 0.009 0.012 0.020    0.016 0.025 0.017 0.033 0.015 0.010 0.027 0.017 0.022 0.033   --  
 7000:    1.00    0.133    0.016 0.011 0.009 0.011 0.021    0.015 0.024 0.014 0.035 0.015 0.009 0.026 0.016 0.022 0.033   --  
 8000:    1.00    0.133    0.014 0.012 0.010 0.015 0.019    0.015 0.024 0.016 0.034 0.014 0.010 0.025 0.016 0.022 0.033   --  
 9000:    1.00    0.138    0.015 0.010 0.010 0.014 0.021    0.016 0.025 0.015 0.036 0.015 0.011 0.028 0.018 0.023 0.035   --  

--------------------------------------------
Proportion of membership of each pre-defined
 population in each of the 5 clusters

Given    Inferred Clusters                     Number of
 Pop       1      2      3      4      5      Individuals

  1:     0.219  0.197  0.111  0.263  0.209       45
  2:     0.061  0.044  0.024  0.022  0.850       50
  3:     0.111  0.150  0.157  0.168  0.413       48
  4:     0.182  0.272  0.113  0.140  0.293       50
  5:     0.101  0.430  0.234  0.127  0.107       50
  6:     0.191  0.363  0.135  0.180  0.131       49
  7:     0.138  0.522  0.132  0.146  0.061       43
  8:     0.068  0.703  0.072  0.074  0.083       46
  9:     0.109  0.159  0.111  0.262  0.360       60
 10:     0.208  0.286  0.163  0.189  0.154       38
 11:     0.110  0.655  0.046  0.110  0.079       50
 12:     0.124  0.593  0.077  0.105  0.102       48
 13:     0.212  0.157  0.190  0.211  0.230       50
 14:     0.042  0.063  0.095  0.056  0.744       57
 15:     0.247  0.097  0.122  0.107  0.428       48
 16:     0.030  0.040  0.037  0.022  0.871       48
 17:     0.222  0.159  0.108  0.206  0.304       50
 18:     0.182  0.357  0.233  0.129  0.099       44
 19:     0.227  0.485  0.092  0.084  0.113       50
 20:     0.040  0.682  0.095  0.145  0.038       50
 21:     0.025  0.012  0.014  0.028  0.921       48
 22:     0.260  0.271  0.098  0.100  0.271       50
 23:     0.152  0.600  0.099  0.077  0.071       49
 24:     0.194  0.399  0.117  0.085  0.205       50
 25:     0.136  0.518  0.155  0.103  0.089       50
 26:     0.151  0.391  0.145  0.202  0.111       50
 27:     0.166  0.056  0.166  0.111  0.501       55
 28:     0.074  0.081  0.072  0.078  0.696       50
 29:     0.253  0.259  0.092  0.351  0.045      108
 30:     0.257  0.205  0.119  0.342  0.077      109
 31:     0.128  0.550  0.099  0.132  0.090       49
 32:     0.094  0.476  0.133  0.179  0.118       50
 33:     0.106  0.244  0.192  0.179  0.278       50
 34:     0.101  0.037  0.256  0.078  0.528       50
 35:     0.265  0.206  0.074  0.083  0.372       50
 36:     0.181  0.556  0.103  0.049  0.111       39
 37:     0.120  0.467  0.115  0.128  0.170       47
 38:     0.198  0.491  0.110  0.112  0.088       67
 39:     0.098  0.594  0.071  0.115  0.122       34
 40:     0.044  0.541  0.156  0.160  0.099       58
 41:     0.200  0.347  0.148  0.127  0.178       86
 42:     0.200  0.352  0.144  0.201  0.103       44
 43:     0.071  0.696  0.069  0.092  0.071       44
 44:     0.082  0.105  0.100  0.096  0.618       50
 45:     0.124  0.479  0.155  0.121  0.121       35
 46:     0.216  0.278  0.116  0.190  0.200       50
 47:     0.180  0.492  0.086  0.072  0.170       36
 48:     0.145  0.157  0.114  0.075  0.509       53
 49:     0.050  0.071  0.068  0.042  0.768       57
 50:     0.064  0.100  0.204  0.116  0.517       49
 51:     0.225  0.161  0.126  0.167  0.321       42
 52:     0.061  0.631  0.097  0.109  0.102       50
 53:     0.214  0.241  0.117  0.350  0.078       50
 54:     0.392  0.147  0.063  0.357  0.041       44
 55:     0.224  0.320  0.111  0.267  0.079       50
 56:     0.076  0.049  0.046  0.817  0.012       30
 57:     0.294  0.266  0.096  0.275  0.069       50
 58:     0.287  0.220  0.064  0.360  0.068       50
 59:     0.232  0.172  0.043  0.497  0.055       33
 60:     0.083  0.195  0.112  0.608  0.002        9
 61:     0.350  0.194  0.073  0.299  0.083       50
 62:     0.300  0.196  0.045  0.399  0.060       32
 63:     0.276  0.192  0.085  0.374  0.074       50
 64:     0.116  0.252  0.091  0.531  0.010       50
 65:     0.111  0.048  0.036  0.745  0.060       29
 66:     0.360  0.226  0.042  0.279  0.093       50
 67:     0.196  0.239  0.145  0.338  0.083       31
 68:     0.286  0.160  0.113  0.372  0.069       27
 69:     0.358  0.212  0.064  0.274  0.092       20
 70:     0.270  0.205  0.090  0.393  0.042       50
 71:     0.135  0.549  0.114  0.093  0.109       50
 72:     0.199  0.123  0.083  0.521  0.075       37
 73:     0.059  0.101  0.104  0.083  0.652       81
 74:     0.131  0.041  0.593  0.089  0.145       50
 75:     0.239  0.235  0.282  0.116  0.128       50
 76:     0.175  0.116  0.455  0.113  0.142       89
 77:     0.134  0.118  0.483  0.179  0.087      100
 78:     0.063  0.054  0.153  0.032  0.698       94
 79:     0.079  0.295  0.312  0.146  0.168      100
 80:     0.077  0.027  0.667  0.090  0.139       50
 81:     0.135  0.205  0.463  0.103  0.094      100
 82:     0.224  0.177  0.299  0.171  0.128       98
 83:     0.081  0.045  0.625  0.113  0.137       50
 84:     0.030  0.047  0.040  0.030  0.854       99
 85:     0.215  0.199  0.296  0.186  0.104       99
 86:     0.092  0.120  0.587  0.078  0.122      100
 87:     0.083  0.110  0.653  0.095  0.059      100
 88:     0.088  0.086  0.623  0.091  0.111      100
 89:     0.161  0.200  0.362  0.125  0.151       99
 90:     0.107  0.132  0.419  0.162  0.179       48
 91:     0.085  0.109  0.101  0.069  0.636       28
 92:     0.096  0.066  0.573  0.116  0.149       50
 93:     0.051  0.055  0.622  0.085  0.186      100
 94:     0.067  0.118  0.578  0.097  0.140       50
 95:     0.067  0.070  0.078  0.112  0.673       41
 96:     0.110  0.190  0.481  0.099  0.119       81
 97:     0.056  0.154  0.519  0.130  0.141       50
 98:     0.111  0.179  0.494  0.152  0.063      100
 99:     0.205  0.184  0.332  0.158  0.122       89
100:     0.065  0.176  0.303  0.323  0.134       98
101:     0.092  0.162  0.341  0.176  0.229      100
102:     0.031  0.012  0.049  0.889  0.020       95
103:     0.206  0.269  0.248  0.196  0.081       50
104:     0.066  0.058  0.630  0.115  0.130       70
105:     0.066  0.068  0.071  0.070  0.724      100
106:     0.111  0.114  0.569  0.076  0.130       50
107:     0.079  0.105  0.594  0.126  0.097      100
108:     0.050  0.249  0.450  0.079  0.173       50
109:     0.164  0.173  0.355  0.174  0.133      100
110:     0.045  0.033  0.089  0.111  0.723       41
111:     0.095  0.064  0.153  0.064  0.623      100
112:     0.092  0.209  0.431  0.083  0.186       50
113:     0.050  0.093  0.577  0.113  0.165       97
114:     0.086  0.077  0.107  0.156  0.574      100
115:     0.114  0.093  0.532  0.090  0.170       49
116:     0.101  0.099  0.510  0.126  0.165      100
117:     0.075  0.186  0.396  0.130  0.213       50
118:     0.132  0.110  0.552  0.099  0.106      100
119:     0.126  0.198  0.317  0.191  0.168       90
120:     0.298  0.225  0.124  0.202  0.151       70
121:     0.085  0.428  0.122  0.285  0.080       82
122:     0.151  0.098  0.094  0.578  0.079       66
123:     0.182  0.508  0.076  0.138  0.096       28
124:     0.824  0.056  0.031  0.048  0.041       44
125:     0.807  0.057  0.021  0.053  0.062       60
126:     0.787  0.051  0.027  0.083  0.052       83
127:     0.774  0.045  0.056  0.057  0.067       49
128:     0.837  0.062  0.029  0.045  0.027       84
129:     0.596  0.087  0.081  0.182  0.055       53
130:     0.743  0.092  0.050  0.093  0.022       58
131:     0.627  0.084  0.089  0.154  0.046       78
132:     0.770  0.081  0.065  0.060  0.025       59
133:     0.654  0.114  0.046  0.126  0.060       41
134:     0.493  0.081  0.095  0.293  0.037       42
135:     0.507  0.130  0.083  0.248  0.031       30
136:     0.603  0.089  0.052  0.219  0.037       53
137:     0.115  0.443  0.228  0.122  0.093       58
138:     0.173  0.238  0.163  0.339  0.087       84
139:     0.118  0.232  0.038  0.551  0.061       81
140:     0.052  0.786  0.063  0.058  0.040       30
141:     0.134  0.443  0.120  0.273  0.030       37
142:     0.136  0.336  0.102  0.407  0.018       46
143:     0.105  0.050  0.090  0.702  0.053       55
144:     0.132  0.129  0.082  0.636  0.021       52
145:     0.067  0.213  0.059  0.620  0.041       73
146:     0.194  0.245  0.078  0.448  0.036       73
147:     0.124  0.226  0.063  0.544  0.044       53
148:     0.201  0.235  0.103  0.434  0.026       52
149:     0.141  0.343  0.104  0.383  0.029       44
150:     0.150  0.183  0.106  0.512  0.048       80
151:     0.189  0.251  0.063  0.447  0.050       49
152:     0.147  0.406  0.230  0.106  0.111       34
153:     0.362  0.154  0.209  0.195  0.080      100
--------------------------------------------

 Rep#:   Lambda   Alpha      F1    F2    F3    F4    F5     D1,2  D1,3  D1,4  D1,5  D2,3  D2,4  D2,5  D3,4  D3,5  D4,5    Ln Like 
10000:    1.00    0.132    0.014 0.011 0.008 0.015 0.020    0.016 0.024 0.015 0.034 0.014 0.011 0.027 0.016 0.022 0.032   --  
11000:    1.00    0.135    0.012 0.012 0.010 0.017 0.018    0.014 0.024 0.016 0.034 0.014 0.009 0.025 0.016 0.021 0.032   --  
12000:    1.00    0.141    0.015 0.011 0.010 0.013 0.019    0.016 0.026 0.016 0.034 0.015 0.010 0.026 0.016 0.023 0.033   --  
13000:    1.00    0.130    0.013 0.014 0.008 0.013 0.018    0.017 0.023 0.016 0.033 0.014 0.010 0.025 0.015 0.020 0.030   --  
14000:    1.00    0.134    0.016 0.012 0.010 0.013 0.017    0.017 0.024 0.017 0.033 0.014 0.011 0.025 0.017 0.021 0.033   --  
15000:    1.00    0.132    0.013 0.012 0.010 0.014 0.017    0.016 0.026 0.015 0.035 0.014 0.010 0.025 0.017 0.021 0.033   --  
16000:    1.00    0.133    0.014 0.013 0.010 0.015 0.018    0.015 0.024 0.015 0.034 0.014 0.010 0.025 0.016 0.021 0.031   --  
17000:    1.00    0.139    0.017 0.012 0.010 0.018 0.017    0.018 0.024 0.017 0.033 0.015 0.012 0.024 0.018 0.021 0.033   --  
18000:    1.00    0.146    0.015 0.014 0.011 0.017 0.017    0.017 0.026 0.015 0.034 0.016 0.011 0.028 0.018 0.022 0.033   --  
19000:    1.00    0.148    0.013 0.014 0.012 0.015 0.018    0.016 0.025 0.016 0.033 0.016 0.012 0.026 0.020 0.020 0.035   --  

--------------------------------------------
Proportion of membership of each pre-defined
 population in each of the 5 clusters

Given    Inferred Clusters                     Number of
 Pop       1      2      3      4      5      Individuals

  1:     0.177  0.191  0.130  0.270  0.232       45
  2:     0.022  0.017  0.031  0.027  0.903       50
  3:     0.129  0.179  0.102  0.209  0.381       48
  4:     0.221  0.284  0.117  0.144  0.234       50
  5:     0.138  0.520  0.113  0.152  0.077       50
  6:     0.176  0.442  0.146  0.077  0.160       49
  7:     0.139  0.546  0.161  0.088  0.066       43
  8:     0.069  0.637  0.068  0.164  0.062       46
  9:     0.232  0.176  0.100  0.242  0.250       60
 10:     0.111  0.331  0.166  0.225  0.168       38
 11:     0.079  0.677  0.084  0.075  0.085       50
 12:     0.083  0.521  0.074  0.184  0.138       48
 13:     0.210  0.281  0.159  0.106  0.244       50
 14:     0.133  0.097  0.097  0.062  0.611       57
 15:     0.165  0.100  0.116  0.211  0.408       48
 16:     0.028  0.055  0.040  0.030  0.847       48
 17:     0.233  0.191  0.094  0.178  0.304       50
 18:     0.172  0.389  0.179  0.163  0.097       44
 19:     0.237  0.381  0.133  0.103  0.147       50
 20:     0.074  0.722  0.066  0.110  0.028       50
 21:     0.027  0.033  0.034  0.038  0.868       48
 22:     0.269  0.267  0.132  0.081  0.252       50
 23:     0.149  0.487  0.148  0.159  0.057       49
 24:     0.184  0.445  0.092  0.088  0.191       50
 25:     0.097  0.482  0.109  0.173  0.139       50
 26:     0.161  0.397  0.138  0.166  0.139       50
 27:     0.085  0.096  0.157  0.077  0.586       55
 28:     0.112  0.121  0.090  0.071  0.606       50
 29:     0.252  0.273  0.080  0.324  0.070      108
 30:     0.234  0.272  0.098  0.279  0.117      109
 31:     0.134  0.537  0.134  0.123  0.070       49
 32:     0.119  0.445  0.122  0.167  0.147       50
 33:     0.098  0.175  0.247  0.240  0.239       50
 34:     0.097  0.101  0.184  0.060  0.558       50
 35:     0.265  0.144  0.057  0.133  0.400       50
 36:     0.244  0.601  0.065  0.029  0.062       39
 37:     0.139  0.386  0.147  0.151  0.176       47
 38:     0.161  0.512  0.108  0.135  0.084       67
 39:     0.172  0.469  0.049  0.165  0.145       34
 40:     0.040  0.604  0.108  0.125  0.123       58
 41:     0.148  0.354  0.143  0.149  0.206       86
 42:     0.137  0.459  0.187  0.133  0.084       44
 43:     0.087  0.689  0.086  0.105  0.034       44
 44:     0.046  0.133  0.165  0.102  0.554       50
 45:     0.165  0.494  0.098  0.175  0.069       35
 46:     0.158  0.286  0.100  0.141  0.316       50
 47:     0.158  0.388  0.114  0.160  0.180       36
 48:     0.149  0.174  0.127  0.075  0.475       53
 49:     0.062  0.070  0.067  0.046  0.755       57
 50:     0.122  0.111  0.162  0.073  0.533       49
 51:     0.226  0.250  0.134  0.219  0.171       42
 52:     0.076  0.573  0.126  0.107  0.119       50
 53:     0.228  0.202  0.071  0.456  0.043       50
 54:     0.320  0.141  0.042  0.426  0.071       44
 55:     0.245  0.361  0.089  0.224  0.081       50
 56:     0.109  0.065  0.058  0.711  0.057       30
 57:     0.288  0.295  0.154  0.184  0.079       50
 58:     0.265  0.215  0.106  0.337  0.077       50
 59:     0.208  0.253  0.052  0.440  0.046       33
 60:     0.083  0.209  0.038  0.657  0.012        9
 61:     0.306  0.179  0.070  0.358  0.088       50
 62:     0.351  0.240  0.025  0.291  0.093       32
 63:     0.245  0.204  0.081  0.398  0.071       50
 64:     0.102  0.232  0.132  0.501  0.032       50
 65:     0.170  0.081  0.026  0.648  0.075       29
 66:     0.265  0.247  0.103  0.278  0.106       50
 67:     0.138  0.286  0.094  0.463  0.018       31
 68:     0.231  0.304  0.098  0.317  0.050       27
 69:     0.194  0.243  0.085  0.405  0.072       20
 70:     0.305  0.249  0.104  0.284  0.059       50
 71:     0.152  0.500  0.090  0.126  0.132       50
 72:     0.212  0.180  0.075  0.483  0.050       37
 73:     0.099  0.075  0.107  0.058  0.661       81
 74:     0.090  0.049  0.661  0.075  0.124       50
 75:     0.258  0.218  0.252  0.207  0.065       50
 76:     0.132  0.161  0.490  0.070  0.146       89
 77:     0.153  0.110  0.428  0.214  0.095      100
 78:     0.057  0.058  0.137  0.039  0.709       94
 79:     0.103  0.289  0.288  0.109  0.212      100
 80:     0.103  0.053  0.574  0.095  0.176       50
 81:     0.182  0.240  0.366  0.094  0.118      100
 82:     0.208  0.197  0.257  0.237  0.101       98
 83:     0.045  0.064  0.799  0.058  0.034       50
 84:     0.026  0.058  0.073  0.032  0.812       99
 85:     0.183  0.204  0.252  0.265  0.097       99
 86:     0.081  0.161  0.555  0.077  0.126      100
 87:     0.063  0.114  0.644  0.097  0.081      100
 88:     0.096  0.085  0.628  0.074  0.118      100
 89:     0.136  0.199  0.360  0.185  0.120       99
 90:     0.123  0.086  0.535  0.101  0.156       48
 91:     0.079  0.110  0.100  0.034  0.677       28
 92:     0.105  0.073  0.518  0.162  0.142       50
 93:     0.088  0.074  0.604  0.079  0.155      100
 94:     0.131  0.119  0.566  0.091  0.094       50
 95:     0.082  0.108  0.038  0.139  0.633       41
 96:     0.114  0.164  0.490  0.150  0.081       81
 97:     0.062  0.075  0.577  0.132  0.154       50
 98:     0.119  0.174  0.402  0.216  0.088      100
 99:     0.202  0.162  0.373  0.175  0.088       89
100:     0.073  0.195  0.305  0.289  0.138       98
101:     0.128  0.124  0.336  0.177  0.235      100
102:     0.031  0.033  0.037  0.860  0.039       95
103:     0.192  0.295  0.278  0.150  0.086       50
104:     0.094  0.087  0.610  0.063  0.146       70
105:     0.068  0.064  0.096  0.081  0.692      100
106:     0.098  0.103  0.630  0.058  0.111       50
107:     0.073  0.164  0.585  0.097  0.080      100
108:     0.051  0.156  0.664  0.059  0.069       50
109:     0.184  0.205  0.342  0.153  0.117      100
110:     0.084  0.069  0.055  0.069  0.722       41
111:     0.092  0.066  0.122  0.086  0.635      100
112:     0.101  0.144  0.505  0.119  0.132       50
113:     0.038  0.118  0.580  0.117  0.147       97
114:     0.109  0.085  0.109  0.127  0.570      100
115:     0.110  0.064  0.521  0.118  0.188       49
116:     0.078  0.094  0.529  0.106  0.193      100
117:     0.140  0.115  0.347  0.159  0.239       50
118:     0.086  0.150  0.555  0.082  0.127      100
119:     0.188  0.181  0.310  0.195  0.126       90
120:     0.232  0.237  0.135  0.234  0.162       70
121:     0.092  0.440  0.102  0.313  0.052       82
122:     0.141  0.100  0.056  0.614  0.089       66
123:     0.057  0.568  0.104  0.140  0.131       28
124:     0.746  0.126  0.021  0.055  0.053       44
125:     0.810  0.031  0.061  0.040  0.059       60
126:     0.789  0.049  0.043  0.078  0.041       83
127:     0.766  0.046  0.026  0.106  0.056       49
128:     0.825  0.040  0.044  0.043  0.048       84
129:     0.633  0.083  0.111  0.095  0.079       53
130:     0.708  0.101  0.074  0.054  0.063       58
131:     0.670  0.090  0.063  0.129  0.048       78
132:     0.656  0.137  0.066  0.090  0.051       59
133:     0.659  0.075  0.055  0.146  0.065       41
134:     0.536  0.082  0.088  0.250  0.045       42
135:     0.409  0.178  0.113  0.267  0.034       30
136:     0.535  0.126  0.076  0.227  0.036       53
137:     0.090  0.413  0.221  0.151  0.125       58
138:     0.162  0.361  0.188  0.213  0.076       84
139:     0.068  0.172  0.075  0.612  0.073       81
140:     0.041  0.860  0.028  0.051  0.020       30
141:     0.119  0.410  0.164  0.300  0.007       37
142:     0.148  0.305  0.070  0.430  0.047       46
143:     0.089  0.119  0.099  0.631  0.062       55
144:     0.158  0.172  0.068  0.562  0.041       52
145:     0.129  0.239  0.063  0.520  0.048       73
146:     0.162  0.278  0.105  0.410  0.046       73
147:     0.124  0.237  0.107  0.483  0.048       53
148:     0.224  0.211  0.118  0.428  0.018       52
149:     0.137  0.330  0.086  0.421  0.025       44
150:     0.168  0.203  0.080  0.482  0.068       80
151:     0.215  0.261  0.124  0.339  0.061       49
152:     0.129  0.391  0.237  0.121  0.122       34
153:     0.384  0.209  0.190  0.118  0.099      100
--------------------------------------------

 Rep#:   Lambda   Alpha      F1    F2    F3    F4    F5     D1,2  D1,3  D1,4  D1,5  D2,3  D2,4  D2,5  D3,4  D3,5  D4,5    Ln Like 
20000:    1.00    0.146    0.017 0.014 0.012 0.014 0.019    0.015 0.027 0.018 0.036 0.016 0.011 0.027 0.019 0.025 0.036   --  
21000:    1.00    0.141    0.015 0.015 0.012 0.017 0.021    0.016 0.026 0.017 0.034 0.016 0.012 0.027 0.017 0.021 0.034   --  
22000:    1.00    0.140    0.015 0.013 0.015 0.014 0.020    0.016 0.024 0.015 0.034 0.015 0.011 0.025 0.018 0.023 0.033   --  
23000:    1.00    0.139    0.016 0.012 0.010 0.016 0.020    0.018 0.026 0.017 0.035 0.015 0.011 0.027 0.018 0.022 0.037   --  
24000:    1.00    0.126    0.015 0.014 0.009 0.018 0.020    0.015 0.025 0.016 0.033 0.014 0.011 0.024 0.016 0.021 0.033   --  
25000:    1.00    0.126    0.016 0.013 0.012 0.014 0.018    0.015 0.023 0.014 0.033 0.014 0.009 0.026 0.016 0.022 0.031   --  
26000:    1.00    0.135    0.014 0.015 0.010 0.015 0.020    0.016 0.024 0.017 0.033 0.014 0.012 0.025 0.016 0.021 0.033   --  
27000:    1.00    0.145    0.016 0.013 0.010 0.016 0.022    0.016 0.025 0.017 0.035 0.016 0.011 0.026 0.017 0.022 0.034   --  
28000:    1.00    0.139    0.018 0.014 0.011 0.017 0.021    0.016 0.025 0.016 0.036 0.015 0.011 0.026 0.016 0.023 0.034   --  
29000:    1.00    0.137    0.014 0.016 0.012 0.016 0.020    0.014 0.025 0.015 0.032 0.015 0.010 0.025 0.018 0.021 0.033   --  

--------------------------------------------
Proportion of membership of each pre-defined
 population in each of the 5 clusters

Given    Inferred Clusters                     Number of
 Pop       1      2      3      4      5      Individuals

  1:     0.161  0.318  0.092  0.233  0.196       45
  2:     0.034  0.017  0.031  0.024  0.894       50
  3:     0.208  0.196  0.145  0.086  0.366       48
  4:     0.256  0.231  0.106  0.180  0.227       50
  5:     0.100  0.471  0.124  0.205  0.100       50
  6:     0.166  0.414  0.106  0.169  0.146       49
  7:     0.222  0.447  0.126  0.120  0.085       43
  8:     0.082  0.618  0.050  0.201  0.049       46
  9:     0.155  0.155  0.157  0.246  0.287       60
 10:     0.140  0.348  0.209  0.188  0.115       38
 11:     0.063  0.724  0.050  0.102  0.062       50
 12:     0.179  0.569  0.075  0.085  0.092       48
 13:     0.205  0.237  0.109  0.206  0.242       50
 14:     0.084  0.090  0.058  0.091  0.676       57
 15:     0.151  0.108  0.090  0.244  0.407       48
 16:     0.035  0.049  0.049  0.034  0.833       48
 17:     0.276  0.124  0.158  0.126  0.316       50
 18:     0.106  0.460  0.177  0.141  0.116       44
 19:     0.178  0.446  0.132  0.109  0.134       50
 20:     0.076  0.649  0.050  0.174  0.052       50
 21:     0.030  0.027  0.025  0.030  0.888       48
 22:     0.189  0.293  0.143  0.131  0.243       50
 23:     0.124  0.497  0.158  0.170  0.051       49
 24:     0.229  0.430  0.078  0.063  0.200       50
 25:     0.095  0.459  0.189  0.163  0.094       50
 26:     0.146  0.353  0.133  0.185  0.183       50
 27:     0.139  0.066  0.117  0.090  0.588       55
 28:     0.054  0.101  0.052  0.122  0.672       50
 29:     0.253  0.305  0.086  0.309  0.047      108
 30:     0.263  0.228  0.089  0.327  0.092      109
 31:     0.119  0.596  0.108  0.108  0.070       49
 32:     0.204  0.406  0.099  0.132  0.159       50
 33:     0.122  0.172  0.182  0.199  0.325       50
 34:     0.150  0.051  0.235  0.052  0.512       50
 35:     0.201  0.164  0.073  0.197  0.364       50
 36:     0.200  0.660  0.043  0.027  0.070       39
 37:     0.100  0.340  0.200  0.161  0.199       47
 38:     0.214  0.492  0.078  0.136  0.081       67
 39:     0.084  0.664  0.059  0.069  0.124       34
 40:     0.075  0.550  0.147  0.154  0.074       58
 41:     0.215  0.411  0.123  0.089  0.162       86
 42:     0.180  0.428  0.103  0.214  0.075       44
 43:     0.096  0.647  0.109  0.124  0.024       44
 44:     0.082  0.165  0.146  0.055  0.552       50
 45:     0.159  0.487  0.108  0.155  0.092       35
 46:     0.198  0.288  0.096  0.131  0.287       50
 47:     0.151  0.498  0.150  0.078  0.123       36
 48:     0.106  0.191  0.081  0.041  0.581       53
 49:     0.071  0.053  0.052  0.037  0.787       57
 50:     0.106  0.150  0.065  0.084  0.596       49
 51:     0.273  0.140  0.131  0.212  0.244       42
 52:     0.066  0.553  0.119  0.167  0.096       50
 53:     0.203  0.275  0.105  0.389  0.028       50
 54:     0.370  0.170  0.038  0.358  0.064       44
 55:     0.239  0.336  0.093  0.261  0.071       50
 56:     0.066  0.034  0.065  0.811  0.023       30
 57:     0.262  0.308  0.081  0.278  0.072       50
 58:     0.245  0.213  0.064  0.425  0.053       50
 59:     0.239  0.255  0.063  0.346  0.096       33
 60:     0.128  0.285  0.104  0.395  0.088        9
 61:     0.291  0.253  0.066  0.348  0.043       50
 62:     0.410  0.184  0.046  0.299  0.061       32
 63:     0.309  0.162  0.076  0.394  0.059       50
 64:     0.147  0.260  0.109  0.463  0.022       50
 65:     0.180  0.059  0.045  0.597  0.119       29
 66:     0.314  0.201  0.050  0.370  0.066       50
 67:     0.136  0.276  0.113  0.458  0.017       31
 68:     0.361  0.167  0.062  0.336  0.073       27
 69:     0.369  0.229  0.117  0.203  0.083       20
 70:     0.263  0.265  0.060  0.322  0.090       50
 71:     0.138  0.527  0.127  0.092  0.116       50
 72:     0.164  0.159  0.114  0.482  0.082       37
 73:     0.108  0.114  0.088  0.066  0.623       81
 74:     0.102  0.071  0.612  0.080  0.135       50
 75:     0.194  0.259  0.242  0.204  0.101       50
 76:     0.128  0.167  0.500  0.092  0.112       89
 77:     0.138  0.081  0.493  0.188  0.099      100
 78:     0.066  0.054  0.131  0.074  0.676       94
 79:     0.125  0.258  0.291  0.133  0.193      100
 80:     0.079  0.056  0.707  0.043  0.114       50
 81:     0.147  0.137  0.514  0.101  0.101      100
 82:     0.173  0.176  0.331  0.222  0.098       98
 83:     0.085  0.053  0.754  0.047  0.061       50
 84:     0.034  0.040  0.060  0.043  0.823       99
 85:     0.189  0.156  0.307  0.234  0.113       99
 86:     0.098  0.129  0.577  0.079  0.117      100
 87:     0.086  0.122  0.609  0.102  0.081      100
 88:     0.119  0.087  0.566  0.106  0.122      100
 89:     0.136  0.170  0.372  0.182  0.140       99
 90:     0.085  0.094  0.585  0.072  0.164       48
 91:     0.061  0.123  0.042  0.065  0.709       28
 92:     0.099  0.059  0.539  0.137  0.165       50
 93:     0.063  0.095  0.564  0.090  0.188      100
 94:     0.056  0.100  0.627  0.121  0.096       50
 95:     0.129  0.086  0.066  0.119  0.600       41
 96:     0.152  0.153  0.459  0.130  0.107       81
 97:     0.095  0.077  0.597  0.124  0.107       50
 98:     0.123  0.178  0.451  0.170  0.078      100
 99:     0.190  0.204  0.307  0.151  0.148       89
100:     0.069  0.207  0.304  0.310  0.110       98
101:     0.114  0.123  0.334  0.170  0.259      100
102:     0.016  0.012  0.051  0.887  0.034       95
103:     0.099  0.350  0.320  0.121  0.111       50
104:     0.074  0.077  0.618  0.095  0.137       70
105:     0.066  0.062  0.078  0.081  0.713      100
106:     0.173  0.134  0.519  0.083  0.091       50
107:     0.085  0.106  0.635  0.071  0.105      100
108:     0.073  0.230  0.502  0.097  0.099       50
109:     0.203  0.194  0.324  0.157  0.122      100
110:     0.069  0.097  0.135  0.067  0.632       41
111:     0.111  0.047  0.130  0.091  0.621      100
112:     0.079  0.155  0.462  0.169  0.135       50
113:     0.049  0.104  0.615  0.101  0.132       97
114:     0.109  0.087  0.091  0.111  0.601      100
115:     0.085  0.074  0.507  0.120  0.214       49
116:     0.108  0.127  0.476  0.120  0.167      100
117:     0.148  0.117  0.431  0.126  0.177       50
118:     0.126  0.173  0.499  0.086  0.116      100
119:     0.204  0.129  0.318  0.182  0.167       90
120:     0.225  0.249  0.152  0.246  0.128       70
121:     0.096  0.436  0.102  0.310  0.056       82
122:     0.084  0.092  0.092  0.650  0.082       66
123:     0.129  0.537  0.148  0.103  0.083       28
124:     0.775  0.069  0.040  0.039  0.076       44
125:     0.796  0.077  0.032  0.032  0.063       60
126:     0.801  0.041  0.035  0.085  0.038       83
127:     0.831  0.033  0.043  0.046  0.047       49
128:     0.795  0.054  0.037  0.070  0.045       84
129:     0.651  0.068  0.075  0.147  0.059       53
130:     0.728  0.132  0.042  0.062  0.037       58
131:     0.710  0.110  0.032  0.105  0.042       78
132:     0.750  0.088  0.067  0.067  0.028       59
133:     0.708  0.066  0.038  0.141  0.046       41
134:     0.604  0.079  0.098  0.151  0.069       42
135:     0.425  0.231  0.044  0.249  0.051       30
136:     0.582  0.079  0.106  0.208  0.024       53
137:     0.129  0.439  0.187  0.159  0.086       58
138:     0.196  0.328  0.093  0.295  0.087       84
139:     0.117  0.193  0.043  0.587  0.060       81
140:     0.049  0.788  0.063  0.056  0.044       30
141:     0.113  0.475  0.043  0.321  0.047       37
142:     0.125  0.311  0.053  0.459  0.052       46
143:     0.084  0.131  0.103  0.619  0.062       55
144:     0.162  0.258  0.078  0.477  0.025       52
145:     0.101  0.276  0.096  0.504  0.024       73
146:     0.187  0.263  0.099  0.399  0.052       73
147:     0.099  0.301  0.105  0.451  0.044       53
148:     0.186  0.219  0.074  0.452  0.069       52
149:     0.147  0.394  0.088  0.342  0.029       44
150:     0.148  0.236  0.059  0.488  0.070       80
151:     0.137  0.232  0.112  0.466  0.054       49
152:     0.146  0.403  0.168  0.075  0.209       34
153:     0.322  0.209  0.206  0.190  0.072      100
--------------------------------------------

 Rep#:   Lambda   Alpha      F1    F2    F3    F4    F5     D1,2  D1,3  D1,4  D1,5  D2,3  D2,4  D2,5  D3,4  D3,5  D4,5    Ln Like 
30000:    1.00    0.135    0.018 0.013 0.011 0.017 0.018    0.015 0.023 0.015 0.033 0.014 0.011 0.026 0.016 0.020 0.032   --  
31000:    1.00    0.145    0.015 0.017 0.011 0.015 0.021    0.017 0.025 0.015 0.036 0.017 0.012 0.027 0.017 0.023 0.033   --  
32000:    1.00    0.139    0.016 0.016 0.012 0.014 0.021    0.017 0.025 0.016 0.035 0.017 0.010 0.026 0.018 0.022 0.034   --  
33000:    1.00    0.135    0.017 0.013 0.011 0.018 0.022    0.015 0.025 0.015 0.035 0.015 0.010 0.027 0.017 0.022 0.034   --  
34000:    1.00    0.132    0.016 0.013 0.010 0.019 0.017    0.016 0.025 0.016 0.036 0.014 0.010 0.025 0.018 0.022 0.035   --  
35000:    1.00    0.134    0.015 0.012 0.010 0.017 0.020    0.017 0.025 0.016 0.035 0.014 0.010 0.025 0.018 0.021 0.034   --  
36000:    1.00    0.146    0.015 0.012 0.011 0.014 0.019    0.018 0.027 0.018 0.035 0.017 0.012 0.026 0.018 0.020 0.034   --  
