This is a job step 4


----------------------------------------------------
STRUCTURE by Pritchard, Stephens and Donnelly (2000)
     and Falush, Stephens and Pritchard (2003)
       Code by Pritchard, Falush and Hubisz
             Version 2.3.4 (Jul 2012)
----------------------------------------------------


Reading file "/global/home/hpc3579/Salmon-Project/STRUCTURE/mainparamsfiles/mainparamsbigfile".
datafile is
/global/home/hpc3579/Salmon-Project/FileConversions/bigfilestruc.str
Reading file "/global/home/hpc3579/Salmon-Project/STRUCTURE/extraparams_bigfile".
Note: RANDOMIZE is set to 1. The random number generator will be initialized using the system clock, ignoring any specified value of SEED.
Reading file "/global/home/hpc3579/Salmon-Project/FileConversions/bigfilestruc.str".


Data file "/global/home/hpc3579/Salmon-Project/FileConversions/bigfilestruc.str" (truncated) --

Ind:   Label Pop : Genotype_data . . . .
  1: QC-ANG-01    1  :110 167 287 296 254 146 173  . . . . 291
  1: QC-ANG-01    1  :110 179 295 312 358 210 175  . . . . 315
  2: QC-ANG-11    1  :130 171 291 312 322 210 193  . . . . 283
  2: QC-ANG-11    1  :130 175 303 336 338 242 199  . . . . 303
  3: QC-ANG-12    1  :106 175 279 312 278 198 171  . . . . 315
  3: QC-ANG-12    1  :130 191 307 372 342 210 201  . . . . 319
  4: QC-ANG-13    1  :128 159 291 320 314 214 159  . . . . 287
  4: QC-ANG-13    1  :128 167 295 344 326 254 201  . . . . 315

      *******   

9141: US-NA11574  153  :122 203 283 312 254 198 173  . . . . 303
9141: US-NA11574  153  :128 203 303 340 290 206 173  . . . . 307
9142: US-NA11575  153  :122 167 283 300 254 214 173  . . . . 295
9142: US-NA11575  153  :128 167 303 336 290 298 173  . . . . 339

Number of alleles per locus: min=15; ave=39.8; max=91


--------------------------------------

Finished initialization; starting MCMC 
1000000 iterations + 100000 burnin


--------------------------------------------
Proportion of membership of each pre-defined
 population in each of the 4 clusters

Given    Inferred Clusters              Number of
 Pop       1      2      3      4      Individuals

  1:     0.319  0.148  0.288  0.246       45
  2:     0.067  0.035  0.838  0.059       50
  3:     0.149  0.173  0.396  0.282       48
  4:     0.232  0.124  0.282  0.361       50
  5:     0.544  0.151  0.113  0.191       50
  6:     0.420  0.109  0.252  0.219       49
  7:     0.412  0.133  0.163  0.291       43
  8:     0.725  0.091  0.099  0.086       46
  9:     0.252  0.311  0.285  0.151       60
 10:     0.338  0.236  0.187  0.240       38
 11:     0.646  0.073  0.158  0.123       50
 12:     0.552  0.136  0.133  0.179       48
 13:     0.283  0.213  0.248  0.256       50
 14:     0.085  0.119  0.666  0.129       57
 15:     0.161  0.089  0.465  0.286       48
 16:     0.062  0.038  0.874  0.026       48
 17:     0.177  0.130  0.411  0.282       50
 18:     0.436  0.185  0.155  0.223       44
 19:     0.289  0.169  0.145  0.397       50
 20:     0.741  0.084  0.079  0.096       50
 21:     0.033  0.043  0.858  0.065       48
 22:     0.195  0.110  0.354  0.341       50
 23:     0.452  0.187  0.137  0.224       49
 24:     0.388  0.078  0.313  0.221       50
 25:     0.532  0.166  0.114  0.188       50
 26:     0.411  0.143  0.203  0.242       50
 27:     0.057  0.104  0.664  0.175       55
 28:     0.171  0.063  0.681  0.085       50
 29:     0.355  0.087  0.111  0.447      108
 30:     0.397  0.106  0.108  0.390      109
 31:     0.470  0.176  0.110  0.244       49
 32:     0.450  0.112  0.152  0.287       50
 33:     0.224  0.379  0.248  0.149       50
 34:     0.097  0.207  0.567  0.129       50
 35:     0.201  0.091  0.445  0.263       50
 36:     0.466  0.112  0.117  0.305       39
 37:     0.335  0.205  0.172  0.288       47
 38:     0.440  0.148  0.195  0.217       67
 39:     0.395  0.095  0.222  0.289       34
 40:     0.548  0.162  0.130  0.159       58
 41:     0.308  0.169  0.208  0.315       86
 42:     0.432  0.192  0.097  0.279       44
 43:     0.680  0.152  0.074  0.095       44
 44:     0.109  0.105  0.653  0.133       50
 45:     0.478  0.175  0.156  0.192       35
 46:     0.260  0.145  0.320  0.275       50
 47:     0.292  0.185  0.274  0.249       36
 48:     0.104  0.143  0.576  0.176       53
 49:     0.096  0.089  0.757  0.058       57
 50:     0.163  0.150  0.541  0.147       49
 51:     0.173  0.170  0.252  0.405       42
 52:     0.589  0.108  0.162  0.141       50
 53:     0.538  0.096  0.064  0.302       50
 54:     0.343  0.123  0.078  0.456       44
 55:     0.385  0.097  0.110  0.409       50
 56:     0.280  0.084  0.100  0.536       30
 57:     0.368  0.126  0.122  0.384       50
 58:     0.396  0.099  0.091  0.414       50
 59:     0.454  0.093  0.080  0.373       33
 60:     0.337  0.162  0.193  0.308        9
 61:     0.295  0.116  0.097  0.493       50
 62:     0.342  0.070  0.100  0.488       32
 63:     0.376  0.065  0.121  0.437       50
 64:     0.550  0.143  0.036  0.272       50
 65:     0.353  0.043  0.062  0.543       29
 66:     0.311  0.110  0.135  0.444       50
 67:     0.524  0.092  0.114  0.270       31
 68:     0.431  0.076  0.092  0.401       27
 69:     0.327  0.125  0.106  0.441       20
 70:     0.339  0.120  0.095  0.446       50
 71:     0.362  0.127  0.183  0.327       50
 72:     0.317  0.104  0.125  0.454       37
 73:     0.078  0.115  0.702  0.105       81
 74:     0.111  0.598  0.153  0.138       50
 75:     0.282  0.337  0.135  0.247       50
 76:     0.170  0.499  0.206  0.124       89
 77:     0.138  0.539  0.130  0.194      100
 78:     0.064  0.182  0.696  0.058       94
 79:     0.277  0.338  0.259  0.125      100
 80:     0.089  0.629  0.205  0.076       50
 81:     0.153  0.441  0.159  0.247      100
 82:     0.268  0.359  0.132  0.242       98
 83:     0.128  0.700  0.091  0.081       50
 84:     0.039  0.069  0.855  0.037       99
 85:     0.245  0.356  0.205  0.195       99
 86:     0.118  0.603  0.165  0.114      100
 87:     0.133  0.665  0.107  0.095      100
 88:     0.136  0.547  0.193  0.124      100
 89:     0.210  0.408  0.188  0.194       99
 90:     0.064  0.561  0.211  0.163       48
 91:     0.123  0.061  0.700  0.116       28
 92:     0.088  0.653  0.165  0.095       50
 93:     0.096  0.595  0.204  0.106      100
 94:     0.169  0.551  0.143  0.137       50
 95:     0.108  0.086  0.658  0.148       41
 96:     0.183  0.540  0.149  0.128       81
 97:     0.180  0.538  0.187  0.095       50
 98:     0.324  0.425  0.088  0.163      100
 99:     0.287  0.338  0.158  0.217       89
100:     0.312  0.398  0.147  0.144       98
101:     0.212  0.407  0.258  0.123      100
102:     0.047  0.840  0.029  0.084       95
103:     0.444  0.248  0.107  0.201       50
104:     0.141  0.599  0.138  0.122       70
105:     0.065  0.164  0.673  0.097      100
106:     0.187  0.522  0.127  0.164       50
107:     0.158  0.618  0.136  0.088      100
108:     0.355  0.328  0.206  0.111       50
109:     0.196  0.365  0.161  0.278      100
110:     0.065  0.097  0.740  0.098       41
111:     0.102  0.133  0.655  0.109      100
112:     0.216  0.512  0.150  0.123       50
113:     0.110  0.745  0.098  0.046       97
114:     0.110  0.121  0.658  0.110      100
115:     0.074  0.603  0.202  0.121       49
116:     0.130  0.505  0.214  0.151      100
117:     0.143  0.342  0.338  0.177       50
118:     0.199  0.494  0.175  0.132      100
119:     0.234  0.352  0.174  0.239       90
120:     0.327  0.134  0.184  0.355       70
121:     0.641  0.152  0.087  0.119       82
122:     0.288  0.149  0.092  0.471       66
123:     0.484  0.212  0.128  0.177       28
124:     0.072  0.071  0.174  0.683       44
125:     0.106  0.053  0.087  0.754       60
126:     0.049  0.075  0.093  0.783       83
127:     0.099  0.057  0.050  0.793       49
128:     0.053  0.049  0.046  0.852       84
129:     0.107  0.151  0.077  0.664       53
130:     0.089  0.050  0.048  0.812       58
131:     0.157  0.096  0.057  0.690       78
132:     0.141  0.144  0.067  0.649       59
133:     0.161  0.086  0.085  0.669       41
134:     0.142  0.224  0.114  0.520       42
135:     0.161  0.230  0.064  0.546       30
136:     0.156  0.090  0.061  0.694       53
137:     0.457  0.223  0.172  0.148       58
138:     0.381  0.166  0.121  0.332       84
139:     0.701  0.070  0.083  0.145       81
140:     0.798  0.052  0.024  0.126       30
141:     0.753  0.117  0.025  0.105       37
142:     0.657  0.074  0.072  0.197       46
143:     0.472  0.135  0.111  0.282       55
144:     0.489  0.087  0.080  0.344       52
145:     0.589  0.097  0.059  0.255       73
146:     0.426  0.133  0.073  0.368       73
147:     0.615  0.075  0.075  0.235       53
148:     0.498  0.135  0.088  0.280       52
149:     0.606  0.128  0.027  0.239       44
150:     0.476  0.140  0.102  0.282       80
151:     0.528  0.107  0.064  0.301       49
152:     0.351  0.228  0.185  0.236       34
153:     0.208  0.188  0.127  0.476      100
--------------------------------------------

 Rep#:   Lambda   Alpha      F1    F2    F3    F4     D1,2  D1,3  D1,4  D2,3  D2,4  D3,4    Ln Like 
 1000:    1.00    0.207    0.007 0.007 0.020 0.007    0.014 0.029 0.013 0.021 0.020 0.030   --  
 2000:    1.00    0.162    0.010 0.006 0.017 0.008    0.013 0.026 0.011 0.018 0.018 0.027   --  
 3000:    1.00    0.155    0.011 0.006 0.015 0.007    0.013 0.024 0.012 0.018 0.018 0.029   --  
 4000:    1.00    0.147    0.010 0.006 0.016 0.009    0.013 0.025 0.012 0.018 0.018 0.028   --  
 5000:    1.00    0.138    0.010 0.007 0.015 0.009    0.013 0.027 0.012 0.018 0.017 0.027   --  
 6000:    1.00    0.149    0.011 0.008 0.015 0.010    0.013 0.028 0.012 0.020 0.019 0.027   --  
 7000:    1.00    0.149    0.011 0.006 0.014 0.009    0.013 0.025 0.011 0.017 0.018 0.026   --  
 8000:    1.00    0.145    0.012 0.008 0.015 0.011    0.013 0.024 0.011 0.019 0.018 0.027   --  
 9000:    1.00    0.159    0.010 0.008 0.017 0.011    0.014 0.027 0.013 0.019 0.019 0.029   --  

--------------------------------------------
Proportion of membership of each pre-defined
 population in each of the 4 clusters

Given    Inferred Clusters              Number of
 Pop       1      2      3      4      Individuals

  1:     0.402  0.084  0.304  0.211       45
  2:     0.026  0.027  0.882  0.064       50
  3:     0.164  0.168  0.385  0.283       48
  4:     0.190  0.137  0.322  0.351       50
  5:     0.563  0.164  0.075  0.198       50
  6:     0.435  0.193  0.152  0.221       49
  7:     0.489  0.177  0.146  0.188       43
  8:     0.818  0.054  0.057  0.072       46
  9:     0.182  0.225  0.311  0.282       60
 10:     0.333  0.239  0.149  0.278       38
 11:     0.676  0.057  0.144  0.123       50
 12:     0.549  0.132  0.169  0.149       48
 13:     0.243  0.185  0.315  0.257       50
 14:     0.077  0.110  0.702  0.111       57
 15:     0.138  0.138  0.505  0.219       48
 16:     0.050  0.061  0.848  0.041       48
 17:     0.177  0.106  0.415  0.302       50
 18:     0.373  0.242  0.159  0.226       44
 19:     0.420  0.120  0.129  0.331       50
 20:     0.743  0.065  0.112  0.080       50
 21:     0.029  0.025  0.911  0.035       48
 22:     0.211  0.152  0.310  0.327       50
 23:     0.538  0.177  0.137  0.149       49
 24:     0.309  0.126  0.262  0.302       50
 25:     0.561  0.165  0.167  0.108       50
 26:     0.372  0.201  0.186  0.242       50
 27:     0.068  0.119  0.622  0.191       55
 28:     0.114  0.098  0.685  0.104       50
 29:     0.390  0.122  0.067  0.420      108
 30:     0.455  0.131  0.103  0.311      109
 31:     0.548  0.120  0.107  0.226       49
 32:     0.373  0.133  0.196  0.299       50
 33:     0.160  0.320  0.338  0.183       50
 34:     0.091  0.200  0.565  0.145       50
 35:     0.134  0.137  0.459  0.270       50
 36:     0.441  0.115  0.123  0.321       39
 37:     0.403  0.159  0.210  0.228       47
 38:     0.427  0.164  0.127  0.283       67
 39:     0.283  0.094  0.254  0.369       34
 40:     0.599  0.201  0.108  0.092       58
 41:     0.331  0.151  0.240  0.278       86
 42:     0.515  0.190  0.053  0.242       44
 43:     0.804  0.086  0.049  0.061       44
 44:     0.100  0.114  0.722  0.064       50
 45:     0.501  0.132  0.086  0.282       35
 46:     0.299  0.145  0.278  0.278       50
 47:     0.257  0.132  0.259  0.352       36
 48:     0.093  0.104  0.565  0.238       53
 49:     0.052  0.055  0.842  0.051       57
 50:     0.105  0.176  0.614  0.106       49
 51:     0.199  0.118  0.391  0.293       42
 52:     0.519  0.146  0.225  0.110       50
 53:     0.631  0.032  0.045  0.292       50
 54:     0.226  0.119  0.085  0.570       44
 55:     0.351  0.107  0.117  0.426       50
 56:     0.374  0.085  0.066  0.474       30
 57:     0.366  0.085  0.162  0.387       50
 58:     0.402  0.132  0.080  0.386       50
 59:     0.510  0.086  0.073  0.331       33
 60:     0.757  0.153  0.004  0.087        9
 61:     0.358  0.104  0.062  0.476       50
 62:     0.465  0.049  0.096  0.390       32
 63:     0.357  0.076  0.094  0.473       50
 64:     0.610  0.129  0.025  0.236       50
 65:     0.232  0.058  0.103  0.606       29
 66:     0.396  0.108  0.092  0.404       50
 67:     0.599  0.112  0.142  0.148       31
 68:     0.365  0.122  0.173  0.340       27
 69:     0.389  0.061  0.155  0.395       20
 70:     0.362  0.095  0.096  0.447       50
 71:     0.360  0.139  0.250  0.252       50
 72:     0.259  0.087  0.098  0.557       37
 73:     0.064  0.140  0.705  0.091       81
 74:     0.054  0.654  0.135  0.157       50
 75:     0.199  0.230  0.112  0.458       50
 76:     0.194  0.469  0.183  0.155       89
 77:     0.119  0.595  0.102  0.184      100
 78:     0.046  0.154  0.754  0.045       94
 79:     0.208  0.396  0.285  0.111      100
 80:     0.054  0.666  0.145  0.135       50
 81:     0.124  0.491  0.122  0.263      100
 82:     0.316  0.296  0.128  0.261       98
 83:     0.140  0.717  0.090  0.053       50
 84:     0.040  0.065  0.860  0.036       99
 85:     0.263  0.377  0.165  0.195       99
 86:     0.096  0.623  0.187  0.094      100
 87:     0.143  0.684  0.082  0.091      100
 88:     0.110  0.595  0.161  0.134      100
 89:     0.209  0.395  0.188  0.208       99
 90:     0.132  0.612  0.152  0.104       48
 91:     0.072  0.118  0.757  0.053       28
 92:     0.123  0.577  0.212  0.089       50
 93:     0.093  0.587  0.218  0.102      100
 94:     0.136  0.506  0.219  0.138       50
 95:     0.114  0.080  0.715  0.092       41
 96:     0.167  0.587  0.122  0.124       81
 97:     0.162  0.579  0.168  0.091       50
 98:     0.265  0.464  0.121  0.150      100
 99:     0.265  0.360  0.139  0.236       89
100:     0.287  0.448  0.115  0.149       98
101:     0.170  0.362  0.309  0.159      100
102:     0.048  0.844  0.039  0.069       95
103:     0.365  0.329  0.131  0.175       50
104:     0.096  0.643  0.120  0.140       70
105:     0.046  0.139  0.763  0.051      100
106:     0.102  0.647  0.134  0.117       50
107:     0.114  0.689  0.103  0.093      100
108:     0.274  0.581  0.104  0.041       50
109:     0.199  0.347  0.172  0.281      100
110:     0.043  0.067  0.801  0.089       41
111:     0.062  0.155  0.687  0.097      100
112:     0.285  0.496  0.147  0.072       50
113:     0.099  0.759  0.090  0.053       97
114:     0.088  0.126  0.694  0.091      100
115:     0.092  0.603  0.217  0.088       49
116:     0.119  0.572  0.200  0.108      100
117:     0.160  0.414  0.267  0.159       50
118:     0.170  0.536  0.172  0.122      100
119:     0.212  0.402  0.135  0.251       90
120:     0.361  0.164  0.148  0.327       70
121:     0.551  0.162  0.078  0.209       82
122:     0.129  0.156  0.114  0.601       66
123:     0.440  0.148  0.087  0.325       28
124:     0.057  0.021  0.166  0.756       44
125:     0.042  0.041  0.092  0.825       60
126:     0.053  0.032  0.043  0.873       83
127:     0.054  0.093  0.065  0.788       49
128:     0.039  0.044  0.067  0.850       84
129:     0.239  0.074  0.105  0.581       53
130:     0.084  0.107  0.029  0.781       58
131:     0.140  0.090  0.053  0.717       78
132:     0.140  0.068  0.039  0.753       59
133:     0.078  0.045  0.071  0.807       41
134:     0.080  0.136  0.070  0.714       42
135:     0.203  0.081  0.052  0.664       30
136:     0.206  0.105  0.042  0.648       53
137:     0.449  0.246  0.139  0.167       58
138:     0.416  0.146  0.101  0.336       84
139:     0.737  0.065  0.060  0.139       81
140:     0.784  0.077  0.048  0.091       30
141:     0.721  0.068  0.051  0.159       37
142:     0.693  0.064  0.085  0.158       46
143:     0.588  0.171  0.081  0.160       55
144:     0.612  0.082  0.036  0.270       52
145:     0.672  0.088  0.026  0.214       73
146:     0.420  0.129  0.088  0.363       73
147:     0.660  0.104  0.031  0.205       53
148:     0.588  0.062  0.050  0.300       52
149:     0.579  0.153  0.064  0.204       44
150:     0.560  0.080  0.076  0.284       80
151:     0.541  0.113  0.092  0.254       49
152:     0.399  0.216  0.250  0.135       34
153:     0.202  0.177  0.091  0.530      100
--------------------------------------------

 Rep#:   Lambda   Alpha      F1    F2    F3    F4     D1,2  D1,3  D1,4  D2,3  D2,4  D3,4    Ln Like 
10000:    1.00    0.150    0.011 0.009 0.016 0.011    0.014 0.026 0.012 0.019 0.019 0.027   --  
11000:    1.00    0.160    0.012 0.009 0.016 0.011    0.014 0.026 0.013 0.020 0.019 0.029   --  
12000:    1.00    0.170    0.011 0.010 0.019 0.011    0.014 0.027 0.014 0.020 0.020 0.028   --  
13000:    1.00    0.170    0.013 0.009 0.019 0.012    0.015 0.029 0.013 0.020 0.018 0.029   --  
14000:    1.00    0.168    0.014 0.009 0.016 0.012    0.015 0.027 0.013 0.019 0.020 0.029   --  
15000:    1.00    0.166    0.014 0.010 0.016 0.013    0.013 0.029 0.013 0.020 0.019 0.030   --  
16000:    1.00    0.180    0.013 0.009 0.020 0.012    0.014 0.026 0.013 0.019 0.021 0.029   --  
17000:    1.00    0.178    0.015 0.011 0.017 0.012    0.016 0.029 0.012 0.020 0.021 0.029   --  
18000:    1.00    0.177    0.016 0.010 0.019 0.013    0.014 0.029 0.014 0.019 0.020 0.030   --  
19000:    1.00    0.185    0.012 0.011 0.021 0.012    0.014 0.029 0.014 0.022 0.021 0.031   --  

--------------------------------------------
Proportion of membership of each pre-defined
 population in each of the 4 clusters

Given    Inferred Clusters              Number of
 Pop       1      2      3      4      Individuals

  1:     0.303  0.137  0.291  0.269       45
  2:     0.030  0.040  0.890  0.040       50
  3:     0.127  0.161  0.341  0.372       48
  4:     0.227  0.078  0.288  0.408       50
  5:     0.479  0.150  0.152  0.220       50
  6:     0.416  0.161  0.205  0.219       49
  7:     0.364  0.179  0.141  0.316       43
  8:     0.722  0.091  0.088  0.099       46
  9:     0.197  0.161  0.385  0.257       60
 10:     0.381  0.272  0.138  0.209       38
 11:     0.542  0.106  0.149  0.203       50
 12:     0.438  0.145  0.170  0.247       48
 13:     0.198  0.168  0.338  0.296       50
 14:     0.081  0.117  0.695  0.108       57
 15:     0.203  0.132  0.491  0.174       48
 16:     0.056  0.076  0.824  0.044       48
 17:     0.182  0.108  0.370  0.340       50
 18:     0.420  0.200  0.166  0.214       44
 19:     0.254  0.133  0.152  0.461       50
 20:     0.696  0.117  0.083  0.103       50
 21:     0.064  0.034  0.841  0.061       48
 22:     0.192  0.188  0.326  0.294       50
 23:     0.398  0.187  0.163  0.252       49
 24:     0.288  0.128  0.272  0.312       50
 25:     0.499  0.150  0.126  0.225       50
 26:     0.351  0.216  0.243  0.190       50
 27:     0.072  0.156  0.634  0.138       55
 28:     0.140  0.136  0.650  0.074       50
 29:     0.361  0.125  0.090  0.424      108
 30:     0.346  0.182  0.110  0.362      109
 31:     0.504  0.136  0.144  0.215       49
 32:     0.420  0.176  0.158  0.246       50
 33:     0.270  0.285  0.291  0.154       50
 34:     0.093  0.235  0.572  0.100       50
 35:     0.127  0.122  0.423  0.328       50
 36:     0.347  0.117  0.178  0.358       39
 37:     0.300  0.261  0.196  0.243       47
 38:     0.346  0.186  0.147  0.321       67
 39:     0.244  0.109  0.281  0.366       34
 40:     0.493  0.218  0.164  0.124       58
 41:     0.380  0.154  0.217  0.249       86
 42:     0.473  0.089  0.144  0.295       44
 43:     0.798  0.088  0.078  0.036       44
 44:     0.128  0.171  0.610  0.092       50
 45:     0.434  0.186  0.142  0.239       35
 46:     0.209  0.138  0.333  0.319       50
 47:     0.296  0.144  0.249  0.311       36
 48:     0.142  0.081  0.570  0.207       53
 49:     0.083  0.107  0.756  0.054       57
 50:     0.091  0.147  0.678  0.084       49
 51:     0.159  0.139  0.320  0.382       42
 52:     0.503  0.180  0.170  0.147       50
 53:     0.513  0.130  0.061  0.296       50
 54:     0.197  0.119  0.120  0.564       44
 55:     0.484  0.105  0.169  0.242       50
 56:     0.630  0.058  0.074  0.238       30
 57:     0.375  0.110  0.102  0.414       50
 58:     0.405  0.151  0.108  0.336       50
 59:     0.410  0.155  0.090  0.346       33
 60:     0.634  0.057  0.089  0.219        9
 61:     0.349  0.090  0.054  0.507       50
 62:     0.299  0.088  0.141  0.472       32
 63:     0.460  0.079  0.106  0.355       50
 64:     0.662  0.107  0.050  0.181       50
 65:     0.476  0.050  0.130  0.345       29
 66:     0.376  0.099  0.110  0.414       50
 67:     0.553  0.128  0.097  0.223       31
 68:     0.373  0.145  0.141  0.341       27
 69:     0.316  0.151  0.131  0.403       20
 70:     0.362  0.115  0.081  0.441       50
 71:     0.386  0.143  0.249  0.222       50
 72:     0.333  0.100  0.070  0.496       37
 73:     0.064  0.147  0.655  0.134       81
 74:     0.066  0.716  0.122  0.096       50
 75:     0.270  0.285  0.131  0.315       50
 76:     0.137  0.485  0.172  0.207       89
 77:     0.134  0.540  0.148  0.177      100
 78:     0.055  0.162  0.708  0.076       94
 79:     0.251  0.356  0.237  0.156      100
 80:     0.083  0.587  0.237  0.093       50
 81:     0.148  0.405  0.136  0.311      100
 82:     0.237  0.344  0.166  0.253       98
 83:     0.083  0.710  0.129  0.077       50
 84:     0.039  0.082  0.829  0.049       99
 85:     0.266  0.349  0.180  0.205       99
 86:     0.099  0.600  0.188  0.113      100
 87:     0.116  0.685  0.098  0.101      100
 88:     0.096  0.598  0.188  0.119      100
 89:     0.236  0.408  0.165  0.191       99
 90:     0.103  0.582  0.190  0.126       48
 91:     0.109  0.124  0.675  0.091       28
 92:     0.091  0.647  0.151  0.110       50
 93:     0.115  0.559  0.263  0.063      100
 94:     0.097  0.605  0.152  0.147       50
 95:     0.118  0.099  0.671  0.112       41
 96:     0.145  0.531  0.178  0.146       81
 97:     0.100  0.639  0.144  0.117       50
 98:     0.269  0.460  0.121  0.149      100
 99:     0.207  0.343  0.166  0.284       89
100:     0.318  0.393  0.166  0.123       98
101:     0.191  0.383  0.264  0.162      100
102:     0.046  0.844  0.030  0.081       95
103:     0.302  0.361  0.122  0.215       50
104:     0.072  0.646  0.144  0.137       70
105:     0.063  0.170  0.687  0.080      100
106:     0.145  0.538  0.168  0.150       50
107:     0.120  0.620  0.158  0.102      100
108:     0.390  0.286  0.247  0.077       50
109:     0.234  0.333  0.169  0.264      100
110:     0.093  0.111  0.698  0.098       41
111:     0.067  0.138  0.663  0.132      100
112:     0.242  0.441  0.220  0.096       50
113:     0.109  0.692  0.121  0.079       97
114:     0.121  0.166  0.606  0.106      100
115:     0.074  0.585  0.235  0.106       49
116:     0.134  0.502  0.218  0.147      100
117:     0.137  0.462  0.262  0.139       50
118:     0.194  0.488  0.197  0.120      100
119:     0.236  0.381  0.178  0.205       90
120:     0.316  0.207  0.158  0.319       70
121:     0.597  0.161  0.091  0.151       82
122:     0.179  0.125  0.112  0.584       66
123:     0.410  0.221  0.153  0.216       28
124:     0.046  0.069  0.103  0.782       44
125:     0.109  0.072  0.116  0.702       60
126:     0.058  0.055  0.085  0.802       83
127:     0.062  0.116  0.075  0.746       49
128:     0.043  0.069  0.062  0.826       84
129:     0.174  0.143  0.095  0.588       53
130:     0.123  0.099  0.032  0.746       58
131:     0.146  0.098  0.055  0.701       78
132:     0.147  0.061  0.080  0.712       59
133:     0.138  0.054  0.086  0.721       41
134:     0.111  0.156  0.055  0.678       42
135:     0.297  0.102  0.048  0.553       30
136:     0.153  0.094  0.052  0.702       53
137:     0.376  0.226  0.216  0.182       58
138:     0.385  0.184  0.150  0.280       84
139:     0.735  0.063  0.073  0.129       81
140:     0.835  0.031  0.032  0.102       30
141:     0.578  0.158  0.089  0.174       37
142:     0.648  0.089  0.097  0.166       46
143:     0.546  0.137  0.149  0.168       55
144:     0.627  0.121  0.042  0.209       52
145:     0.643  0.115  0.047  0.195       73
146:     0.457  0.143  0.073  0.327       73
147:     0.655  0.099  0.066  0.180       53
148:     0.549  0.132  0.071  0.249       52
149:     0.556  0.143  0.027  0.274       44
150:     0.563  0.124  0.108  0.205       80
151:     0.655  0.088  0.088  0.169       49
152:     0.333  0.251  0.242  0.174       34
153:     0.156  0.261  0.086  0.498      100
--------------------------------------------

 Rep#:   Lambda   Alpha      F1    F2    F3    F4     D1,2  D1,3  D1,4  D2,3  D2,4  D3,4    Ln Like 
20000:    1.00    0.214    0.013 0.010 0.022 0.014    0.016 0.032 0.015 0.021 0.022 0.032   --  
21000:    1.00    0.213    0.014 0.010 0.022 0.017    0.016 0.031 0.017 0.023 0.024 0.033   --  
22000:    1.00    0.192    0.014 0.010 0.017 0.014    0.015 0.030 0.015 0.020 0.023 0.032   --  
23000:    1.00    0.194    0.016 0.010 0.019 0.016    0.015 0.029 0.013 0.021 0.021 0.029   --  
24000:    1.00    0.183    0.014 0.012 0.020 0.012    0.015 0.028 0.013 0.020 0.020 0.029   --  
25000:    1.00    0.177    0.015 0.010 0.019 0.013    0.014 0.027 0.013 0.020 0.020 0.030   --  
26000:    1.00    0.200    0.014 0.010 0.020 0.012    0.015 0.028 0.014 0.020 0.022 0.030   --  
27000:    1.00    0.222    0.017 0.013 0.024 0.013    0.016 0.031 0.015 0.023 0.023 0.032   --  
28000:    1.00    0.208    0.015 0.013 0.023 0.013    0.016 0.032 0.015 0.022 0.022 0.033   --  
29000:    1.00    0.206    0.013 0.011 0.019 0.015    0.016 0.030 0.015 0.020 0.020 0.029   --  

--------------------------------------------
Proportion of membership of each pre-defined
 population in each of the 4 clusters

Given    Inferred Clusters              Number of
 Pop       1      2      3      4      Individuals

  1:     0.305  0.162  0.238  0.295       45
  2:     0.031  0.028  0.911  0.031       50
  3:     0.117  0.186  0.439  0.258       48
  4:     0.277  0.169  0.266  0.287       50
  5:     0.504  0.175  0.096  0.224       50
  6:     0.340  0.181  0.188  0.291       49
  7:     0.460  0.173  0.094  0.273       43
  8:     0.749  0.094  0.047  0.111       46
  9:     0.240  0.203  0.348  0.209       60
 10:     0.388  0.163  0.263  0.185       38
 11:     0.560  0.114  0.139  0.187       50
 12:     0.447  0.077  0.237  0.239       48
 13:     0.244  0.222  0.249  0.284       50
 14:     0.101  0.098  0.696  0.105       57
 15:     0.155  0.203  0.429  0.214       48
 16:     0.060  0.091  0.810  0.039       48
 17:     0.155  0.140  0.353  0.352       50
 18:     0.398  0.210  0.176  0.215       44
 19:     0.342  0.133  0.141  0.385       50
 20:     0.706  0.109  0.092  0.092       50
 21:     0.049  0.068  0.833  0.049       48
 22:     0.177  0.138  0.352  0.334       50
 23:     0.451  0.153  0.154  0.242       49
 24:     0.253  0.087  0.326  0.334       50
 25:     0.478  0.229  0.124  0.170       50
 26:     0.390  0.164  0.217  0.229       50
 27:     0.057  0.141  0.639  0.162       55
 28:     0.182  0.093  0.627  0.097       50
 29:     0.401  0.102  0.102  0.395      108
 30:     0.379  0.135  0.134  0.352      109
 31:     0.590  0.159  0.065  0.186       49
 32:     0.375  0.166  0.178  0.280       50
 33:     0.249  0.280  0.334  0.137       50
 34:     0.087  0.165  0.627  0.121       50
 35:     0.109  0.166  0.466  0.260       50
 36:     0.389  0.142  0.116  0.354       39
 37:     0.356  0.161  0.252  0.231       47
 38:     0.402  0.203  0.134  0.261       67
 39:     0.305  0.132  0.270  0.293       34
 40:     0.476  0.247  0.138  0.139       58
 41:     0.298  0.153  0.284  0.265       86
 42:     0.425  0.120  0.189  0.266       44
 43:     0.705  0.120  0.102  0.073       44
 44:     0.131  0.167  0.592  0.109       50
 45:     0.415  0.167  0.135  0.283       35
 46:     0.228  0.152  0.377  0.243       50
 47:     0.414  0.185  0.152  0.249       36
 48:     0.090  0.072  0.650  0.188       53
 49:     0.082  0.083  0.764  0.071       57
 50:     0.148  0.158  0.566  0.128       49
 51:     0.217  0.225  0.246  0.312       42
 52:     0.476  0.189  0.193  0.142       50
 53:     0.554  0.071  0.060  0.315       50
 54:     0.245  0.116  0.066  0.573       44
 55:     0.391  0.128  0.118  0.363       50
 56:     0.551  0.085  0.076  0.288       30
 57:     0.342  0.144  0.105  0.408       50
 58:     0.390  0.105  0.133  0.371       50
 59:     0.477  0.081  0.097  0.345       33
 60:     0.528  0.091  0.083  0.298        9
 61:     0.410  0.090  0.111  0.389       50
 62:     0.496  0.049  0.075  0.380       32
 63:     0.413  0.055  0.098  0.433       50
 64:     0.557  0.110  0.079  0.254       50
 65:     0.383  0.053  0.150  0.415       29
 66:     0.395  0.068  0.087  0.450       50
 67:     0.481  0.173  0.120  0.226       31
 68:     0.359  0.107  0.088  0.446       27
 69:     0.342  0.046  0.086  0.526       20
 70:     0.362  0.094  0.071  0.474       50
 71:     0.347  0.187  0.210  0.257       50
 72:     0.326  0.088  0.086  0.500       37
 73:     0.072  0.163  0.629  0.136       81
 74:     0.092  0.663  0.140  0.104       50
 75:     0.263  0.288  0.126  0.324       50
 76:     0.153  0.493  0.201  0.152       89
 77:     0.137  0.479  0.131  0.252      100
 78:     0.053  0.143  0.739  0.065       94
 79:     0.240  0.398  0.263  0.098      100
 80:     0.072  0.619  0.197  0.113       50
 81:     0.192  0.447  0.146  0.215      100
 82:     0.288  0.297  0.147  0.267       98
 83:     0.125  0.686  0.133  0.055       50
 84:     0.041  0.088  0.813  0.059       99
 85:     0.238  0.401  0.159  0.201       99
 86:     0.077  0.609  0.167  0.147      100
 87:     0.102  0.742  0.076  0.080      100
 88:     0.106  0.616  0.148  0.131      100
 89:     0.204  0.375  0.213  0.209       99
 90:     0.121  0.574  0.202  0.103       48
 91:     0.091  0.149  0.664  0.096       28
 92:     0.080  0.576  0.264  0.081       50
 93:     0.111  0.596  0.203  0.090      100
 94:     0.136  0.556  0.177  0.131       50
 95:     0.104  0.084  0.690  0.121       41
 96:     0.224  0.514  0.143  0.119       81
 97:     0.115  0.567  0.214  0.104       50
 98:     0.245  0.475  0.143  0.137      100
 99:     0.206  0.333  0.176  0.286       89
100:     0.327  0.342  0.141  0.190       98
101:     0.158  0.358  0.290  0.194      100
102:     0.049  0.857  0.040  0.055       95
103:     0.328  0.250  0.216  0.206       50
104:     0.109  0.630  0.144  0.118       70
105:     0.069  0.146  0.693  0.092      100
106:     0.130  0.618  0.118  0.134       50
107:     0.136  0.668  0.125  0.071      100
108:     0.421  0.333  0.193  0.053       50
109:     0.192  0.391  0.149  0.268      100
110:     0.102  0.065  0.751  0.082       41
111:     0.091  0.159  0.627  0.122      100
112:     0.212  0.518  0.171  0.099       50
113:     0.171  0.696  0.084  0.050       97
114:     0.150  0.121  0.617  0.113      100
115:     0.101  0.597  0.211  0.090       49
116:     0.156  0.520  0.202  0.122      100
117:     0.159  0.463  0.268  0.109       50
118:     0.185  0.509  0.190  0.116      100
119:     0.230  0.319  0.185  0.266       90
120:     0.341  0.219  0.164  0.277       70
121:     0.638  0.143  0.098  0.122       82
122:     0.201  0.121  0.103  0.574       66
123:     0.472  0.213  0.102  0.214       28
124:     0.081  0.078  0.110  0.731       44
125:     0.072  0.065  0.067  0.797       60
126:     0.046  0.052  0.066  0.835       83
127:     0.150  0.083  0.094  0.673       49
128:     0.058  0.067  0.065  0.810       84
129:     0.166  0.106  0.109  0.620       53
130:     0.193  0.059  0.039  0.709       58
131:     0.120  0.062  0.055  0.763       78
132:     0.145  0.071  0.067  0.717       59
133:     0.143  0.072  0.107  0.678       41
134:     0.111  0.155  0.102  0.631       42
135:     0.216  0.129  0.083  0.572       30
136:     0.258  0.093  0.043  0.606       53
137:     0.373  0.260  0.184  0.183       58
138:     0.404  0.165  0.104  0.327       84
139:     0.674  0.095  0.088  0.143       81
140:     0.693  0.112  0.072  0.123       30
141:     0.655  0.148  0.060  0.137       37
142:     0.665  0.111  0.041  0.182       46
143:     0.492  0.198  0.085  0.225       55
144:     0.612  0.079  0.070  0.239       52
145:     0.642  0.114  0.090  0.155       73
146:     0.438  0.136  0.077  0.348       73
147:     0.641  0.128  0.056  0.176       53
148:     0.495  0.120  0.091  0.294       52
149:     0.534  0.107  0.028  0.331       44
150:     0.493  0.147  0.077  0.283       80
151:     0.549  0.143  0.085  0.223       49
152:     0.357  0.256  0.249  0.139       34
153:     0.189  0.223  0.120  0.469      100
--------------------------------------------

 Rep#:   Lambda   Alpha      F1    F2    F3    F4     D1,2  D1,3  D1,4  D2,3  D2,4  D3,4    Ln Like 
30000:    1.00    0.198    0.014 0.011 0.022 0.018    0.014 0.030 0.015 0.023 0.021 0.032   --  
31000:    1.00    0.214    0.016 0.010 0.018 0.015    0.017 0.032 0.016 0.021 0.023 0.031   --  
32000:    1.00    0.211    0.014 0.012 0.021 0.017    0.015 0.030 0.015 0.021 0.022 0.033   --  
33000:    1.00    0.210    0.018 0.012 0.025 0.016    0.016 0.031 0.015 0.022 0.020 0.030   --  
34000:    1.00    0.204    0.015 0.010 0.023 0.016    0.016 0.030 0.015 0.021 0.022 0.031   --  
35000:    1.00    0.192    0.015 0.011 0.020 0.015    0.015 0.027 0.014 0.019 0.020 0.031   --  
36000:    1.00    0.191    0.014 0.011 0.022 0.014    0.014 0.028 0.013 0.021 0.021 0.032   --  
37000:    1.00    0.222    0.015 0.012 0.023 0.017    0.016 0.030 0.015 0.020 0.023 0.032   --  
38000:    1.00    0.237    0.017 0.012 0.022 0.014    0.017 0.032 0.014 0.023 0.022 0.032   --  
39000:    1.00    0.229    0.017 0.012 0.022 0.015    0.016 0.032 0.014 0.025 0.022 0.033   --  

--------------------------------------------
Proportion of membership of each pre-defined
 population in each of the 4 clusters

Given    Inferred Clusters              Number of
 Pop       1      2      3      4      Individuals

  1:     0.320  0.104  0.327  0.249       45
  2:     0.030  0.029  0.875  0.067       50
  3:     0.134  0.174  0.397  0.294       48
  4:     0.155  0.093  0.316  0.436       50
  5:     0.512  0.199  0.119  0.170       50
  6:     0.402  0.139  0.179  0.280       49
  7:     0.426  0.213  0.115  0.246       43
  8:     0.706  0.099  0.110  0.085       46
  9:     0.213  0.222  0.293  0.272       60
 10:     0.374  0.294  0.112  0.220       38
 11:     0.543  0.145  0.103  0.209       50
 12:     0.439  0.145  0.171  0.245       48
 13:     0.219  0.176  0.330  0.274       50
 14:     0.066  0.116  0.706  0.112       57
 15:     0.170  0.203  0.417  0.211       48
 16:     0.050  0.038  0.855  0.057       48
 17:     0.115  0.127  0.359  0.399       50
 18:     0.385  0.196  0.191  0.228       44
 19:     0.284  0.155  0.178  0.382       50
 20:     0.689  0.100  0.102  0.109       50
 21:     0.030  0.047  0.867  0.055       48
 22:     0.228  0.146  0.337  0.289       50
 23:     0.441  0.184  0.177  0.198       49
 24:     0.299  0.114  0.254  0.333       50
 25:     0.441  0.223  0.156  0.180       50
 26:     0.443  0.170  0.163  0.223       50
 27:     0.083  0.160  0.596  0.161       55
 28:     0.112  0.084  0.625  0.179       50
 29:     0.350  0.142  0.062  0.445      108
 30:     0.377  0.137  0.126  0.360      109
 31:     0.508  0.145  0.107  0.240       49
 32:     0.390  0.140  0.239  0.231       50
 33:     0.182  0.314  0.319  0.184       50
 34:     0.065  0.265  0.560  0.111       50
 35:     0.230  0.137  0.394  0.238       50
 36:     0.357  0.082  0.189  0.372       39
 37:     0.340  0.236  0.184  0.241       47
 38:     0.384  0.202  0.134  0.280       67
 39:     0.412  0.075  0.203  0.310       34
 40:     0.487  0.220  0.140  0.152       58
 41:     0.361  0.205  0.212  0.222       86
 42:     0.439  0.184  0.192  0.184       44
 43:     0.705  0.134  0.066  0.094       44
 44:     0.112  0.151  0.660  0.077       50
 45:     0.485  0.157  0.126  0.232       35
 46:     0.256  0.143  0.344  0.257       50
 47:     0.259  0.152  0.228  0.360       36
 48:     0.169  0.058  0.576  0.197       53
 49:     0.063  0.056  0.787  0.095       57
 50:     0.199  0.162  0.543  0.096       49
 51:     0.160  0.092  0.350  0.398       42
 52:     0.485  0.179  0.149  0.186       50
 53:     0.629  0.093  0.073  0.205       50
 54:     0.302  0.122  0.101  0.475       44
 55:     0.396  0.109  0.151  0.344       50
 56:     0.523  0.098  0.050  0.329       30
 57:     0.370  0.121  0.113  0.396       50
 58:     0.426  0.118  0.107  0.349       50
 59:     0.360  0.112  0.062  0.466       33
 60:     0.434  0.089  0.057  0.421        9
 61:     0.304  0.147  0.114  0.435       50
 62:     0.475  0.052  0.121  0.353       32
 63:     0.379  0.117  0.107  0.397       50
 64:     0.623  0.135  0.052  0.190       50
 65:     0.285  0.091  0.113  0.512       29
 66:     0.397  0.127  0.112  0.365       50
 67:     0.538  0.161  0.082  0.219       31
 68:     0.361  0.200  0.088  0.350       27
 69:     0.342  0.106  0.081  0.471       20
 70:     0.346  0.134  0.119  0.400       50
 71:     0.347  0.118  0.229  0.306       50
 72:     0.321  0.132  0.112  0.435       37
 73:     0.091  0.128  0.668  0.113       81
 74:     0.067  0.628  0.190  0.115       50
 75:     0.317  0.238  0.132  0.313       50
 76:     0.167  0.483  0.188  0.162       89
 77:     0.177  0.535  0.115  0.172      100
 78:     0.066  0.150  0.709  0.075       94
 79:     0.247  0.404  0.234  0.115      100
 80:     0.093  0.630  0.182  0.095       50
 81:     0.146  0.511  0.113  0.231      100
 82:     0.266  0.293  0.154  0.287       98
 83:     0.154  0.664  0.091  0.091       50
 84:     0.065  0.085  0.802  0.048       99
 85:     0.285  0.378  0.134  0.202       99
 86:     0.146  0.509  0.187  0.158      100
 87:     0.120  0.680  0.104  0.096      100
 88:     0.113  0.599  0.181  0.107      100
 89:     0.237  0.366  0.191  0.206       99
 90:     0.125  0.466  0.294  0.115       48
 91:     0.065  0.123  0.728  0.084       28
 92:     0.084  0.590  0.212  0.114       50
 93:     0.105  0.528  0.244  0.123      100
 94:     0.154  0.588  0.151  0.107       50
 95:     0.115  0.111  0.648  0.126       41
 96:     0.190  0.536  0.163  0.111       81
 97:     0.140  0.584  0.175  0.101       50
 98:     0.289  0.431  0.150  0.130      100
 99:     0.192  0.332  0.206  0.270       89
100:     0.366  0.361  0.136  0.136       98
101:     0.224  0.333  0.271  0.172      100
102:     0.042  0.841  0.041  0.075       95
103:     0.311  0.311  0.145  0.232       50
104:     0.101  0.634  0.145  0.120       70
105:     0.092  0.114  0.733  0.060      100
106:     0.144  0.573  0.150  0.133       50
107:     0.126  0.626  0.159  0.089      100
108:     0.395  0.313  0.221  0.071       50
109:     0.190  0.352  0.181  0.277      100
110:     0.073  0.120  0.692  0.115       41
111:     0.054  0.151  0.647  0.148      100
