This is a job step 9


----------------------------------------------------
STRUCTURE by Pritchard, Stephens and Donnelly (2000)
     and Falush, Stephens and Pritchard (2003)
       Code by Pritchard, Falush and Hubisz
             Version 2.3.4 (Jul 2012)
----------------------------------------------------


Reading file "/global/home/hpc3579/Salmon-Project/STRUCTURE/mainparamsfiles/mainparamsbigfile".
datafile is
/global/home/hpc3579/Salmon-Project/FileConversions/bigfilestruc.str
Reading file "/global/home/hpc3579/Salmon-Project/STRUCTURE/extraparams_bigfile".
Note: RANDOMIZE is set to 1. The random number generator will be initialized using the system clock, ignoring any specified value of SEED.
Reading file "/global/home/hpc3579/Salmon-Project/FileConversions/bigfilestruc.str".


Data file "/global/home/hpc3579/Salmon-Project/FileConversions/bigfilestruc.str" (truncated) --

Ind:   Label Pop : Genotype_data . . . .
  1: QC-ANG-01    1  :110 167 287 296 254 146 173  . . . . 291
  1: QC-ANG-01    1  :110 179 295 312 358 210 175  . . . . 315
  2: QC-ANG-11    1  :130 171 291 312 322 210 193  . . . . 283
  2: QC-ANG-11    1  :130 175 303 336 338 242 199  . . . . 303
  3: QC-ANG-12    1  :106 175 279 312 278 198 171  . . . . 315
  3: QC-ANG-12    1  :130 191 307 372 342 210 201  . . . . 319
  4: QC-ANG-13    1  :128 159 291 320 314 214 159  . . . . 287
  4: QC-ANG-13    1  :128 167 295 344 326 254 201  . . . . 315

      *******   

9141: US-NA11574  153  :122 203 283 312 254 198 173  . . . . 303
9141: US-NA11574  153  :128 203 303 340 290 206 173  . . . . 307
9142: US-NA11575  153  :122 167 283 300 254 214 173  . . . . 295
9142: US-NA11575  153  :128 167 303 336 290 298 173  . . . . 339

Number of alleles per locus: min=15; ave=39.8; max=91


--------------------------------------

Finished initialization; starting MCMC 
1000000 iterations + 100000 burnin


--------------------------------------------
Proportion of membership of each pre-defined
 population in each of the 9 clusters

Given    Inferred Clusters                                                 Number of
 Pop       1      2      3      4      5      6      7      8      9      Individuals

  1:     0.053  0.142  0.055  0.170  0.093  0.060  0.106  0.248  0.072       45
  2:     0.035  0.044  0.031  0.039  0.037  0.045  0.707  0.033  0.029       50
  3:     0.054  0.037  0.093  0.161  0.203  0.057  0.140  0.103  0.152       48
  4:     0.050  0.070  0.097  0.171  0.260  0.064  0.145  0.091  0.052       50
  5:     0.101  0.117  0.060  0.118  0.150  0.102  0.067  0.222  0.062       50
  6:     0.079  0.071  0.102  0.084  0.083  0.095  0.104  0.330  0.053       49
  7:     0.078  0.173  0.063  0.091  0.081  0.100  0.047  0.295  0.072       43
  8:     0.186  0.180  0.078  0.076  0.142  0.043  0.061  0.201  0.032       46
  9:     0.065  0.077  0.038  0.198  0.179  0.048  0.131  0.079  0.186       60
 10:     0.124  0.099  0.064  0.046  0.176  0.076  0.075  0.283  0.057       38
 11:     0.139  0.134  0.076  0.085  0.150  0.056  0.063  0.252  0.044       50
 12:     0.090  0.105  0.058  0.065  0.441  0.034  0.046  0.100  0.061       48
 13:     0.040  0.096  0.106  0.183  0.152  0.083  0.113  0.129  0.097       50
 14:     0.074  0.045  0.091  0.034  0.134  0.045  0.417  0.084  0.077       57
 15:     0.072  0.048  0.132  0.091  0.097  0.050  0.219  0.106  0.185       48
 16:     0.055  0.026  0.046  0.035  0.033  0.050  0.683  0.035  0.038       48
 17:     0.064  0.090  0.126  0.156  0.116  0.053  0.158  0.132  0.105       50
 18:     0.137  0.111  0.124  0.088  0.071  0.058  0.093  0.242  0.075       44
 19:     0.048  0.043  0.055  0.092  0.569  0.052  0.032  0.082  0.026       50
 20:     0.168  0.117  0.052  0.090  0.143  0.065  0.054  0.260  0.050       50
 21:     0.023  0.047  0.041  0.041  0.034  0.037  0.695  0.033  0.048       48
 22:     0.042  0.118  0.069  0.051  0.357  0.073  0.135  0.096  0.060       50
 23:     0.098  0.118  0.048  0.108  0.201  0.111  0.063  0.202  0.051       49
 24:     0.036  0.067  0.079  0.086  0.453  0.038  0.082  0.085  0.073       50
 25:     0.153  0.106  0.049  0.066  0.142  0.106  0.053  0.274  0.052       50
 26:     0.120  0.085  0.071  0.122  0.092  0.075  0.081  0.263  0.090       50
 27:     0.076  0.061  0.085  0.070  0.088  0.077  0.378  0.059  0.105       55
 28:     0.086  0.042  0.065  0.108  0.063  0.057  0.326  0.110  0.143       50
 29:     0.103  0.188  0.118  0.173  0.119  0.044  0.054  0.137  0.064      108
 30:     0.110  0.213  0.117  0.134  0.124  0.043  0.066  0.100  0.093      109
 31:     0.093  0.092  0.067  0.086  0.122  0.060  0.054  0.342  0.084       49
 32:     0.119  0.079  0.074  0.132  0.182  0.057  0.076  0.230  0.051       50
 33:     0.084  0.072  0.054  0.067  0.071  0.103  0.093  0.165  0.290       50
 34:     0.119  0.040  0.084  0.074  0.069  0.113  0.309  0.107  0.087       50
 35:     0.095  0.068  0.083  0.086  0.233  0.050  0.213  0.077  0.095       50
 36:     0.052  0.062  0.089  0.104  0.430  0.034  0.050  0.135  0.044       39
 37:     0.100  0.111  0.056  0.051  0.152  0.116  0.079  0.258  0.076       47
 38:     0.104  0.082  0.087  0.105  0.154  0.055  0.041  0.289  0.082       67
 39:     0.067  0.058  0.018  0.066  0.570  0.062  0.024  0.070  0.065       34
 40:     0.079  0.103  0.063  0.052  0.112  0.079  0.063  0.370  0.079       58
 41:     0.089  0.061  0.070  0.104  0.141  0.067  0.100  0.291  0.076       86
 42:     0.109  0.134  0.082  0.135  0.121  0.068  0.051  0.240  0.060       44
 43:     0.116  0.188  0.056  0.078  0.164  0.069  0.041  0.243  0.046       44
 44:     0.117  0.068  0.067  0.070  0.086  0.064  0.412  0.056  0.060       50
 45:     0.090  0.131  0.081  0.099  0.150  0.045  0.073  0.228  0.102       35
 46:     0.082  0.055  0.111  0.127  0.201  0.061  0.160  0.157  0.046       50
 47:     0.058  0.046  0.045  0.119  0.529  0.067  0.063  0.034  0.040       36
 48:     0.049  0.038  0.111  0.072  0.214  0.097  0.262  0.105  0.053       53
 49:     0.060  0.067  0.048  0.045  0.030  0.048  0.581  0.084  0.038       57
 50:     0.091  0.080  0.060  0.068  0.069  0.106  0.338  0.138  0.050       49
 51:     0.111  0.055  0.112  0.088  0.176  0.040  0.112  0.141  0.166       42
 52:     0.100  0.114  0.054  0.069  0.084  0.090  0.064  0.348  0.077       50
 53:     0.088  0.453  0.067  0.110  0.052  0.038  0.039  0.070  0.083       50
 54:     0.086  0.110  0.100  0.378  0.074  0.037  0.032  0.119  0.064       44
 55:     0.119  0.200  0.147  0.115  0.095  0.053  0.076  0.142  0.055       50
 56:     0.029  0.691  0.077  0.029  0.038  0.024  0.036  0.050  0.026       30
 57:     0.105  0.138  0.120  0.216  0.121  0.053  0.036  0.160  0.051       50
 58:     0.087  0.218  0.136  0.136  0.165  0.056  0.039  0.098  0.065       50
 59:     0.049  0.217  0.134  0.228  0.119  0.048  0.036  0.075  0.094       33
 60:     0.251  0.180  0.053  0.270  0.021  0.019  0.014  0.116  0.076        9
 61:     0.065  0.144  0.113  0.250  0.089  0.075  0.058  0.101  0.105       50
 62:     0.115  0.267  0.218  0.187  0.053  0.033  0.028  0.071  0.028       32
 63:     0.102  0.220  0.159  0.151  0.110  0.045  0.060  0.090  0.064       50
 64:     0.098  0.478  0.080  0.069  0.077  0.053  0.037  0.081  0.026       50
 65:     0.047  0.602  0.055  0.061  0.039  0.022  0.043  0.065  0.064       29
 66:     0.071  0.256  0.130  0.161  0.109  0.035  0.055  0.112  0.071       50
 67:     0.068  0.353  0.052  0.066  0.094  0.090  0.078  0.133  0.065       31
 68:     0.083  0.288  0.131  0.108  0.093  0.077  0.047  0.117  0.058       27
 69:     0.107  0.177  0.140  0.214  0.055  0.074  0.060  0.118  0.054       20
 70:     0.074  0.206  0.143  0.199  0.107  0.063  0.053  0.096  0.060       50
 71:     0.082  0.111  0.052  0.096  0.149  0.052  0.053  0.343  0.061       50
 72:     0.079  0.425  0.121  0.107  0.067  0.078  0.048  0.034  0.041       37
 73:     0.071  0.046  0.069  0.036  0.114  0.079  0.439  0.083  0.063       81
 74:     0.068  0.065  0.103  0.041  0.057  0.425  0.092  0.097  0.051       50
 75:     0.178  0.140  0.086  0.174  0.095  0.129  0.055  0.093  0.052       50
 76:     0.079  0.058  0.089  0.091  0.147  0.230  0.066  0.137  0.103       89
 77:     0.167  0.055  0.083  0.225  0.060  0.145  0.092  0.073  0.100      100
 78:     0.051  0.050  0.050  0.046  0.049  0.126  0.486  0.051  0.091       94
 79:     0.162  0.076  0.069  0.050  0.174  0.138  0.117  0.131  0.084      100
 80:     0.091  0.047  0.066  0.063  0.047  0.417  0.104  0.089  0.076       50
 81:     0.100  0.108  0.077  0.098  0.159  0.243  0.045  0.108  0.063      100
 82:     0.203  0.092  0.086  0.155  0.114  0.126  0.081  0.076  0.068       98
 83:     0.202  0.109  0.021  0.037  0.036  0.405  0.072  0.056  0.063       50
 84:     0.049  0.059  0.038  0.029  0.051  0.052  0.626  0.045  0.051       99
 85:     0.175  0.096  0.150  0.142  0.081  0.117  0.071  0.082  0.086       99
 86:     0.098  0.038  0.048  0.108  0.076  0.369  0.097  0.084  0.081      100
 87:     0.110  0.064  0.059  0.079  0.085  0.338  0.056  0.067  0.142      100
 88:     0.123  0.040  0.076  0.058  0.083  0.383  0.058  0.094  0.086      100
 89:     0.156  0.078  0.099  0.097  0.086  0.176  0.100  0.108  0.100       99
 90:     0.064  0.100  0.074  0.062  0.101  0.356  0.119  0.051  0.072       48
 91:     0.022  0.074  0.074  0.069  0.154  0.050  0.480  0.037  0.040       28
 92:     0.054  0.063  0.060  0.065  0.056  0.355  0.080  0.091  0.177       50
 93:     0.059  0.067  0.070  0.057  0.056  0.448  0.141  0.070  0.032      100
 94:     0.082  0.050  0.055  0.079  0.114  0.394  0.057  0.099  0.071       50
 95:     0.065  0.060  0.046  0.117  0.080  0.075  0.406  0.089  0.061       41
 96:     0.148  0.059  0.068  0.098  0.066  0.269  0.066  0.132  0.093       81
 97:     0.088  0.048  0.085  0.060  0.097  0.440  0.042  0.087  0.055       50
 98:     0.517  0.106  0.041  0.048  0.047  0.077  0.044  0.057  0.063      100
 99:     0.111  0.102  0.114  0.083  0.117  0.130  0.106  0.138  0.100       89
100:     0.241  0.116  0.065  0.108  0.100  0.132  0.069  0.074  0.094       98
101:     0.130  0.065  0.076  0.103  0.109  0.185  0.149  0.096  0.087      100
102:     0.020  0.017  0.015  0.009  0.015  0.022  0.018  0.014  0.868       95
103:     0.327  0.043  0.089  0.098  0.135  0.112  0.059  0.093  0.044       50
104:     0.079  0.046  0.054  0.087  0.086  0.446  0.096  0.052  0.055       70
105:     0.064  0.046  0.062  0.075  0.052  0.110  0.466  0.056  0.069      100
106:     0.128  0.072  0.059  0.053  0.065  0.283  0.071  0.134  0.134       50
107:     0.121  0.078  0.063  0.078  0.074  0.287  0.063  0.104  0.132      100
108:     0.362  0.046  0.032  0.059  0.034  0.176  0.089  0.171  0.031       50
109:     0.083  0.098  0.108  0.105  0.079  0.257  0.081  0.123  0.066      100
110:     0.064  0.045  0.046  0.086  0.063  0.069  0.475  0.044  0.108       41
111:     0.066  0.058  0.078  0.066  0.092  0.098  0.379  0.084  0.079      100
112:     0.209  0.059  0.064  0.077  0.069  0.245  0.080  0.157  0.039       50
113:     0.073  0.062  0.048  0.070  0.080  0.395  0.062  0.118  0.092       97
114:     0.070  0.058  0.058  0.114  0.090  0.105  0.327  0.071  0.107      100
115:     0.060  0.067  0.042  0.058  0.084  0.432  0.090  0.053  0.115       49
116:     0.112  0.051  0.077  0.094  0.085  0.292  0.100  0.101  0.087      100
117:     0.188  0.075  0.089  0.050  0.116  0.188  0.133  0.092  0.069       50
118:     0.216  0.062  0.074  0.063  0.061  0.207  0.094  0.159  0.064      100
119:     0.133  0.084  0.102  0.099  0.083  0.157  0.113  0.092  0.137       90
120:     0.120  0.131  0.113  0.152  0.107  0.067  0.095  0.150  0.066       70
121:     0.477  0.076  0.047  0.086  0.123  0.043  0.036  0.047  0.066       82
122:     0.051  0.028  0.033  0.690  0.054  0.028  0.040  0.032  0.043       66
123:     0.008  0.047  0.021  0.084  0.636  0.033  0.069  0.037  0.065       28
124:     0.027  0.053  0.630  0.038  0.143  0.016  0.048  0.020  0.025       44
125:     0.075  0.045  0.569  0.099  0.073  0.030  0.033  0.045  0.031       60
126:     0.057  0.039  0.610  0.097  0.049  0.043  0.034  0.042  0.029       83
127:     0.072  0.064  0.590  0.054  0.040  0.029  0.062  0.049  0.039       49
128:     0.054  0.063  0.652  0.038  0.040  0.037  0.039  0.045  0.032       84
129:     0.066  0.148  0.380  0.067  0.044  0.052  0.042  0.127  0.074       53
130:     0.031  0.123  0.438  0.076  0.107  0.040  0.031  0.079  0.075       58
131:     0.094  0.121  0.384  0.105  0.066  0.055  0.042  0.070  0.062       78
132:     0.070  0.069  0.432  0.081  0.128  0.077  0.035  0.067  0.041       59
133:     0.070  0.081  0.434  0.103  0.092  0.034  0.046  0.066  0.073       41
134:     0.075  0.082  0.341  0.105  0.095  0.075  0.059  0.055  0.113       42
135:     0.059  0.268  0.253  0.091  0.054  0.041  0.031  0.122  0.080       30
136:     0.055  0.228  0.297  0.155  0.050  0.039  0.034  0.080  0.063       53
137:     0.143  0.156  0.026  0.062  0.173  0.111  0.052  0.199  0.077       58
138:     0.105  0.094  0.109  0.133  0.132  0.054  0.047  0.248  0.079       84
139:     0.373  0.139  0.075  0.197  0.051  0.018  0.025  0.082  0.040       81
140:     0.750  0.028  0.039  0.042  0.053  0.013  0.017  0.036  0.021       30
141:     0.546  0.048  0.048  0.114  0.127  0.024  0.017  0.050  0.025       37
142:     0.194  0.214  0.066  0.229  0.092  0.027  0.049  0.081  0.047       46
143:     0.089  0.187  0.045  0.389  0.051  0.047  0.042  0.074  0.077       55
144:     0.074  0.452  0.089  0.076  0.058  0.059  0.040  0.079  0.074       52
145:     0.087  0.413  0.065  0.125  0.084  0.039  0.047  0.086  0.054       73
146:     0.052  0.275  0.083  0.180  0.092  0.047  0.048  0.125  0.099       73
147:     0.094  0.462  0.099  0.078  0.043  0.057  0.044  0.057  0.066       53
148:     0.084  0.386  0.080  0.124  0.092  0.057  0.031  0.090  0.057       52
149:     0.065  0.341  0.060  0.193  0.092  0.047  0.022  0.115  0.065       44
150:     0.084  0.335  0.074  0.141  0.081  0.050  0.085  0.080  0.071       80
151:     0.111  0.321  0.088  0.119  0.099  0.049  0.055  0.076  0.081       49
152:     0.121  0.081  0.058  0.092  0.141  0.110  0.045  0.319  0.034       34
153:     0.127  0.117  0.140  0.105  0.127  0.096  0.056  0.127  0.106      100
--------------------------------------------

 Rep#:   Lambda   Alpha      F1    F2    F3    F4    F5    F6    F7    F8    F9     D1,2  D1,3  D1,4  D1,5  D1,6  D1,7  D1,8  D1,9  D2,3  D2,4  D2,5  D2,6  D2,7  D2,8  D2,9  D3,4  D3,5  D3,6  D3,7  D3,8  D3,9  D4,5  D4,6  D4,7  D4,8  D4,9  D5,6  D5,7  D5,8  D5,9  D6,7  D6,8  D6,9  D7,8  D7,9  D8,9    Ln Like 
 1000:    1.00    0.191    0.029 0.028 0.029 0.019 0.022 0.026 0.037 0.011 0.057    0.026 0.051 0.030 0.029 0.039 0.060 0.021 0.045 0.038 0.024 0.031 0.046 0.072 0.021 0.045 0.027 0.036 0.060 0.074 0.037 0.057 0.024 0.040 0.055 0.023 0.037 0.039 0.036 0.017 0.043 0.042 0.026 0.045 0.043 0.064 0.038   --  
 2000:    1.00    0.138    0.028 0.021 0.021 0.018 0.017 0.022 0.045 0.011 0.034    0.019 0.043 0.027 0.025 0.038 0.062 0.023 0.039 0.029 0.025 0.021 0.035 0.062 0.021 0.035 0.026 0.027 0.045 0.066 0.041 0.051 0.019 0.029 0.045 0.024 0.032 0.031 0.037 0.019 0.036 0.038 0.020 0.029 0.038 0.056 0.031   --  
 3000:    1.00    0.111    0.021 0.022 0.024 0.014 0.016 0.015 0.029 0.009 0.041    0.017 0.036 0.025 0.017 0.032 0.049 0.017 0.033 0.027 0.023 0.015 0.031 0.051 0.022 0.033 0.024 0.025 0.041 0.053 0.035 0.046 0.018 0.026 0.028 0.020 0.030 0.027 0.034 0.013 0.031 0.032 0.018 0.028 0.030 0.048 0.027   --  
 4000:    1.00    0.098    0.028 0.018 0.022 0.016 0.015 0.016 0.027 0.009 0.041    0.019 0.034 0.028 0.018 0.033 0.052 0.019 0.033 0.024 0.024 0.016 0.031 0.053 0.019 0.032 0.023 0.025 0.039 0.054 0.033 0.043 0.018 0.026 0.030 0.021 0.031 0.027 0.033 0.013 0.030 0.030 0.016 0.026 0.032 0.048 0.024   --  
 5000:    1.00    0.093    0.020 0.018 0.028 0.019 0.012 0.018 0.029 0.009 0.040    0.016 0.031 0.026 0.017 0.034 0.048 0.016 0.030 0.026 0.025 0.015 0.033 0.053 0.019 0.033 0.025 0.024 0.042 0.055 0.032 0.045 0.017 0.026 0.027 0.019 0.030 0.025 0.033 0.011 0.026 0.032 0.016 0.025 0.034 0.046 0.022   --  
 6000:    1.00    0.089    0.022 0.015 0.026 0.015 0.015 0.017 0.029 0.010 0.031    0.019 0.035 0.027 0.020 0.032 0.051 0.018 0.030 0.026 0.022 0.016 0.029 0.052 0.017 0.027 0.025 0.024 0.037 0.055 0.035 0.040 0.017 0.023 0.030 0.022 0.025 0.025 0.036 0.015 0.026 0.029 0.016 0.021 0.038 0.044 0.019   --  
 7000:    1.00    0.086    0.021 0.017 0.025 0.015 0.015 0.016 0.034 0.008 0.028    0.018 0.030 0.023 0.019 0.034 0.051 0.020 0.032 0.024 0.022 0.018 0.033 0.054 0.019 0.031 0.021 0.026 0.036 0.054 0.031 0.043 0.016 0.023 0.030 0.018 0.025 0.026 0.034 0.014 0.028 0.028 0.015 0.025 0.034 0.046 0.020   --  
 8000:    1.00    0.084    0.021 0.016 0.022 0.015 0.014 0.016 0.031 0.010 0.033    0.018 0.029 0.024 0.019 0.033 0.051 0.021 0.030 0.023 0.021 0.014 0.030 0.050 0.017 0.028 0.022 0.024 0.036 0.053 0.033 0.037 0.016 0.022 0.027 0.021 0.026 0.025 0.033 0.014 0.026 0.026 0.015 0.024 0.036 0.045 0.022   --  
 9000:    1.00    0.079    0.019 0.017 0.024 0.015 0.012 0.017 0.029 0.010 0.029    0.016 0.028 0.021 0.017 0.029 0.044 0.018 0.029 0.023 0.022 0.015 0.030 0.049 0.019 0.029 0.022 0.023 0.034 0.049 0.033 0.038 0.015 0.023 0.029 0.020 0.027 0.022 0.030 0.012 0.025 0.026 0.014 0.023 0.030 0.044 0.020   --  

--------------------------------------------
Proportion of membership of each pre-defined
 population in each of the 9 clusters

Given    Inferred Clusters                                                 Number of
 Pop       1      2      3      4      5      6      7      8      9      Individuals

  1:     0.080  0.078  0.072  0.433  0.070  0.032  0.112  0.086  0.037       45
  2:     0.018  0.006  0.023  0.020  0.014  0.007  0.866  0.034  0.011       50
  3:     0.071  0.040  0.087  0.348  0.060  0.051  0.209  0.075  0.057       48
  4:     0.089  0.095  0.161  0.199  0.160  0.079  0.125  0.061  0.031       50
  5:     0.042  0.051  0.085  0.145  0.343  0.104  0.038  0.085  0.105       50
  6:     0.078  0.119  0.100  0.154  0.233  0.063  0.067  0.125  0.060       49
  7:     0.048  0.138  0.110  0.090  0.337  0.080  0.011  0.132  0.055       43
  8:     0.128  0.118  0.064  0.066  0.484  0.027  0.020  0.064  0.030       46
  9:     0.039  0.053  0.032  0.640  0.035  0.043  0.042  0.046  0.071       60
 10:     0.128  0.076  0.041  0.121  0.267  0.094  0.075  0.156  0.041       38
 11:     0.135  0.058  0.033  0.053  0.510  0.045  0.040  0.107  0.019       50
 12:     0.147  0.052  0.070  0.108  0.405  0.051  0.067  0.049  0.051       48
 13:     0.047  0.115  0.093  0.291  0.144  0.102  0.081  0.054  0.073       50
 14:     0.058  0.034  0.067  0.076  0.119  0.069  0.519  0.023  0.036       57
 15:     0.038  0.032  0.100  0.387  0.054  0.041  0.193  0.069  0.087       48
 16:     0.006  0.014  0.010  0.029  0.044  0.011  0.843  0.023  0.020       48
 17:     0.047  0.061  0.067  0.439  0.103  0.060  0.125  0.037  0.062       50
 18:     0.062  0.094  0.082  0.148  0.282  0.101  0.034  0.121  0.077       44
 19:     0.031  0.094  0.065  0.266  0.394  0.058  0.031  0.025  0.036       50
 20:     0.126  0.105  0.037  0.017  0.579  0.021  0.019  0.071  0.024       50
 21:     0.016  0.013  0.038  0.078  0.012  0.017  0.799  0.017  0.011       48
 22:     0.089  0.083  0.070  0.139  0.179  0.107  0.180  0.110  0.043       50
 23:     0.077  0.063  0.065  0.150  0.370  0.075  0.049  0.094  0.057       49
 24:     0.057  0.054  0.114  0.098  0.430  0.069  0.099  0.040  0.038       50
 25:     0.110  0.095  0.093  0.085  0.342  0.108  0.050  0.065  0.050       50
 26:     0.135  0.070  0.097  0.173  0.287  0.055  0.050  0.064  0.068       50
 27:     0.040  0.011  0.115  0.095  0.057  0.071  0.445  0.096  0.070       55
 28:     0.068  0.040  0.028  0.237  0.077  0.040  0.370  0.093  0.046       50
 29:     0.101  0.293  0.094  0.149  0.162  0.066  0.038  0.063  0.033      108
 30:     0.154  0.255  0.138  0.110  0.122  0.046  0.056  0.063  0.055      109
 31:     0.053  0.101  0.037  0.097  0.467  0.047  0.042  0.109  0.047       49
 32:     0.086  0.078  0.092  0.284  0.228  0.057  0.059  0.045  0.071       50
 33:     0.077  0.068  0.048  0.333  0.100  0.073  0.120  0.049  0.132       50
 34:     0.083  0.031  0.060  0.126  0.053  0.092  0.428  0.060  0.066       50
 35:     0.066  0.042  0.099  0.320  0.099  0.057  0.164  0.120  0.032       50
 36:     0.094  0.072  0.103  0.151  0.458  0.040  0.029  0.041  0.013       39
 37:     0.123  0.082  0.025  0.161  0.238  0.046  0.044  0.220  0.060       47
 38:     0.100  0.082  0.099  0.111  0.341  0.050  0.050  0.100  0.065       67
 39:     0.049  0.083  0.008  0.239  0.391  0.098  0.021  0.060  0.052       34
 40:     0.066  0.068  0.033  0.065  0.447  0.056  0.052  0.142  0.072       58
 41:     0.091  0.070  0.076  0.083  0.326  0.120  0.090  0.084  0.060       86
 42:     0.125  0.140  0.076  0.152  0.181  0.115  0.048  0.124  0.040       44
 43:     0.056  0.067  0.056  0.042  0.578  0.016  0.014  0.080  0.092       44
 44:     0.092  0.041  0.053  0.085  0.072  0.076  0.496  0.046  0.040       50
 45:     0.093  0.070  0.120  0.116  0.348  0.085  0.045  0.056  0.067       35
 46:     0.093  0.058  0.068  0.348  0.102  0.088  0.132  0.055  0.058       50
 47:     0.077  0.054  0.067  0.221  0.356  0.040  0.036  0.078  0.070       36
 48:     0.051  0.027  0.096  0.139  0.136  0.128  0.315  0.058  0.052       53
 49:     0.035  0.057  0.031  0.045  0.043  0.048  0.674  0.037  0.031       57
 50:     0.120  0.040  0.077  0.105  0.031  0.129  0.312  0.152  0.034       49
 51:     0.032  0.065  0.138  0.320  0.077  0.035  0.202  0.028  0.103       42
 52:     0.048  0.109  0.039  0.064  0.475  0.094  0.075  0.048  0.047       50
 53:     0.071  0.533  0.076  0.056  0.117  0.028  0.018  0.069  0.032       50
 54:     0.088  0.367  0.203  0.104  0.065  0.033  0.033  0.062  0.044       44
 55:     0.144  0.211  0.162  0.180  0.122  0.014  0.049  0.087  0.031       50
 56:     0.026  0.859  0.011  0.025  0.012  0.016  0.022  0.015  0.014       30
 57:     0.104  0.153  0.107  0.216  0.195  0.060  0.046  0.060  0.059       50
 58:     0.068  0.289  0.150  0.143  0.132  0.022  0.037  0.114  0.045       50
 59:     0.104  0.221  0.139  0.143  0.178  0.023  0.018  0.104  0.068       33
 60:     0.134  0.386  0.090  0.172  0.094  0.039  0.064  0.018  0.002        9
 61:     0.104  0.260  0.116  0.179  0.124  0.047  0.053  0.062  0.055       50
 62:     0.105  0.306  0.177  0.220  0.056  0.011  0.060  0.023  0.042       32
 63:     0.115  0.284  0.146  0.196  0.080  0.033  0.059  0.047  0.040       50
 64:     0.036  0.513  0.068  0.082  0.088  0.105  0.032  0.056  0.019       50
 65:     0.011  0.830  0.016  0.011  0.027  0.012  0.062  0.016  0.016       29
 66:     0.084  0.294  0.134  0.235  0.060  0.054  0.038  0.052  0.050       50
 67:     0.164  0.335  0.058  0.108  0.051  0.045  0.028  0.132  0.079       31
 68:     0.148  0.381  0.144  0.095  0.064  0.030  0.033  0.072  0.031       27
 69:     0.186  0.259  0.127  0.216  0.099  0.036  0.014  0.034  0.029       20
 70:     0.106  0.294  0.100  0.132  0.152  0.062  0.036  0.051  0.067       50
 71:     0.079  0.069  0.036  0.088  0.511  0.036  0.068  0.060  0.054       50
 72:     0.145  0.424  0.052  0.078  0.092  0.035  0.049  0.060  0.066       37
 73:     0.046  0.028  0.056  0.092  0.046  0.075  0.558  0.038  0.061       81
 74:     0.055  0.048  0.066  0.011  0.063  0.610  0.036  0.061  0.050       50
 75:     0.095  0.173  0.096  0.086  0.102  0.133  0.052  0.214  0.048       50
 76:     0.072  0.082  0.054  0.106  0.081  0.283  0.054  0.151  0.118       89
 77:     0.075  0.043  0.052  0.125  0.031  0.103  0.052  0.392  0.127      100
 78:     0.042  0.019  0.046  0.051  0.020  0.085  0.625  0.051  0.062       94
 79:     0.057  0.035  0.068  0.080  0.228  0.063  0.127  0.301  0.040      100
 80:     0.060  0.046  0.044  0.046  0.014  0.560  0.081  0.098  0.052       50
 81:     0.095  0.047  0.082  0.083  0.130  0.395  0.050  0.063  0.056      100
 82:     0.114  0.115  0.104  0.143  0.094  0.102  0.062  0.180  0.086       98
 83:     0.031  0.023  0.012  0.018  0.024  0.078  0.032  0.677  0.105       50
 84:     0.030  0.015  0.017  0.047  0.038  0.063  0.717  0.042  0.031       99
 85:     0.132  0.095  0.061  0.095  0.125  0.102  0.040  0.176  0.173       99
 86:     0.062  0.047  0.056  0.081  0.060  0.188  0.063  0.134  0.309      100
 87:     0.074  0.034  0.045  0.039  0.052  0.087  0.040  0.079  0.549      100
 88:     0.037  0.037  0.040  0.041  0.064  0.496  0.062  0.153  0.070      100
 89:     0.128  0.046  0.061  0.152  0.108  0.141  0.069  0.152  0.142       99
 90:     0.029  0.058  0.062  0.031  0.135  0.373  0.096  0.123  0.093       48
 91:     0.084  0.097  0.030  0.089  0.049  0.057  0.505  0.052  0.037       28
 92:     0.069  0.022  0.049  0.080  0.017  0.453  0.094  0.090  0.125       50
 93:     0.052  0.064  0.032  0.051  0.019  0.610  0.082  0.048  0.042      100
 94:     0.060  0.042  0.022  0.060  0.079  0.480  0.020  0.194  0.042       50
 95:     0.063  0.041  0.028  0.155  0.088  0.033  0.506  0.029  0.057       41
 96:     0.106  0.081  0.057  0.040  0.099  0.269  0.055  0.198  0.095       81
 97:     0.060  0.048  0.045  0.059  0.029  0.471  0.048  0.149  0.091       50
 98:     0.111  0.095  0.039  0.059  0.077  0.047  0.026  0.492  0.054      100
 99:     0.127  0.078  0.126  0.087  0.124  0.134  0.053  0.196  0.074       89
100:     0.233  0.084  0.055  0.097  0.065  0.046  0.050  0.237  0.134       98
101:     0.097  0.074  0.048  0.118  0.071  0.205  0.144  0.149  0.094      100
102:     0.007  0.013  0.007  0.012  0.007  0.011  0.010  0.013  0.919       95
103:     0.137  0.064  0.062  0.075  0.024  0.065  0.028  0.529  0.018       50
104:     0.043  0.019  0.058  0.085  0.061  0.394  0.046  0.100  0.195       70
105:     0.069  0.026  0.053  0.065  0.028  0.089  0.557  0.059  0.056      100
106:     0.090  0.039  0.036  0.051  0.071  0.360  0.069  0.182  0.102       50
107:     0.057  0.041  0.022  0.045  0.044  0.116  0.051  0.131  0.494      100
108:     0.040  0.020  0.016  0.025  0.058  0.043  0.046  0.720  0.032       50
109:     0.043  0.106  0.100  0.153  0.077  0.228  0.046  0.185  0.063      100
110:     0.054  0.060  0.047  0.061  0.055  0.043  0.558  0.080  0.041       41
111:     0.055  0.044  0.056  0.110  0.028  0.067  0.515  0.085  0.040      100
112:     0.085  0.064  0.011  0.030  0.067  0.081  0.061  0.555  0.046       50
113:     0.046  0.065  0.030  0.027  0.057  0.109  0.064  0.189  0.415       97
114:     0.053  0.037  0.032  0.082  0.054  0.078  0.466  0.084  0.113      100
115:     0.042  0.022  0.051  0.067  0.076  0.483  0.108  0.097  0.054       49
116:     0.080  0.034  0.061  0.066  0.098  0.407  0.050  0.106  0.099      100
117:     0.090  0.106  0.051  0.075  0.112  0.184  0.115  0.209  0.058       50
118:     0.056  0.051  0.043  0.034  0.043  0.151  0.058  0.480  0.083      100
119:     0.191  0.053  0.077  0.108  0.098  0.190  0.067  0.124  0.091       90
120:     0.107  0.167  0.110  0.209  0.167  0.081  0.059  0.074  0.025       70
121:     0.768  0.040  0.030  0.037  0.042  0.023  0.011  0.035  0.014       82
122:     0.112  0.027  0.056  0.679  0.036  0.035  0.024  0.012  0.020       66
123:     0.728  0.011  0.009  0.036  0.046  0.108  0.021  0.007  0.033       28
124:     0.022  0.020  0.749  0.068  0.044  0.019  0.037  0.033  0.009       44
125:     0.037  0.033  0.710  0.101  0.024  0.023  0.043  0.016  0.013       60
126:     0.017  0.049  0.757  0.059  0.027  0.025  0.031  0.017  0.018       83
127:     0.020  0.020  0.763  0.031  0.055  0.024  0.019  0.033  0.035       49
128:     0.023  0.029  0.783  0.034  0.040  0.030  0.026  0.021  0.014       84
129:     0.042  0.201  0.469  0.008  0.084  0.026  0.046  0.064  0.059       53
130:     0.050  0.157  0.565  0.014  0.053  0.058  0.025  0.035  0.042       58
131:     0.076  0.094  0.538  0.097  0.044  0.034  0.014  0.031  0.073       78
132:     0.049  0.081  0.633  0.071  0.030  0.025  0.029  0.044  0.037       59
133:     0.064  0.056  0.614  0.095  0.065  0.030  0.035  0.013  0.028       41
134:     0.051  0.142  0.423  0.067  0.065  0.071  0.041  0.051  0.087       42
135:     0.018  0.370  0.337  0.066  0.082  0.021  0.017  0.047  0.041       30
136:     0.077  0.265  0.355  0.107  0.060  0.015  0.027  0.021  0.072       53
137:     0.101  0.072  0.056  0.073  0.329  0.085  0.072  0.152  0.061       58
138:     0.104  0.204  0.089  0.126  0.210  0.054  0.051  0.091  0.070       84
139:     0.679  0.116  0.035  0.065  0.027  0.021  0.025  0.019  0.013       81
140:     0.882  0.012  0.032  0.002  0.011  0.011  0.019  0.027  0.004       30
141:     0.787  0.045  0.022  0.043  0.021  0.009  0.009  0.033  0.032       37
142:     0.466  0.269  0.081  0.041  0.033  0.021  0.018  0.038  0.033       46
143:     0.228  0.456  0.021  0.084  0.064  0.037  0.044  0.032  0.035       55
144:     0.177  0.520  0.077  0.041  0.075  0.007  0.026  0.024  0.053       52
145:     0.086  0.531  0.026  0.109  0.101  0.015  0.022  0.065  0.046       73
146:     0.109  0.339  0.072  0.162  0.077  0.089  0.029  0.048  0.074       73
147:     0.065  0.559  0.067  0.030  0.083  0.024  0.026  0.087  0.059       53
148:     0.112  0.484  0.093  0.049  0.063  0.053  0.011  0.090  0.046       52
149:     0.082  0.451  0.033  0.072  0.180  0.094  0.010  0.036  0.043       44
150:     0.142  0.452  0.079  0.072  0.097  0.036  0.041  0.027  0.053       80
151:     0.122  0.422  0.058  0.098  0.095  0.048  0.031  0.088  0.038       49
152:     0.107  0.058  0.067  0.171  0.250  0.121  0.027  0.119  0.080       34
153:     0.083  0.160  0.194  0.144  0.121  0.095  0.036  0.081  0.085      100
--------------------------------------------

 Rep#:   Lambda   Alpha      F1    F2    F3    F4    F5    F6    F7    F8    F9     D1,2  D1,3  D1,4  D1,5  D1,6  D1,7  D1,8  D1,9  D2,3  D2,4  D2,5  D2,6  D2,7  D2,8  D2,9  D3,4  D3,5  D3,6  D3,7  D3,8  D3,9  D4,5  D4,6  D4,7  D4,8  D4,9  D5,6  D5,7  D5,8  D5,9  D6,7  D6,8  D6,9  D7,8  D7,9  D8,9    Ln Like 
10000:    1.00    0.079    0.020 0.015 0.025 0.014 0.014 0.016 0.028 0.009 0.022    0.016 0.028 0.021 0.017 0.030 0.047 0.017 0.026 0.021 0.019 0.014 0.029 0.049 0.018 0.025 0.020 0.023 0.036 0.050 0.029 0.037 0.016 0.021 0.026 0.019 0.024 0.024 0.032 0.012 0.023 0.029 0.016 0.021 0.035 0.043 0.018   --  
11000:    1.00    0.077    0.020 0.016 0.021 0.016 0.014 0.013 0.030 0.011 0.026    0.016 0.029 0.021 0.017 0.028 0.045 0.019 0.028 0.021 0.020 0.013 0.027 0.047 0.018 0.028 0.022 0.023 0.033 0.052 0.033 0.038 0.015 0.020 0.023 0.020 0.026 0.024 0.031 0.013 0.024 0.029 0.015 0.023 0.033 0.043 0.020   --  
12000:    1.00    0.074    0.020 0.018 0.022 0.012 0.013 0.017 0.026 0.011 0.029    0.014 0.026 0.019 0.015 0.027 0.041 0.019 0.027 0.022 0.021 0.013 0.028 0.044 0.019 0.026 0.023 0.023 0.034 0.047 0.035 0.038 0.016 0.020 0.023 0.020 0.024 0.023 0.030 0.013 0.023 0.024 0.015 0.021 0.031 0.039 0.019   --  
13000:    1.00    0.072    0.022 0.018 0.021 0.015 0.013 0.017 0.027 0.010 0.031    0.015 0.027 0.024 0.016 0.031 0.044 0.019 0.029 0.024 0.023 0.014 0.031 0.047 0.017 0.029 0.022 0.023 0.033 0.047 0.034 0.040 0.016 0.021 0.023 0.021 0.026 0.025 0.030 0.013 0.024 0.024 0.016 0.023 0.031 0.038 0.020   --  
14000:    1.00    0.070    0.019 0.019 0.021 0.011 0.014 0.013 0.028 0.010 0.028    0.014 0.025 0.020 0.015 0.027 0.042 0.016 0.028 0.022 0.020 0.013 0.028 0.047 0.019 0.028 0.020 0.024 0.032 0.048 0.031 0.040 0.014 0.019 0.023 0.018 0.024 0.021 0.028 0.012 0.025 0.024 0.013 0.022 0.028 0.040 0.021   --  
15000:    1.00    0.068    0.020 0.014 0.019 0.013 0.015 0.013 0.022 0.009 0.028    0.016 0.029 0.022 0.016 0.028 0.043 0.017 0.027 0.022 0.021 0.013 0.027 0.043 0.016 0.027 0.021 0.024 0.032 0.045 0.031 0.039 0.015 0.020 0.022 0.019 0.024 0.023 0.031 0.013 0.023 0.023 0.013 0.021 0.030 0.038 0.020   --  
16000:    1.00    0.067    0.017 0.018 0.018 0.015 0.012 0.013 0.024 0.010 0.030    0.015 0.024 0.021 0.015 0.025 0.041 0.017 0.023 0.022 0.024 0.014 0.028 0.046 0.018 0.026 0.021 0.022 0.032 0.046 0.031 0.035 0.017 0.022 0.023 0.021 0.026 0.022 0.030 0.013 0.022 0.025 0.014 0.021 0.030 0.038 0.019   --  
17000:    1.00    0.069    0.023 0.015 0.024 0.017 0.013 0.015 0.027 0.010 0.034    0.014 0.025 0.021 0.017 0.026 0.042 0.018 0.028 0.022 0.024 0.014 0.029 0.046 0.019 0.029 0.022 0.023 0.033 0.047 0.030 0.039 0.017 0.021 0.023 0.018 0.025 0.023 0.031 0.013 0.026 0.025 0.012 0.022 0.028 0.039 0.019   --  
18000:    1.00    0.070    0.021 0.016 0.020 0.013 0.013 0.015 0.026 0.009 0.028    0.017 0.027 0.023 0.018 0.029 0.045 0.019 0.028 0.020 0.022 0.014 0.028 0.048 0.018 0.028 0.023 0.022 0.032 0.049 0.029 0.039 0.016 0.018 0.022 0.020 0.025 0.022 0.031 0.012 0.024 0.025 0.013 0.022 0.032 0.041 0.019   --  
19000:    1.00    0.071    0.021 0.015 0.021 0.018 0.015 0.013 0.028 0.011 0.028    0.016 0.029 0.021 0.017 0.031 0.044 0.018 0.028 0.022 0.022 0.014 0.028 0.045 0.016 0.025 0.022 0.026 0.034 0.047 0.030 0.039 0.017 0.022 0.023 0.018 0.026 0.023 0.030 0.013 0.024 0.024 0.014 0.022 0.031 0.041 0.018   --  

--------------------------------------------
Proportion of membership of each pre-defined
 population in each of the 9 clusters

Given    Inferred Clusters                                                 Number of
 Pop       1      2      3      4      5      6      7      8      9      Individuals

  1:     0.022  0.059  0.093  0.491  0.120  0.066  0.063  0.058  0.029       45
  2:     0.010  0.016  0.011  0.010  0.019  0.023  0.878  0.028  0.004       50
  3:     0.044  0.022  0.078  0.461  0.047  0.034  0.143  0.106  0.065       48
  4:     0.082  0.112  0.092  0.321  0.158  0.054  0.114  0.024  0.043       50
  5:     0.080  0.054  0.022  0.230  0.384  0.073  0.023  0.075  0.059       50
  6:     0.105  0.105  0.110  0.146  0.258  0.051  0.081  0.115  0.029       49
  7:     0.060  0.142  0.052  0.117  0.333  0.095  0.040  0.114  0.047       43
  8:     0.133  0.103  0.043  0.023  0.511  0.051  0.048  0.071  0.018       46
  9:     0.059  0.034  0.048  0.614  0.019  0.030  0.039  0.071  0.085       60
 10:     0.080  0.076  0.063  0.163  0.265  0.106  0.052  0.146  0.048       38
 11:     0.109  0.103  0.053  0.068  0.490  0.039  0.047  0.066  0.024       50
 12:     0.096  0.054  0.037  0.164  0.512  0.046  0.024  0.042  0.026       48
 13:     0.024  0.091  0.133  0.306  0.190  0.079  0.080  0.040  0.057       50
 14:     0.100  0.042  0.037  0.078  0.048  0.077  0.527  0.028  0.063       57
 15:     0.053  0.046  0.073  0.288  0.058  0.046  0.225  0.109  0.103       48
 16:     0.020  0.019  0.023  0.008  0.032  0.035  0.818  0.027  0.018       48
 17:     0.089  0.060  0.055  0.380  0.060  0.059  0.159  0.063  0.075       50
 18:     0.067  0.099  0.069  0.130  0.256  0.119  0.071  0.107  0.082       44
 19:     0.028  0.075  0.040  0.234  0.447  0.085  0.029  0.045  0.018       50
 20:     0.120  0.094  0.023  0.016  0.568  0.037  0.036  0.069  0.037       50
 21:     0.030  0.010  0.035  0.016  0.018  0.037  0.792  0.042  0.020       48
 22:     0.086  0.070  0.099  0.246  0.195  0.109  0.113  0.041  0.041       50
 23:     0.041  0.065  0.043  0.218  0.320  0.043  0.050  0.123  0.096       49
 24:     0.046  0.090  0.094  0.153  0.400  0.066  0.045  0.063  0.042       50
 25:     0.102  0.075  0.047  0.131  0.305  0.102  0.034  0.164  0.041       50
 26:     0.131  0.065  0.091  0.154  0.250  0.055  0.091  0.065  0.098       50
 27:     0.034  0.056  0.068  0.109  0.037  0.082  0.416  0.089  0.110       55
 28:     0.060  0.037  0.072  0.239  0.054  0.050  0.373  0.070  0.044       50
 29:     0.120  0.255  0.107  0.195  0.113  0.041  0.047  0.070  0.052      108
 30:     0.127  0.228  0.110  0.145  0.137  0.048  0.026  0.095  0.084      109
 31:     0.030  0.117  0.068  0.104  0.413  0.070  0.017  0.126  0.054       49
 32:     0.038  0.118  0.056  0.250  0.256  0.058  0.055  0.107  0.063       50
 33:     0.067  0.081  0.037  0.376  0.059  0.033  0.100  0.078  0.169       50
 34:     0.080  0.016  0.052  0.135  0.038  0.094  0.317  0.170  0.098       50
 35:     0.072  0.059  0.058  0.471  0.038  0.074  0.144  0.054  0.030       50
 36:     0.057  0.074  0.093  0.180  0.453  0.033  0.038  0.044  0.027       39
 37:     0.121  0.112  0.047  0.131  0.210  0.105  0.074  0.134  0.067       47
 38:     0.086  0.065  0.112  0.136  0.368  0.086  0.044  0.058  0.046       67
 39:     0.081  0.055  0.027  0.221  0.405  0.062  0.087  0.036  0.026       34
 40:     0.076  0.061  0.037  0.068  0.454  0.070  0.021  0.150  0.064       58
 41:     0.064  0.121  0.084  0.134  0.297  0.080  0.077  0.084  0.059       86
 42:     0.144  0.158  0.062  0.107  0.283  0.058  0.009  0.122  0.057       44
 43:     0.035  0.114  0.017  0.025  0.605  0.030  0.036  0.062  0.074       44
 44:     0.061  0.037  0.042  0.088  0.075  0.085  0.514  0.053  0.044       50
 45:     0.071  0.225  0.009  0.084  0.300  0.089  0.075  0.093  0.054       35
 46:     0.053  0.061  0.048  0.359  0.115  0.079  0.109  0.134  0.043       50
 47:     0.053  0.046  0.058  0.264  0.303  0.100  0.077  0.026  0.073       36
 48:     0.056  0.032  0.077  0.216  0.147  0.087  0.282  0.066  0.037       53
 49:     0.014  0.037  0.031  0.012  0.087  0.040  0.722  0.043  0.013       57
 50:     0.061  0.063  0.086  0.113  0.082  0.068  0.315  0.159  0.054       49
 51:     0.088  0.032  0.049  0.392  0.150  0.024  0.084  0.113  0.068       42
 52:     0.070  0.068  0.045  0.105  0.424  0.065  0.063  0.123  0.038       50
 53:     0.123  0.522  0.062  0.051  0.079  0.028  0.027  0.072  0.037       50
 54:     0.086  0.354  0.154  0.184  0.055  0.057  0.035  0.034  0.042       44
 55:     0.124  0.230  0.127  0.144  0.179  0.056  0.053  0.066  0.022       50
 56:     0.005  0.851  0.015  0.014  0.007  0.032  0.038  0.010  0.028       30
 57:     0.107  0.164  0.102  0.263  0.171  0.050  0.028  0.046  0.068       50
 58:     0.121  0.255  0.116  0.209  0.081  0.045  0.044  0.070  0.058       50
 59:     0.074  0.273  0.179  0.075  0.156  0.048  0.034  0.062  0.098       33
 60:     0.235  0.224  0.089  0.155  0.191  0.009  0.034  0.006  0.056        9
 61:     0.085  0.264  0.188  0.225  0.076  0.047  0.025  0.036  0.055       50
 62:     0.065  0.371  0.264  0.111  0.070  0.027  0.021  0.045  0.026       32
 63:     0.067  0.344  0.107  0.143  0.102  0.064  0.067  0.068  0.037       50
 64:     0.044  0.539  0.074  0.056  0.092  0.096  0.019  0.018  0.063       50
 65:     0.036  0.709  0.083  0.026  0.024  0.030  0.039  0.013  0.040       29
 66:     0.102  0.302  0.077  0.226  0.151  0.015  0.035  0.056  0.035       50
 67:     0.157  0.376  0.048  0.049  0.155  0.038  0.051  0.034  0.092       31
 68:     0.092  0.488  0.045  0.142  0.096  0.013  0.016  0.070  0.037       27
 69:     0.224  0.122  0.183  0.177  0.093  0.041  0.008  0.118  0.034       20
 70:     0.073  0.359  0.121  0.200  0.094  0.035  0.032  0.043  0.044       50
 71:     0.093  0.101  0.030  0.121  0.455  0.075  0.065  0.040  0.019       50
 72:     0.046  0.494  0.114  0.144  0.049  0.021  0.066  0.048  0.019       37
 73:     0.038  0.038  0.076  0.062  0.044  0.071  0.580  0.052  0.039       81
 74:     0.045  0.044  0.078  0.029  0.048  0.481  0.039  0.101  0.134       50
 75:     0.104  0.182  0.117  0.036  0.162  0.082  0.032  0.217  0.067       50
 76:     0.085  0.036  0.065  0.128  0.115  0.245  0.083  0.161  0.081       89
 77:     0.112  0.052  0.074  0.105  0.048  0.067  0.039  0.406  0.098      100
