

----------------------------------------------------
STRUCTURE by Pritchard, Stephens and Donnelly (2000)
     and Falush, Stephens and Pritchard (2003)
       Code by Pritchard, Falush and Hubisz
             Version 2.3.4 (Jul 2012)
----------------------------------------------------



Command line arguments:   structure -m /global/home/hpc3579/Salmon-Project/STRUCTURE/NEWFOUNDLANDoutput/mainparamsnewfoundlandfiles/mainparamsnewfoundland5 -e /global/home/hpc3579/Salmon-Project/STRUCTURE/NEWFOUNDLANDoutput/extraparams_newfoundlandfile -K 5 
Input File:    /global/home/hpc3579/Salmon-Project/FileConversions/STRUCTUREOUTPUTNFL.txt

Run parameters:
   5235 individuals
   15 loci
   5 populations assumed
   100000 Burn-in period
   1000000 Reps


--------------------------------------------
Proportion of membership of each pre-defined
 population in each of the 5 clusters

Given    Inferred Clusters                     Number of
 Pop       1      2      3      4      5      Individuals

  1:     0.811  0.035  0.045  0.054  0.056       68
  2:     0.108  0.241  0.135  0.250  0.266       76
  3:     0.108  0.198  0.165  0.341  0.189       75
  4:     0.409  0.135  0.122  0.223  0.110       78
  5:     0.079  0.149  0.084  0.114  0.575       80
  6:     0.047  0.064  0.091  0.103  0.695       77
  7:     0.045  0.045  0.049  0.075  0.785       99
  8:     0.129  0.197  0.116  0.148  0.410       78
  9:     0.080  0.195  0.122  0.149  0.453       74
 10:     0.257  0.184  0.160  0.189  0.210      100
 11:     0.447  0.128  0.077  0.237  0.111      100
 12:     0.078  0.156  0.092  0.122  0.551       75
 13:     0.076  0.206  0.082  0.088  0.548       77
 14:     0.109  0.131  0.115  0.163  0.482       82
 15:     0.073  0.155  0.085  0.141  0.547       75
 16:     0.109  0.267  0.111  0.281  0.232       56
 17:     0.054  0.184  0.075  0.128  0.559       70
 18:     0.034  0.063  0.066  0.116  0.721       82
 19:     0.754  0.056  0.052  0.092  0.046       75
 20:     0.463  0.205  0.092  0.127  0.113       57
 21:     0.812  0.063  0.038  0.036  0.051      111
 22:     0.622  0.074  0.106  0.100  0.098       88
 23:     0.118  0.171  0.121  0.326  0.264       69
 24:     0.042  0.093  0.064  0.077  0.724       75
 25:     0.625  0.125  0.086  0.086  0.078      100
 26:     0.042  0.081  0.080  0.038  0.759       76
 27:     0.480  0.168  0.108  0.158  0.087       84
 28:     0.698  0.069  0.103  0.064  0.067       74
 29:     0.539  0.247  0.085  0.078  0.051       51
 30:     0.718  0.035  0.039  0.145  0.064       75
 31:     0.029  0.014  0.012  0.930  0.015       71
 32:     0.082  0.167  0.128  0.139  0.484       66
 33:     0.053  0.073  0.711  0.073  0.090       81
 34:     0.069  0.138  0.131  0.490  0.172       50
 35:     0.047  0.584  0.056  0.091  0.221       50
 36:     0.137  0.535  0.088  0.087  0.152      100
 37:     0.046  0.056  0.766  0.084  0.047       94
 38:     0.064  0.438  0.142  0.150  0.205      100
 39:     0.077  0.117  0.161  0.493  0.152       50
 40:     0.098  0.459  0.118  0.113  0.212       98
 41:     0.058  0.653  0.074  0.144  0.072       50
 42:     0.031  0.028  0.879  0.035  0.027       99
 43:     0.086  0.455  0.118  0.098  0.242       99
 44:     0.059  0.180  0.116  0.534  0.111      100
 45:     0.078  0.233  0.211  0.295  0.183       48
 46:     0.061  0.065  0.736  0.040  0.097       28
 47:     0.121  0.146  0.182  0.449  0.101       50
 48:     0.051  0.075  0.169  0.577  0.128      100
 49:     0.046  0.139  0.120  0.570  0.125       50
 50:     0.049  0.079  0.729  0.044  0.098       41
 51:     0.083  0.164  0.124  0.460  0.168       50
 52:     0.060  0.698  0.065  0.104  0.072      100
 53:     0.110  0.544  0.092  0.074  0.180       98
 54:     0.092  0.242  0.246  0.200  0.221      100
 55:     0.913  0.019  0.021  0.024  0.022       95
 56:     0.065  0.693  0.055  0.061  0.127       50
 57:     0.155  0.196  0.133  0.365  0.151       70
 58:     0.055  0.077  0.723  0.066  0.079      100
 59:     0.094  0.194  0.105  0.435  0.172       50
 60:     0.032  0.839  0.047  0.039  0.043       50
 61:     0.075  0.393  0.147  0.235  0.150      100
 62:     0.034  0.067  0.803  0.043  0.052       41
 63:     0.044  0.081  0.733  0.070  0.071      100
 64:     0.046  0.616  0.115  0.155  0.069       50
 65:     0.081  0.078  0.697  0.055  0.089      100
 66:     0.046  0.143  0.157  0.540  0.114       49
 67:     0.073  0.169  0.168  0.395  0.195      100
 68:     0.076  0.359  0.293  0.172  0.101       50
 69:     0.041  0.599  0.093  0.159  0.107      100
--------------------------------------------

Allele-freq. divergence among pops (Net nucleotide distance),
computed using point estimates of P.

      1       2       3       4       5      
 1      -    0.0215  0.0322  0.0183  0.0236  
 2   0.0215     -    0.0199  0.0114  0.0092  
 3   0.0322  0.0199     -    0.0173  0.0190  
 4   0.0183  0.0114  0.0173     -    0.0122  
 5   0.0236  0.0092  0.0190  0.0122     -    

Average distances (expected heterozygosity) between individuals in same cluster:
cluster  1  : 0.8555 
cluster  2  : 0.8776 
cluster  3  : 0.8728 
cluster  4  : 0.8688 
cluster  5  : 0.8700 

--------------------------------------------
Estimated Ln Prob of Data   = -396577.7
Mean value of ln likelihood = -392545.2
Variance of ln likelihood   = 8065.0
Mean value of alpha         = 0.0960

Mean value of Fst_1         = 0.0237
Mean value of Fst_2         = 0.0090
Mean value of Fst_3         = 0.0167
Mean value of Fst_4         = 0.0128
Mean value of Fst_5         = 0.0125


Inferred ancestry of individuals:
        Label (%Miss) Pop:  Inferred clusters
  1    BBA_1    (0)    1 :  0.877 0.032 0.044 0.018 0.030 
  2    BBA_2    (0)    1 :  0.846 0.041 0.049 0.033 0.030 
  3    BBA_3    (0)    1 :  0.940 0.013 0.012 0.018 0.017 
  4    BBA_4    (0)    1 :  0.851 0.038 0.030 0.053 0.028 
  5    BBA_5    (0)    1 :  0.932 0.015 0.014 0.013 0.026 
  6    BBA_6    (0)    1 :  0.725 0.039 0.037 0.106 0.092 
  7    BBA_7    (0)    1 :  0.930 0.014 0.015 0.024 0.017 
  8    BBA_8    (0)    1 :  0.807 0.032 0.015 0.055 0.091 
  9    BBA_9    (0)    1 :  0.942 0.011 0.018 0.012 0.017 
 10   BBA_10    (0)    1 :  0.828 0.015 0.033 0.018 0.105 
 11   BBA_11    (0)    1 :  0.809 0.066 0.067 0.036 0.023 
 12   BBA_12    (0)    1 :  0.913 0.016 0.015 0.036 0.019 
 13   BBA_13    (0)    1 :  0.364 0.039 0.058 0.418 0.121 
 14   BBA_14    (0)    1 :  0.899 0.025 0.021 0.022 0.033 
 15   BBA_15    (0)    1 :  0.418 0.026 0.067 0.182 0.308 
 16   BBA_16    (0)    1 :  0.927 0.012 0.029 0.014 0.018 
 17   BBA_17    (0)    1 :  0.863 0.016 0.043 0.058 0.020 
 18   BBA_18    (0)    1 :  0.924 0.016 0.018 0.024 0.017 
 19   BBA_19    (0)    1 :  0.924 0.016 0.015 0.019 0.026 
 20   BBA_20    (0)    1 :  0.926 0.016 0.014 0.021 0.022 
 21   BBA_21    (0)    1 :  0.822 0.036 0.030 0.042 0.070 
 22   BBA_22    (0)    1 :  0.788 0.016 0.060 0.099 0.037 
 23   BBA_23    (0)    1 :  0.922 0.016 0.019 0.019 0.025 
 24   BBA_24    (0)    1 :  0.841 0.037 0.071 0.016 0.035 
 25   BBA_25    (0)    1 :  0.948 0.010 0.013 0.018 0.011 
 26   BBA_26    (0)    1 :  0.240 0.073 0.052 0.386 0.249 
 27   BBA_27    (0)    1 :  0.806 0.036 0.038 0.043 0.077 
 28   BBA_28    (0)    1 :  0.913 0.019 0.018 0.020 0.029 
 29   BBA_29    (0)    1 :  0.890 0.024 0.020 0.025 0.041 
 30   BBA_30    (0)    1 :  0.887 0.020 0.037 0.018 0.038 
 31   BBA_31    (0)    1 :  0.831 0.044 0.038 0.031 0.056 
 32   BBA_32    (0)    1 :  0.834 0.079 0.030 0.030 0.027 
 33   BBA_33    (0)    1 :  0.805 0.051 0.035 0.038 0.070 
 34   BBA_34    (0)    1 :  0.784 0.026 0.100 0.025 0.065 
 35   BBA_35    (0)    1 :  0.860 0.029 0.027 0.034 0.049 
 36   BBA_36    (0)    1 :  0.854 0.029 0.021 0.016 0.081 
 37   BBA_37    (0)    1 :  0.670 0.023 0.098 0.079 0.130 
 38   BBA_38    (0)    1 :  0.626 0.146 0.094 0.020 0.114 
 39   BBA_39    (0)    1 :  0.878 0.021 0.041 0.033 0.027 
 40   BBA_40    (0)    1 :  0.921 0.018 0.021 0.017 0.024 
 41   BBA_41    (0)    1 :  0.713 0.027 0.048 0.093 0.118 
 42   BBA_42    (0)    1 :  0.557 0.130 0.108 0.071 0.134 
 43   BBA_43    (0)    1 :  0.901 0.022 0.032 0.019 0.026 
 44   BBA_44    (0)    1 :  0.918 0.019 0.020 0.016 0.028 
 45   BBA_45    (0)    1 :  0.940 0.012 0.012 0.012 0.023 
 46   BBA_46    (0)    1 :  0.935 0.015 0.013 0.014 0.022 
 47   BBA_47    (0)    1 :  0.831 0.024 0.057 0.062 0.026 
 48   BBA_48    (0)    1 :  0.779 0.024 0.048 0.045 0.105 
 49   BBA_49    (0)    1 :  0.774 0.068 0.027 0.045 0.086 
 50   BBA_50    (0)    1 :  0.804 0.021 0.019 0.107 0.048 
 51   BBA_51    (0)    1 :  0.808 0.051 0.028 0.089 0.024 
 52   BBA_52    (0)    1 :  0.805 0.025 0.032 0.037 0.101 
 53   BBA_53    (0)    1 :  0.759 0.056 0.032 0.101 0.052 
 54   BBA_54    (0)    1 :  0.728 0.041 0.065 0.127 0.038 
 55   BBA_55    (0)    1 :  0.481 0.157 0.174 0.042 0.146 
 56   BBA_56    (0)    1 :  0.794 0.030 0.029 0.087 0.061 
 57   BBA_57    (0)    1 :  0.892 0.035 0.022 0.022 0.029 
 58   BBA_58    (0)    1 :  0.802 0.042 0.046 0.072 0.038 
 59   BBA_59    (0)    1 :  0.840 0.039 0.033 0.028 0.059 
 60   BBA_60    (0)    1 :  0.894 0.014 0.026 0.019 0.046 
 61   BBA_61    (0)    1 :  0.838 0.013 0.023 0.106 0.020 
 62   BBA_62    (0)    1 :  0.912 0.013 0.014 0.018 0.043 
 63   BBA_63    (0)    1 :  0.880 0.017 0.050 0.020 0.033 
 64   BBA_64    (0)    1 :  0.929 0.016 0.017 0.015 0.023 
 65   BBA_65    (0)    1 :  0.829 0.040 0.053 0.034 0.044 
 66   BBA_66    (0)    1 :  0.369 0.089 0.439 0.046 0.058 
 67   BBA_67    (0)    1 :  0.868 0.035 0.050 0.025 0.022 
 68   BBA_68    (0)    1 :  0.813 0.033 0.043 0.093 0.019 
 69    BDN_1    (0)    2 :  0.023 0.706 0.053 0.048 0.170 
 70    BDN_2    (0)    2 :  0.044 0.255 0.043 0.387 0.271 
 71    BDN_3    (0)    2 :  0.069 0.037 0.073 0.761 0.060 
 72    BDN_4   (13)    2 :  0.039 0.129 0.624 0.130 0.077 
 73    BDN_5   (13)    2 :  0.064 0.155 0.186 0.406 0.189 
 74    BDN_6    (6)    2 :  0.019 0.054 0.035 0.834 0.057 
 75    BDN_7    (0)    2 :  0.064 0.091 0.041 0.254 0.550 
 76    BDN_8    (6)    2 :  0.022 0.180 0.059 0.045 0.694 
 77    BDN_9    (0)    2 :  0.360 0.236 0.136 0.170 0.098 
 78   BDN_10    (0)    2 :  0.215 0.330 0.092 0.319 0.045 
 79   BDN_11    (0)    2 :  0.019 0.060 0.150 0.468 0.304 
 80   BDN_12    (0)    2 :  0.018 0.334 0.040 0.325 0.283 
 81   BDN_13   (13)    2 :  0.048 0.544 0.227 0.144 0.036 
 82   BDN_14    (0)    2 :  0.079 0.464 0.266 0.051 0.139 
 83   BDN_15    (6)    2 :  0.038 0.103 0.023 0.538 0.298 
 84   BDN_16    (6)    2 :  0.490 0.038 0.191 0.130 0.151 
 85   BDN_17   (13)    2 :  0.050 0.129 0.037 0.757 0.027 
 86   BDN_18    (0)    2 :  0.030 0.484 0.162 0.077 0.247 
 87   BDN_19    (0)    2 :  0.491 0.148 0.045 0.149 0.168 
 88   BDN_20   (13)    2 :  0.232 0.058 0.131 0.451 0.128 
 89   BDN_21   (13)    2 :  0.245 0.057 0.079 0.560 0.058 
 90   BDN_22    (6)    2 :  0.621 0.068 0.017 0.170 0.123 
 91   BDN_23    (0)    2 :  0.090 0.060 0.122 0.079 0.650 
 92   BDN_24    (0)    2 :  0.052 0.704 0.024 0.048 0.173 
 93   BDN_25   (13)    2 :  0.069 0.151 0.031 0.074 0.675 
 94   BDN_26    (0)    2 :  0.035 0.055 0.017 0.775 0.118 
 95   BDN_27    (0)    2 :  0.026 0.728 0.057 0.078 0.111 
 96   BDN_28   (13)    2 :  0.033 0.231 0.227 0.260 0.249 
 97   BDN_29    (0)    2 :  0.036 0.060 0.032 0.474 0.399 
 98   BDN_30    (0)    2 :  0.168 0.145 0.036 0.625 0.026 
 99   BDN_31    (0)    2 :  0.198 0.134 0.321 0.110 0.237 
100   BDN_32    (0)    2 :  0.150 0.199 0.041 0.319 0.292 
101   BDN_33    (0)    2 :  0.028 0.224 0.017 0.664 0.067 
102   BDN_34    (0)    2 :  0.016 0.084 0.754 0.068 0.078 
103   BDN_35    (0)    2 :  0.042 0.882 0.024 0.024 0.028 
104   BDN_36    (0)    2 :  0.041 0.134 0.034 0.403 0.389 
105   BDN_37    (0)    2 :  0.042 0.559 0.075 0.214 0.109 
106   BDN_38    (0)    2 :  0.043 0.319 0.038 0.505 0.096 
107   BDN_39    (0)    2 :  0.024 0.819 0.049 0.034 0.073 
108   BDN_40    (0)    2 :  0.016 0.712 0.031 0.049 0.191 
109   BDN_41    (0)    2 :  0.023 0.120 0.194 0.575 0.087 
110   BDN_42   (13)    2 :  0.022 0.091 0.276 0.258 0.352 
111   BDN_43    (6)    2 :  0.029 0.129 0.599 0.046 0.197 
112   BDN_44    (0)    2 :  0.095 0.130 0.034 0.054 0.686 
113   BDN_45    (0)    2 :  0.039 0.155 0.043 0.047 0.715 
114   BDN_46   (13)    2 :  0.112 0.626 0.129 0.094 0.038 
115   BDN_47    (0)    2 :  0.093 0.097 0.250 0.132 0.428 
116   BDN_48    (0)    2 :  0.042 0.108 0.294 0.058 0.499 
117   BDN_49    (0)    2 :  0.028 0.088 0.099 0.019 0.765 
118   BDN_50    (0)    2 :  0.028 0.269 0.135 0.045 0.522 
119   BDN_51    (0)    2 :  0.039 0.424 0.066 0.151 0.320 
120   BDN_52    (0)    2 :  0.025 0.378 0.070 0.337 0.190 
121   BDN_53    (0)    2 :  0.094 0.037 0.227 0.133 0.509 
122   BDN_54   (13)    2 :  0.737 0.033 0.043 0.148 0.038 
123   BDN_55    (6)    2 :  0.082 0.069 0.022 0.627 0.200 
124   BDN_56   (13)    2 :  0.019 0.308 0.147 0.040 0.486 
125   BDN_57    (6)    2 :  0.096 0.222 0.052 0.143 0.486 
126   BDN_58    (6)    2 :  0.076 0.281 0.032 0.449 0.161 
127   BDN_59    (6)    2 :  0.140 0.022 0.025 0.062 0.751 
128   BDN_60    (6)    2 :  0.035 0.073 0.078 0.769 0.045 
129   BDN_61    (0)    2 :  0.072 0.170 0.433 0.054 0.271 
130   BDN_62    (0)    2 :  0.028 0.049 0.096 0.043 0.783 
131   BDN_63    (6)    2 :  0.072 0.347 0.057 0.437 0.087 
132   BDN_64    (0)    2 :  0.071 0.168 0.398 0.113 0.250 
133   BDN_65    (0)    2 :  0.268 0.131 0.050 0.431 0.120 
134   BDN_66   (13)    2 :  0.077 0.332 0.307 0.094 0.189 
135   BDN_67    (0)    2 :  0.268 0.396 0.089 0.162 0.085 
136   BDN_68    (6)    2 :  0.102 0.185 0.077 0.252 0.385 
137   BDN_69    (0)    2 :  0.025 0.177 0.071 0.227 0.500 
138   BDN_70    (6)    2 :  0.348 0.100 0.089 0.307 0.156 
139   BDN_71    (6)    2 :  0.092 0.583 0.065 0.117 0.143 
140   BDN_72    (0)    2 :  0.068 0.057 0.190 0.104 0.581 
141   BDN_73    (0)    2 :  0.055 0.060 0.546 0.078 0.261 
142   BDN_74    (0)    2 :  0.047 0.063 0.022 0.141 0.726 
143   BDN_75    (0)    2 :  0.036 0.705 0.067 0.154 0.038 
144   BDN_76    (0)    2 :  0.315 0.259 0.253 0.122 0.050 
145   BDNB_1    (0)    3 :  0.018 0.477 0.065 0.312 0.128 
146   BDNB_2    (0)    3 :  0.068 0.524 0.097 0.175 0.137 
147   BDNB_3    (0)    3 :  0.167 0.429 0.032 0.087 0.285 
148   BDNB_4    (0)    3 :  0.018 0.693 0.059 0.134 0.095 
149   BDNB_5    (0)    3 :  0.040 0.027 0.161 0.740 0.033 
150   BDNB_6    (0)    3 :  0.168 0.071 0.026 0.636 0.099 
151   BDNB_7    (0)    3 :  0.184 0.452 0.232 0.069 0.063 
152   BDNB_8    (0)    3 :  0.075 0.085 0.029 0.343 0.468 
153   BDNB_9    (0)    3 :  0.044 0.019 0.019 0.888 0.031 
154  BDNB_10    (0)    3 :  0.052 0.040 0.040 0.803 0.064 
155  BDNB_11    (0)    3 :  0.040 0.394 0.260 0.226 0.079 
156  BDNB_12    (0)    3 :  0.025 0.468 0.214 0.129 0.164 
157  BDNB_13    (0)    3 :  0.080 0.151 0.417 0.276 0.077 
158  BDNB_14    (0)    3 :  0.649 0.062 0.019 0.055 0.214 
159  BDNB_15    (0)    3 :  0.017 0.022 0.041 0.018 0.903 
160  BDNB_16    (0)    3 :  0.560 0.074 0.067 0.151 0.148 
161  BDNB_17    (6)    3 :  0.177 0.453 0.117 0.098 0.154 
162  BDNB_18    (0)    3 :  0.127 0.337 0.178 0.280 0.078 
163  BDNB_19    (0)    3 :  0.082 0.409 0.368 0.097 0.044 
164  BDNB_20    (0)    3 :  0.127 0.027 0.110 0.659 0.078 
165  BDNB_21    (0)    3 :  0.018 0.044 0.031 0.030 0.877 
166  BDNB_22    (0)    3 :  0.042 0.063 0.675 0.148 0.072 
167  BDNB_23    (0)    3 :  0.018 0.116 0.037 0.021 0.808 
168  BDNB_24    (0)    3 :  0.087 0.065 0.743 0.047 0.057 
169  BDNB_25    (0)    3 :  0.075 0.256 0.037 0.193 0.439 
170  BDNB_26    (0)    3 :  0.022 0.044 0.053 0.701 0.179 
171  BDNB_27    (0)    3 :  0.073 0.199 0.034 0.487 0.208 
172  BDNB_28    (0)    3 :  0.234 0.127 0.382 0.185 0.072 
173  BDNB_29    (0)    3 :  0.048 0.034 0.018 0.822 0.078 
174  BDNB_30    (0)    3 :  0.453 0.023 0.109 0.373 0.042 
175  BDNB_31    (0)    3 :  0.269 0.146 0.188 0.059 0.339 
176  BDNB_32    (0)    3 :  0.190 0.133 0.179 0.103 0.395 
177  BDNB_33    (0)    3 :  0.614 0.097 0.035 0.170 0.084 
178  BDNB_34    (0)    3 :  0.058 0.245 0.071 0.424 0.202 
179  BDNB_35    (0)    3 :  0.016 0.044 0.072 0.733 0.135 
180  BDNB_36    (0)    3 :  0.286 0.027 0.219 0.186 0.283 
181  BDNB_37    (0)    3 :  0.014 0.097 0.016 0.716 0.157 
182  BDNB_38    (0)    3 :  0.188 0.050 0.111 0.431 0.221 
183  BDNB_39    (0)    3 :  0.065 0.055 0.046 0.166 0.668 
184  BDNB_40    (0)    3 :  0.057 0.093 0.035 0.719 0.096 
185  BDNB_41    (0)    3 :  0.048 0.212 0.060 0.658 0.023 
186  BDNB_42    (0)    3 :  0.047 0.036 0.472 0.087 0.358 
187  BDNB_43    (0)    3 :  0.067 0.351 0.333 0.132 0.118 
188  BDNB_44    (0)    3 :  0.074 0.106 0.184 0.579 0.058 
189  BDNB_45    (0)    3 :  0.202 0.042 0.112 0.585 0.059 
190  BDNB_46    (0)    3 :  0.043 0.027 0.086 0.815 0.029 
191  BDNB_47    (0)    3 :  0.039 0.030 0.050 0.832 0.048 
192  BDNB_48    (0)    3 :  0.032 0.202 0.061 0.447 0.259 
193  BDNB_49    (0)    3 :  0.117 0.225 0.136 0.331 0.191 
194  BDNB_50    (0)    3 :  0.046 0.218 0.088 0.284 0.364 
195  BDNB_51    (0)    3 :  0.082 0.343 0.058 0.325 0.192 
196  BDNB_52    (0)    3 :  0.033 0.051 0.033 0.288 0.595 
197  BDNB_53    (0)    3 :  0.269 0.317 0.173 0.097 0.144 
198  BDNB_54    (0)    3 :  0.041 0.252 0.118 0.439 0.150 
199  BDNB_55    (0)    3 :  0.090 0.112 0.040 0.280 0.478 
200  BDNB_56    (6)    3 :  0.092 0.674 0.047 0.117 0.070 
201  BDNB_57    (0)    3 :  0.183 0.024 0.022 0.709 0.061 
202  BDNB_58    (0)    3 :  0.024 0.190 0.087 0.545 0.153 
203  BDNB_59    (0)    3 :  0.069 0.106 0.161 0.576 0.088 
204  BDNB_60    (0)    3 :  0.073 0.103 0.617 0.104 0.102 
205  BDNB_61    (0)    3 :  0.060 0.145 0.380 0.360 0.056 
206  BDNB_62    (0)    3 :  0.017 0.039 0.024 0.765 0.155 
207  BDNB_63    (0)    3 :  0.049 0.152 0.061 0.713 0.025 
208  BDNB_64    (6)    3 :  0.030 0.120 0.152 0.669 0.029 
209  BDNB_65    (0)    3 :  0.038 0.054 0.317 0.538 0.052 
210  BDNB_66    (0)    3 :  0.082 0.523 0.217 0.141 0.037 
211  BDNB_67    (0)    3 :  0.044 0.673 0.157 0.101 0.025 
212  BDNB_68    (0)    3 :  0.096 0.146 0.419 0.184 0.155 
213  BDNB_69    (0)    3 :  0.051 0.170 0.362 0.139 0.277 
214  BDNB_70    (0)    3 :  0.030 0.327 0.435 0.188 0.020 
215  BDNB_71    (0)    3 :  0.134 0.243 0.263 0.238 0.123 
216  BDNB_72    (0)    3 :  0.044 0.159 0.530 0.141 0.126 
217  BDNB_73    (0)    3 :  0.031 0.681 0.086 0.096 0.104 
218  BDNB_74    (0)    3 :  0.143 0.403 0.274 0.131 0.049 
219  BDNB_75    (0)    3 :  0.040 0.205 0.090 0.044 0.620 
220    BSB_1    (0)    4 :  0.420 0.135 0.041 0.053 0.351 
221    BSB_2    (0)    4 :  0.382 0.052 0.150 0.368 0.048 
222    BSB_3    (0)    4 :  0.031 0.034 0.872 0.035 0.028 
223    BSB_4    (0)    4 :  0.568 0.060 0.031 0.308 0.033 
224    BSB_5    (0)    4 :  0.647 0.037 0.126 0.138 0.052 
225    BSB_6    (0)    4 :  0.892 0.040 0.025 0.018 0.026 
226    BSB_7   (33)    4 :  0.159 0.070 0.037 0.678 0.056 
227    BSB_8    (0)    4 :  0.313 0.035 0.102 0.122 0.428 
228    BSB_9    (0)    4 :  0.098 0.029 0.760 0.064 0.049 
229   BSB_10    (0)    4 :  0.096 0.058 0.159 0.629 0.058 
230   BSB_11    (0)    4 :  0.815 0.031 0.069 0.031 0.054 
231   BSB_12    (0)    4 :  0.263 0.024 0.104 0.250 0.359 
232   BSB_13    (0)    4 :  0.092 0.065 0.027 0.788 0.027 
233   BSB_14    (0)    4 :  0.140 0.086 0.110 0.638 0.026 
234   BSB_15    (0)    4 :  0.353 0.055 0.012 0.104 0.476 
235   BSB_16    (6)    4 :  0.301 0.085 0.130 0.387 0.097 
236   BSB_17    (0)    4 :  0.704 0.087 0.039 0.129 0.041 
237   BSB_18    (0)    4 :  0.721 0.045 0.087 0.111 0.036 
238   BSB_19    (0)    4 :  0.696 0.056 0.031 0.152 0.064 
239   BSB_20    (0)    4 :  0.674 0.175 0.014 0.078 0.058 
240   BSB_21    (0)    4 :  0.481 0.112 0.061 0.303 0.042 
241   BSB_22    (0)    4 :  0.108 0.027 0.807 0.029 0.029 
242   BSB_23    (0)    4 :  0.736 0.048 0.127 0.063 0.027 
243   BSB_24    (0)    4 :  0.922 0.014 0.020 0.027 0.018 
244   BSB_25    (0)    4 :  0.880 0.018 0.060 0.021 0.021 
245   BSB_26    (0)    4 :  0.776 0.045 0.064 0.081 0.033 
246   BSB_27    (0)    4 :  0.570 0.195 0.028 0.043 0.164 
247   BSB_28    (0)    4 :  0.041 0.027 0.448 0.466 0.017 
248   BSB_29    (0)    4 :  0.808 0.022 0.022 0.134 0.014 
249   BSB_30    (0)    4 :  0.541 0.053 0.282 0.077 0.047 
250   BSB_31    (0)    4 :  0.039 0.572 0.105 0.076 0.208 
251   BSB_32    (0)    4 :  0.857 0.036 0.028 0.050 0.029 
252   BSB_33    (0)    4 :  0.380 0.070 0.105 0.295 0.150 
253   BSB_34    (0)    4 :  0.751 0.090 0.036 0.084 0.039 
254   BSB_35    (0)    4 :  0.841 0.024 0.037 0.057 0.040 
255   BSB_36    (0)    4 :  0.602 0.159 0.023 0.102 0.114 
256   BSB_37    (0)    4 :  0.862 0.054 0.025 0.035 0.023 
257   BSB_38   (60)    4 :  0.011 0.922 0.016 0.013 0.038 
258   BSB_39    (0)    4 :  0.069 0.052 0.046 0.629 0.203 
259   BSB_40    (0)    4 :  0.340 0.046 0.039 0.058 0.517 
260   BSB_41    (0)    4 :  0.079 0.042 0.074 0.757 0.048 
261   BSB_42    (0)    4 :  0.743 0.066 0.033 0.041 0.117 
262   BSB_43    (0)    4 :  0.528 0.275 0.045 0.070 0.083 
263   BSB_44    (0)    4 :  0.645 0.063 0.217 0.052 0.024 
264   BSB_45    (0)    4 :  0.236 0.141 0.088 0.299 0.236 
265   BSB_46    (0)    4 :  0.230 0.037 0.052 0.636 0.044 
266   BSB_47    (0)    4 :  0.793 0.065 0.019 0.079 0.044 
267   BSB_48    (0)    4 :  0.109 0.073 0.024 0.110 0.684 
268   BSB_49    (0)    4 :  0.283 0.061 0.034 0.128 0.495 
269   BSB_50   (60)    4 :  0.008 0.964 0.008 0.009 0.011 
270   BSB_51    (0)    4 :  0.108 0.071 0.052 0.127 0.643 
271   BSB_52    (0)    4 :  0.339 0.077 0.289 0.255 0.040 
272   BSB_53    (0)    4 :  0.263 0.063 0.032 0.619 0.024 
273   BSB_54    (0)    4 :  0.030 0.023 0.023 0.848 0.076 
274   BSB_55    (0)    4 :  0.176 0.103 0.524 0.114 0.083 
275   BSB_56    (0)    4 :  0.049 0.107 0.154 0.653 0.037 
276   BSB_57    (0)    4 :  0.800 0.024 0.117 0.035 0.023 
277   BSB_58    (0)    4 :  0.066 0.237 0.203 0.145 0.348 
278   BSB_59    (0)    4 :  0.833 0.028 0.024 0.086 0.030 
279   BSB_60   (60)    4 :  0.010 0.960 0.009 0.011 0.010 
280   BSB_61    (0)    4 :  0.746 0.049 0.024 0.145 0.037 
281   BSB_62    (0)    4 :  0.805 0.085 0.065 0.020 0.025 
282   BSB_63    (0)    4 :  0.596 0.024 0.313 0.051 0.016 
283   BSB_64    (0)    4 :  0.713 0.049 0.076 0.132 0.030 
284   BSB_65    (0)    4 :  0.644 0.026 0.110 0.158 0.062 
285   BSB_66    (0)    4 :  0.614 0.137 0.013 0.134 0.102 
286   BSB_67    (0)    4 :  0.263 0.098 0.039 0.557 0.044 
287   BSB_68    (0)    4 :  0.026 0.025 0.255 0.274 0.420 
288   BSB_69    (0)    4 :  0.030 0.418 0.386 0.047 0.118 
289   BSB_70    (0)    4 :  0.029 0.062 0.525 0.349 0.036 
290   BSB_71    (0)    4 :  0.610 0.107 0.049 0.217 0.017 
291   BSB_72    (0)    4 :  0.053 0.670 0.033 0.199 0.045 
292   BSB_73    (0)    4 :  0.101 0.062 0.069 0.597 0.171 
293   BSB_74    (0)    4 :  0.486 0.068 0.098 0.307 0.041 
294   BSB_75    (0)    4 :  0.328 0.231 0.044 0.264 0.133 
295   BSB_76    (0)    4 :  0.489 0.044 0.062 0.384 0.021 
296   BSB_77   (53)    4 :  0.007 0.967 0.008 0.008 0.009 
297   BSB_78    (0)    4 :  0.047 0.086 0.059 0.787 0.022 
298    CCR_1    (0)    5 :  0.047 0.094 0.018 0.184 0.657 
299    CCR_2    (0)    5 :  0.022 0.222 0.147 0.029 0.580 
300    CCR_3    (0)    5 :  0.042 0.507 0.127 0.086 0.238 
301    CCR_4    (0)    5 :  0.026 0.113 0.095 0.230 0.536 
302    CCR_5    (0)    5 :  0.075 0.265 0.157 0.040 0.463 
303    CCR_6    (0)    5 :  0.022 0.053 0.013 0.016 0.896 
304    CCR_7    (0)    5 :  0.044 0.141 0.167 0.024 0.625 
305    CCR_8    (0)    5 :  0.083 0.476 0.227 0.131 0.084 
306    CCR_9    (0)    5 :  0.024 0.038 0.022 0.022 0.895 
307   CCR_10    (0)    5 :  0.049 0.434 0.054 0.298 0.164 
308   CCR_11    (0)    5 :  0.017 0.061 0.029 0.078 0.815 
309   CCR_12    (0)    5 :  0.038 0.151 0.053 0.036 0.722 
310   CCR_13    (0)    5 :  0.015 0.205 0.043 0.046 0.691 
311   CCR_14    (0)    5 :  0.075 0.689 0.075 0.026 0.135 
312   CCR_15    (0)    5 :  0.013 0.202 0.044 0.090 0.652 
313   CCR_16    (0)    5 :  0.283 0.063 0.400 0.139 0.115 
314   CCR_17    (0)    5 :  0.013 0.777 0.034 0.069 0.106 
315   CCR_18    (0)    5 :  0.014 0.362 0.380 0.079 0.165 
316   CCR_19    (0)    5 :  0.029 0.120 0.027 0.016 0.809 
317   CCR_20    (0)    5 :  0.209 0.091 0.028 0.068 0.603 
318   CCR_21    (0)    5 :  0.046 0.019 0.029 0.474 0.432 
319   CCR_22    (0)    5 :  0.078 0.069 0.075 0.100 0.678 
320   CCR_23    (0)    5 :  0.025 0.033 0.052 0.038 0.852 
321   CCR_24    (0)    5 :  0.015 0.033 0.018 0.025 0.909 
322   CCR_25    (0)    5 :  0.093 0.679 0.040 0.041 0.147 
323   CCR_26    (0)    5 :  0.232 0.091 0.028 0.213 0.436 
324   CCR_27    (0)    5 :  0.018 0.195 0.036 0.020 0.732 
325   CCR_28    (0)    5 :  0.151 0.029 0.039 0.115 0.667 
326   CCR_29    (0)    5 :  0.025 0.041 0.014 0.027 0.893 
327   CCR_30    (0)    5 :  0.022 0.117 0.032 0.047 0.782 
328   CCR_31    (0)    5 :  0.104 0.214 0.100 0.379 0.204 
329   CCR_32    (0)    5 :  0.439 0.070 0.020 0.193 0.279 
330   CCR_33    (0)    5 :  0.035 0.283 0.068 0.055 0.559 
331   CCR_34    (0)    5 :  0.037 0.049 0.034 0.023 0.857 
332   CCR_35    (0)    5 :  0.071 0.111 0.085 0.312 0.421 
333   CCR_36    (0)    5 :  0.028 0.212 0.176 0.357 0.226 
334   CCR_37    (0)    5 :  0.635 0.045 0.031 0.024 0.264 
335   CCR_38    (0)    5 :  0.027 0.049 0.049 0.027 0.848 
336   CCR_39    (0)    5 :  0.016 0.034 0.030 0.016 0.903 
337   CCR_40    (0)    5 :  0.240 0.314 0.230 0.095 0.122 
338   CCR_41    (0)    5 :  0.035 0.070 0.049 0.049 0.797 
339   CCR_42    (0)    5 :  0.068 0.071 0.041 0.078 0.743 
340   CCR_43    (0)    5 :  0.019 0.052 0.037 0.377 0.514 
341   CCR_44    (0)    5 :  0.550 0.049 0.111 0.080 0.210 
342   CCR_45    (0)    5 :  0.046 0.124 0.024 0.171 0.635 
343   CCR_46    (0)    5 :  0.051 0.037 0.017 0.617 0.278 
344   CCR_47    (0)    5 :  0.059 0.117 0.023 0.062 0.738 
345   CCR_48    (0)    5 :  0.032 0.497 0.063 0.080 0.328 
346   CCR_49    (0)    5 :  0.304 0.149 0.132 0.065 0.349 
347   CCR_50    (0)    5 :  0.057 0.112 0.267 0.049 0.514 
348   CCR_51    (0)    5 :  0.099 0.052 0.010 0.023 0.817 
349   CCR_52    (0)    5 :  0.062 0.267 0.033 0.155 0.483 
350   CCR_53    (0)    5 :  0.042 0.181 0.097 0.199 0.481 
351   CCR_54    (0)    5 :  0.088 0.207 0.205 0.039 0.461 
352   CCR_55    (0)    5 :  0.164 0.070 0.037 0.059 0.670 
353   CCR_56    (0)    5 :  0.029 0.051 0.058 0.114 0.748 
354   CCR_57    (0)    5 :  0.059 0.449 0.043 0.063 0.386 
355   CCR_58    (0)    5 :  0.035 0.102 0.052 0.056 0.756 
356   CCR_59    (0)    5 :  0.053 0.054 0.035 0.565 0.294 
357   CCR_60    (0)    5 :  0.136 0.087 0.569 0.099 0.109 
358   CCR_61    (0)    5 :  0.016 0.041 0.020 0.014 0.908 
359   CCR_62    (0)    5 :  0.033 0.055 0.033 0.495 0.383 
360   CCR_63    (0)    5 :  0.034 0.017 0.028 0.032 0.888 
361   CCR_64    (0)    5 :  0.076 0.119 0.034 0.057 0.713 
362   CCR_65    (0)    5 :  0.018 0.029 0.018 0.069 0.866 
363   CCR_66    (0)    5 :  0.020 0.028 0.014 0.020 0.917 
364   CCR_67    (0)    5 :  0.019 0.072 0.041 0.019 0.849 
365   CCR_68    (0)    5 :  0.021 0.063 0.018 0.022 0.876 
366   CCR_69    (0)    5 :  0.024 0.028 0.019 0.023 0.905 
367   CCR_70    (0)    5 :  0.016 0.089 0.034 0.049 0.812 
368   CCR_71    (0)    5 :  0.052 0.057 0.036 0.041 0.815 
369   CCR_72    (0)    5 :  0.021 0.232 0.030 0.139 0.578 
370   CCR_73    (0)    5 :  0.035 0.048 0.020 0.021 0.876 
371   CCR_74    (0)    5 :  0.149 0.219 0.095 0.055 0.482 
372   CCR_75    (0)    5 :  0.035 0.023 0.079 0.019 0.845 
373   CCR_76    (0)    5 :  0.020 0.072 0.751 0.035 0.122 
374   CCR_77    (0)    5 :  0.023 0.036 0.028 0.194 0.720 
375   CCR_78    (0)    5 :  0.145 0.038 0.101 0.268 0.447 
376   CCR_79    (0)    5 :  0.037 0.052 0.045 0.236 0.630 
377   CCR_80    (0)    5 :  0.024 0.069 0.026 0.012 0.869 
378    CMB_1    (0)    6 :  0.026 0.022 0.022 0.031 0.898 
379    CMB_2    (0)    6 :  0.014 0.019 0.010 0.020 0.938 
380    CMB_3    (0)    6 :  0.025 0.036 0.032 0.023 0.884 
381    CMB_4    (0)    6 :  0.014 0.026 0.149 0.025 0.787 
382    CMB_5    (0)    6 :  0.015 0.060 0.099 0.025 0.801 
383    CMB_6    (0)    6 :  0.032 0.131 0.018 0.053 0.766 
384    CMB_7    (0)    6 :  0.033 0.044 0.017 0.045 0.862 
385    CMB_8    (0)    6 :  0.045 0.030 0.105 0.108 0.712 
386    CMB_9    (0)    6 :  0.097 0.591 0.021 0.024 0.267 
387   CMB_10    (0)    6 :  0.021 0.064 0.592 0.030 0.293 
388   CMB_11    (0)    6 :  0.057 0.040 0.031 0.097 0.775 
389   CMB_12    (0)    6 :  0.019 0.019 0.052 0.023 0.888 
390   CMB_13    (0)    6 :  0.032 0.047 0.044 0.042 0.835 
391   CMB_14    (0)    6 :  0.016 0.024 0.018 0.055 0.886 
392   CMB_15    (0)    6 :  0.077 0.046 0.028 0.028 0.820 
393   CMB_16    (0)    6 :  0.025 0.022 0.263 0.116 0.574 
394   CMB_17    (0)    6 :  0.071 0.047 0.056 0.302 0.524 
395   CMB_18    (0)    6 :  0.091 0.022 0.034 0.052 0.802 
396   CMB_19    (0)    6 :  0.026 0.065 0.181 0.016 0.712 
397   CMB_20    (0)    6 :  0.021 0.105 0.133 0.019 0.722 
398   CMB_21    (0)    6 :  0.016 0.017 0.029 0.023 0.915 
399   CMB_22    (0)    6 :  0.065 0.035 0.051 0.062 0.787 
400   CMB_23    (0)    6 :  0.018 0.015 0.036 0.161 0.770 
401   CMB_24    (0)    6 :  0.038 0.055 0.308 0.316 0.283 
402   CMB_25    (0)    6 :  0.148 0.028 0.021 0.023 0.779 
403   CMB_26    (0)    6 :  0.060 0.016 0.037 0.015 0.873 
404   CMB_27    (0)    6 :  0.019 0.104 0.127 0.234 0.516 
405   CMB_28    (0)    6 :  0.016 0.014 0.016 0.015 0.939 
406   CMB_29    (0)    6 :  0.067 0.135 0.054 0.173 0.570 
407   CMB_30    (0)    6 :  0.051 0.032 0.025 0.036 0.855 
408   CMB_31    (0)    6 :  0.035 0.028 0.056 0.014 0.867 
409   CMB_32    (0)    6 :  0.019 0.161 0.164 0.152 0.504 
410   CMB_33    (0)    6 :  0.035 0.014 0.023 0.025 0.902 
411   CMB_34    (0)    6 :  0.015 0.083 0.185 0.038 0.680 
412   CMB_35    (0)    6 :  0.073 0.017 0.034 0.047 0.829 
413   CMB_36    (0)    6 :  0.031 0.034 0.070 0.044 0.822 
414   CMB_37    (0)    6 :  0.013 0.015 0.012 0.044 0.915 
415   CMB_38    (0)    6 :  0.026 0.031 0.013 0.202 0.729 
416   CMB_39    (0)    6 :  0.031 0.024 0.027 0.033 0.886 
417   CMB_40    (0)    6 :  0.033 0.049 0.160 0.424 0.334 
418   CMB_41    (0)    6 :  0.057 0.024 0.074 0.152 0.693 
419   CMB_42    (0)    6 :  0.053 0.065 0.061 0.166 0.655 
420   CMB_43    (0)    6 :  0.036 0.330 0.151 0.314 0.170 
421   CMB_44    (0)    6 :  0.231 0.228 0.206 0.255 0.080 
422   CMB_45    (0)    6 :  0.019 0.024 0.022 0.013 0.922 
423   CMB_46    (0)    6 :  0.038 0.047 0.270 0.070 0.575 
424   CMB_47    (0)    6 :  0.020 0.063 0.611 0.034 0.271 
425   CMB_48    (0)    6 :  0.025 0.024 0.045 0.030 0.877 
426   CMB_49    (0)    6 :  0.012 0.057 0.010 0.032 0.889 
427   CMB_50    (0)    6 :  0.013 0.015 0.038 0.042 0.892 
428   CMB_51    (0)    6 :  0.036 0.050 0.019 0.020 0.875 
429   CMB_52    (0)    6 :  0.024 0.022 0.021 0.036 0.897 
430   CMB_53    (0)    6 :  0.043 0.049 0.028 0.163 0.717 
431   CMB_54    (0)    6 :  0.047 0.188 0.121 0.188 0.456 
432   CMB_55    (0)    6 :  0.062 0.037 0.029 0.050 0.822 
433   CMB_56    (0)    6 :  0.042 0.051 0.053 0.620 0.234 
434   CMB_57    (0)    6 :  0.015 0.043 0.043 0.036 0.863 
435   CMB_58    (0)    6 :  0.038 0.079 0.074 0.237 0.571 
436   CMB_59    (0)    6 :  0.029 0.022 0.055 0.108 0.785 
437   CMB_60    (0)    6 :  0.015 0.034 0.016 0.021 0.915 
438   CMB_61    (0)    6 :  0.027 0.021 0.013 0.041 0.898 
439   CMB_62    (0)    6 :  0.026 0.063 0.061 0.049 0.801 
440   CMB_63    (0)    6 :  0.039 0.123 0.023 0.061 0.754 
441   CMB_64    (0)    6 :  0.016 0.031 0.036 0.061 0.857 
442   CMB_65    (0)    6 :  0.024 0.018 0.026 0.013 0.919 
443   CMB_66    (0)    6 :  0.019 0.168 0.017 0.034 0.762 
444   CMB_67    (0)    6 :  0.023 0.059 0.107 0.032 0.780 
445   CMB_68    (0)    6 :  0.030 0.026 0.029 0.041 0.874 
446   CMB_69    (0)    6 :  0.041 0.031 0.078 0.028 0.822 
447   CMB_70    (0)    6 :  0.075 0.027 0.511 0.118 0.270 
448   CMB_71    (0)    6 :  0.023 0.026 0.030 0.043 0.878 
449   CMB_72    (0)    6 :  0.037 0.045 0.046 0.065 0.807 
450   CMB_73    (0)    6 :  0.599 0.132 0.025 0.154 0.089 
451   CMB_74    (0)    6 :  0.054 0.141 0.107 0.361 0.336 
452   CMB_75    (0)    6 :  0.038 0.018 0.406 0.357 0.181 
453   CMB_76    (6)    6 :  0.121 0.088 0.069 0.643 0.080 
454   CMB_77    (0)    6 :  0.036 0.122 0.110 0.021 0.710 
455    CNR_1    (0)    7 :  0.068 0.015 0.015 0.109 0.793 
456    CNR_2    (0)    7 :  0.315 0.086 0.071 0.061 0.467 
457    CNR_3    (0)    7 :  0.077 0.031 0.022 0.044 0.826 
458    CNR_4    (0)    7 :  0.017 0.014 0.022 0.037 0.910 
459    CNR_5    (0)    7 :  0.017 0.036 0.025 0.709 0.214 
460    CNR_6    (0)    7 :  0.090 0.021 0.053 0.037 0.799 
461    CNR_7    (0)    7 :  0.028 0.082 0.046 0.101 0.743 
462    CNR_8    (0)    7 :  0.024 0.020 0.025 0.060 0.873 
463    CNR_9    (0)    7 :  0.026 0.037 0.030 0.050 0.856 
464   CNR_10    (0)    7 :  0.014 0.021 0.022 0.028 0.915 
465   CNR_11    (0)    7 :  0.023 0.033 0.029 0.042 0.873 
466   CNR_12    (0)    7 :  0.016 0.021 0.012 0.028 0.924 
467   CNR_13    (0)    7 :  0.018 0.020 0.023 0.038 0.902 
468   CNR_14    (0)    7 :  0.078 0.051 0.081 0.276 0.514 
469   CNR_15    (0)    7 :  0.037 0.021 0.031 0.036 0.874 
470   CNR_16    (0)    7 :  0.021 0.032 0.020 0.050 0.876 
471   CNR_17    (0)    7 :  0.020 0.039 0.019 0.018 0.904 
472   CNR_18    (0)    7 :  0.016 0.061 0.025 0.120 0.779 
473   CNR_19    (0)    7 :  0.014 0.020 0.020 0.060 0.887 
474   CNR_20    (0)    7 :  0.022 0.040 0.037 0.039 0.861 
475   CNR_21    (0)    7 :  0.056 0.032 0.025 0.196 0.691 
476   CNR_22    (0)    7 :  0.025 0.034 0.043 0.046 0.852 
477   CNR_23    (0)    7 :  0.024 0.027 0.036 0.028 0.885 
478   CNR_24    (0)    7 :  0.023 0.015 0.020 0.024 0.917 
479   CNR_25    (0)    7 :  0.045 0.039 0.025 0.190 0.701 
480   CNR_26    (0)    7 :  0.054 0.017 0.014 0.025 0.889 
481   CNR_27    (0)    7 :  0.023 0.106 0.056 0.060 0.756 
482   CNR_28    (0)    7 :  0.119 0.054 0.114 0.306 0.408 
483   CNR_29    (0)    7 :  0.063 0.070 0.019 0.097 0.751 
484   CNR_30    (0)    7 :  0.034 0.060 0.055 0.088 0.763 
485   CNR_31    (0)    7 :  0.013 0.026 0.042 0.093 0.826 
486   CNR_32    (0)    7 :  0.011 0.016 0.010 0.012 0.952 
487   CNR_33    (0)    7 :  0.016 0.030 0.012 0.054 0.888 
488   CNR_34    (0)    7 :  0.044 0.127 0.085 0.106 0.637 
489   CNR_35    (6)    7 :  0.015 0.014 0.021 0.017 0.934 
490   CNR_36    (0)    7 :  0.066 0.024 0.552 0.033 0.325 
491   CNR_37    (0)    7 :  0.036 0.026 0.047 0.112 0.779 
492   CNR_38    (0)    7 :  0.032 0.049 0.025 0.159 0.735 
493   CNR_39    (0)    7 :  0.019 0.026 0.031 0.023 0.901 
494   CNR_40    (0)    7 :  0.039 0.081 0.028 0.179 0.672 
495   CNR_41    (6)    7 :  0.016 0.027 0.034 0.039 0.884 
496   CNR_42    (0)    7 :  0.014 0.032 0.012 0.017 0.926 
497   CNR_43    (0)    7 :  0.025 0.040 0.053 0.273 0.608 
498   CNR_44    (0)    7 :  0.307 0.031 0.080 0.057 0.525 
499   CNR_45    (0)    7 :  0.022 0.017 0.023 0.024 0.914 
500   CNR_46    (0)    7 :  0.019 0.016 0.033 0.025 0.907 
501   CNR_47    (0)    7 :  0.020 0.029 0.018 0.052 0.882 
502   CNR_48    (0)    7 :  0.015 0.014 0.012 0.015 0.944 
503   CNR_49    (0)    7 :  0.019 0.020 0.038 0.039 0.884 
504   CNR_50    (0)    7 :  0.535 0.026 0.019 0.074 0.345 
505   CNR_51    (0)    7 :  0.039 0.020 0.123 0.210 0.608 
506   CNR_52    (0)    7 :  0.021 0.019 0.025 0.034 0.902 
507   CNR_53    (0)    7 :  0.010 0.014 0.035 0.021 0.920 
508   CNR_54    (0)    7 :  0.018 0.046 0.191 0.049 0.696 
509   CNR_55    (0)    7 :  0.043 0.145 0.030 0.078 0.705 
510   CNR_56    (0)    7 :  0.018 0.036 0.175 0.042 0.729 
511   CNR_57    (0)    7 :  0.054 0.037 0.051 0.033 0.824 
512   CNR_58    (0)    7 :  0.056 0.027 0.025 0.037 0.855 
513   CNR_59    (0)    7 :  0.226 0.035 0.033 0.045 0.661 
514   CNR_60    (0)    7 :  0.033 0.111 0.025 0.041 0.790 
515   CNR_61    (0)    7 :  0.021 0.026 0.033 0.365 0.555 
516   CNR_62    (0)    7 :  0.029 0.066 0.020 0.103 0.782 
517   CNR_63    (0)    7 :  0.060 0.070 0.032 0.092 0.746 
518   CNR_64    (0)    7 :  0.033 0.036 0.038 0.027 0.866 
519   CNR_65    (0)    7 :  0.015 0.015 0.023 0.020 0.926 
520   CNR_66    (0)    7 :  0.016 0.024 0.012 0.073 0.876 
521   CNR_67    (0)    7 :  0.068 0.053 0.046 0.049 0.783 
522   CNR_68    (0)    7 :  0.020 0.760 0.026 0.024 0.171 
523   CNR_69    (0)    7 :  0.064 0.024 0.164 0.037 0.711 
524   CNR_70    (0)    7 :  0.048 0.045 0.142 0.151 0.614 
525   CNR_71    (0)    7 :  0.014 0.017 0.213 0.115 0.641 
526   CNR_72    (0)    7 :  0.030 0.030 0.118 0.017 0.805 
527   CNR_73    (0)    7 :  0.024 0.029 0.030 0.023 0.894 
528   CNR_74    (0)    7 :  0.183 0.037 0.114 0.033 0.633 
529   CNR_75    (0)    7 :  0.025 0.033 0.012 0.034 0.896 
530   CNR_76    (0)    7 :  0.017 0.019 0.020 0.022 0.922 
531   CNR_77    (0)    7 :  0.059 0.019 0.013 0.030 0.877 
532   CNR_78    (0)    7 :  0.017 0.019 0.012 0.012 0.940 
533   CNR_79    (0)    7 :  0.015 0.021 0.018 0.019 0.928 
534   CNR_80    (0)    7 :  0.014 0.016 0.024 0.012 0.933 
535   CNR_81    (0)    7 :  0.021 0.087 0.024 0.044 0.824 
536   CNR_82    (0)    7 :  0.016 0.021 0.044 0.060 0.859 
537   CNR_83    (0)    7 :  0.029 0.016 0.021 0.027 0.906 
538   CNR_84    (0)    7 :  0.030 0.021 0.018 0.029 0.902 
539   CNR_85    (0)    7 :  0.051 0.016 0.035 0.028 0.871 
540   CNR_86    (0)    7 :  0.022 0.155 0.144 0.065 0.615 
541   CNR_87    (0)    7 :  0.025 0.015 0.029 0.027 0.904 
542   CNR_88    (0)    7 :  0.015 0.016 0.028 0.031 0.910 
543   CNR_89    (0)    7 :  0.025 0.084 0.036 0.092 0.763 
544   CNR_90    (0)    7 :  0.030 0.033 0.048 0.252 0.637 
545   CNR_91    (0)    7 :  0.017 0.038 0.060 0.095 0.790 
546   CNR_92    (0)    7 :  0.047 0.066 0.024 0.026 0.837 
547   CNR_93    (0)    7 :  0.018 0.030 0.035 0.077 0.841 
548   CNR_94    (0)    7 :  0.021 0.018 0.023 0.032 0.906 
549   CNR_95    (0)    7 :  0.041 0.027 0.035 0.023 0.875 
550   CNR_96    (0)    7 :  0.033 0.034 0.060 0.031 0.842 
551   CNR_97    (0)    7 :  0.016 0.022 0.157 0.097 0.708 
552   CNR_98    (0)    7 :  0.026 0.019 0.018 0.145 0.791 
553   CNR_99    (0)    7 :  0.023 0.042 0.021 0.031 0.883 
554    DHB_1    (0)    8 :  0.016 0.029 0.023 0.668 0.264 
555    DHB_2    (0)    8 :  0.033 0.305 0.259 0.241 0.161 
556    DHB_3    (0)    8 :  0.035 0.658 0.047 0.037 0.223 
557    DHB_4    (0)    8 :  0.327 0.093 0.201 0.044 0.335 
558    DHB_5    (0)    8 :  0.165 0.096 0.052 0.115 0.572 
559    DHB_6    (0)    8 :  0.026 0.300 0.169 0.069 0.435 
560    DHB_7    (0)    8 :  0.033 0.118 0.037 0.096 0.717 
561    DHB_8    (0)    8 :  0.031 0.027 0.015 0.019 0.908 
562    DHB_9    (0)    8 :  0.054 0.029 0.058 0.774 0.085 
563   DHB_10    (0)    8 :  0.046 0.059 0.120 0.109 0.666 
564   DHB_11    (0)    8 :  0.030 0.030 0.139 0.032 0.768 
565   DHB_12    (0)    8 :  0.046 0.053 0.028 0.031 0.842 
566   DHB_13    (0)    8 :  0.161 0.261 0.385 0.129 0.064 
567   DHB_14    (0)    8 :  0.057 0.287 0.053 0.086 0.517 
568   DHB_15    (0)    8 :  0.136 0.060 0.401 0.163 0.240 
569   DHB_16    (0)    8 :  0.257 0.173 0.103 0.112 0.355 
570   DHB_17    (0)    8 :  0.374 0.237 0.071 0.126 0.192 
571   DHB_18    (0)    8 :  0.090 0.027 0.034 0.066 0.782 
572   DHB_19    (0)    8 :  0.065 0.772 0.043 0.054 0.066 
573   DHB_20    (0)    8 :  0.059 0.099 0.091 0.115 0.636 
574   DHB_21    (0)    8 :  0.021 0.366 0.026 0.050 0.536 
575   DHB_22    (0)    8 :  0.336 0.031 0.014 0.075 0.544 
576   DHB_23    (0)    8 :  0.128 0.043 0.456 0.056 0.317 
577   DHB_24    (0)    8 :  0.624 0.081 0.042 0.039 0.214 
578   DHB_25    (0)    8 :  0.087 0.108 0.157 0.135 0.514 
579   DHB_26    (0)    8 :  0.055 0.375 0.157 0.257 0.156 
580   DHB_27    (0)    8 :  0.072 0.211 0.287 0.081 0.349 
581   DHB_28    (0)    8 :  0.043 0.257 0.047 0.139 0.513 
