

----------------------------------------------------
STRUCTURE by Pritchard, Stephens and Donnelly (2000)
     and Falush, Stephens and Pritchard (2003)
       Code by Pritchard, Falush and Hubisz
             Version 2.3.4 (Jul 2012)
----------------------------------------------------



Command line arguments:   structure -m /global/home/hpc3579/salmon/mainparamsnewfoundlandfiles/mainparamsnewfoundland6 -e /global/home/hpc3579/salmon/extraparams_newfoundlandfile -K 6 
Input File:    /global/home/hpc3579/salmon/NewfoundlandStruc.txt

Run parameters:
   5235 individuals
   15 loci
   6 populations assumed
   100000 Burn-in period
   1000000 Reps


--------------------------------------------
Proportion of membership of each pre-defined
 population in each of the 6 clusters

Given    Inferred Clusters                            Number of
 Pop       1      2      3      4      5      6      Individuals

  1:     0.023  0.030  0.014  0.030  0.026  0.878       68
  2:     0.280  0.309  0.040  0.171  0.102  0.098       76
  3:     0.373  0.265  0.020  0.097  0.120  0.125       75
  4:     0.128  0.123  0.082  0.065  0.116  0.487       78
  5:     0.079  0.120  0.021  0.664  0.053  0.064       80
  6:     0.044  0.783  0.019  0.047  0.067  0.040       77
  7:     0.023  0.865  0.015  0.043  0.027  0.027       99
  8:     0.121  0.136  0.038  0.510  0.089  0.106       78
  9:     0.123  0.632  0.021  0.110  0.069  0.046       74
 10:     0.216  0.118  0.018  0.253  0.114  0.281      100
 11:     0.185  0.080  0.040  0.117  0.055  0.523      100
 12:     0.066  0.148  0.025  0.646  0.062  0.053       75
 13:     0.082  0.160  0.013  0.634  0.057  0.055       77
 14:     0.105  0.147  0.033  0.561  0.080  0.074       82
 15:     0.087  0.101  0.021  0.690  0.054  0.047       75
 16:     0.354  0.306  0.030  0.135  0.092  0.084       56
 17:     0.100  0.124  0.015  0.675  0.051  0.035       70
 18:     0.045  0.843  0.020  0.034  0.039  0.020       82
 19:     0.054  0.025  0.016  0.031  0.026  0.848       75
 20:     0.095  0.058  0.018  0.144  0.064  0.621       57
 21:     0.023  0.037  0.050  0.027  0.026  0.836      111
 22:     0.075  0.073  0.080  0.143  0.099  0.530       88
 23:     0.167  0.467  0.040  0.123  0.100  0.104       69
 24:     0.056  0.548  0.016  0.308  0.048  0.024       75
 25:     0.101  0.052  0.014  0.061  0.053  0.719      100
 26:     0.039  0.731  0.015  0.127  0.061  0.027       76
 27:     0.114  0.070  0.032  0.083  0.082  0.620       84
 28:     0.045  0.042  0.014  0.057  0.069  0.773       74
 29:     0.592  0.035  0.169  0.029  0.036  0.140       51
 30:     0.032  0.042  0.035  0.034  0.023  0.833       75
 31:     0.017  0.016  0.917  0.020  0.013  0.017       71
 32:     0.097  0.147  0.033  0.568  0.102  0.053       66
 33:     0.090  0.074  0.014  0.062  0.721  0.039       81
 34:     0.410  0.233  0.025  0.135  0.130  0.068       50
 35:     0.229  0.134  0.015  0.543  0.040  0.038       50
 36:     0.085  0.068  0.022  0.708  0.055  0.062      100
 37:     0.069  0.040  0.016  0.038  0.804  0.032       94
 38:     0.474  0.217  0.025  0.140  0.110  0.034      100
 39:     0.373  0.189  0.019  0.148  0.158  0.113       50
 40:     0.202  0.149  0.024  0.449  0.090  0.086       98
 41:     0.541  0.064  0.048  0.237  0.063  0.047       50
 42:     0.033  0.016  0.011  0.015  0.902  0.023       99
 43:     0.192  0.174  0.029  0.442  0.099  0.064       99
 44:     0.531  0.135  0.022  0.137  0.122  0.053      100
 45:     0.380  0.154  0.019  0.196  0.191  0.060       48
 46:     0.056  0.053  0.008  0.068  0.767  0.049       28
 47:     0.304  0.117  0.052  0.185  0.222  0.120       50
 48:     0.484  0.195  0.023  0.068  0.180  0.050      100
 49:     0.524  0.156  0.026  0.121  0.129  0.044       50
 50:     0.046  0.071  0.018  0.083  0.751  0.032       41
 51:     0.446  0.189  0.030  0.150  0.119  0.066       50
 52:     0.525  0.079  0.018  0.259  0.058  0.062      100
 53:     0.144  0.082  0.020  0.617  0.059  0.077       98
 54:     0.269  0.201  0.027  0.211  0.226  0.066      100
 55:     0.012  0.014  0.935  0.013  0.013  0.014       95
 56:     0.312  0.101  0.011  0.458  0.045  0.074       50
 57:     0.287  0.177  0.039  0.106  0.132  0.259       70
 58:     0.073  0.055  0.017  0.084  0.737  0.034      100
 59:     0.434  0.205  0.016  0.163  0.095  0.088       50
 60:     0.856  0.029  0.010  0.061  0.025  0.019       50
 61:     0.315  0.100  0.025  0.374  0.120  0.066      100
 62:     0.050  0.035  0.019  0.068  0.806  0.021       41
 63:     0.088  0.061  0.016  0.060  0.746  0.029      100
 64:     0.706  0.063  0.019  0.117  0.068  0.027       50
 65:     0.067  0.071  0.022  0.095  0.698  0.047      100
 66:     0.523  0.152  0.042  0.101  0.147  0.035       49
 67:     0.332  0.250  0.045  0.138  0.170  0.067      100
 68:     0.440  0.102  0.016  0.126  0.241  0.074       50
 69:     0.659  0.095  0.014  0.130  0.071  0.032      100
--------------------------------------------

Allele-freq. divergence among pops (Net nucleotide distance),
computed using point estimates of P.

      1       2       3       4       5       6      
 1      -    0.0102  0.0508  0.0079  0.0146  0.0190  
 2   0.0102     -    0.0514  0.0071  0.0176  0.0232  
 3   0.0508  0.0514     -    0.0474  0.0600  0.0513  
 4   0.0079  0.0071  0.0474     -    0.0170  0.0199  
 5   0.0146  0.0176  0.0600  0.0170     -    0.0312  
 6   0.0190  0.0232  0.0513  0.0199  0.0312     -    

Average distances (expected heterozygosity) between individuals in same cluster:
cluster  1  : 0.8725 
cluster  2  : 0.8673 
cluster  3  : 0.8077 
cluster  4  : 0.8792 
cluster  5  : 0.8736 
cluster  6  : 0.8562 

--------------------------------------------
Estimated Ln Prob of Data   = -393893.7
Mean value of ln likelihood = -389925.2
Variance of ln likelihood   = 7936.8
Mean value of alpha         = 0.0503

Mean value of Fst_1         = 0.0076
Mean value of Fst_2         = 0.0111
Mean value of Fst_3         = 0.0896
Mean value of Fst_4         = 0.0088
Mean value of Fst_5         = 0.0145
Mean value of Fst_6         = 0.0186


Inferred ancestry of individuals:
        Label (%Miss) Pop:  Inferred clusters
  1    BBA_1    (0)    1 :  0.011 0.011 0.004 0.009 0.014 0.950 
  2    BBA_2    (0)    1 :  0.015 0.009 0.004 0.021 0.018 0.934 
  3    BBA_3    (0)    1 :  0.009 0.013 0.007 0.008 0.007 0.956 
  4    BBA_4    (0)    1 :  0.026 0.035 0.015 0.025 0.021 0.878 
  5    BBA_5    (0)    1 :  0.006 0.009 0.005 0.009 0.006 0.965 
  6    BBA_6    (0)    1 :  0.013 0.022 0.004 0.014 0.011 0.936 
  7    BBA_7    (0)    1 :  0.008 0.011 0.015 0.009 0.008 0.948 
  8    BBA_8    (0)    1 :  0.012 0.037 0.013 0.020 0.007 0.911 
  9    BBA_9    (0)    1 :  0.006 0.009 0.004 0.005 0.008 0.966 
 10   BBA_10    (0)    1 :  0.008 0.058 0.005 0.010 0.014 0.905 
 11   BBA_11    (0)    1 :  0.025 0.011 0.005 0.011 0.023 0.925 
 12   BBA_12    (0)    1 :  0.009 0.009 0.006 0.007 0.007 0.962 
 13   BBA_13    (0)    1 :  0.057 0.139 0.005 0.064 0.027 0.708 
 14   BBA_14    (0)    1 :  0.016 0.019 0.018 0.017 0.014 0.916 
 15   BBA_15    (0)    1 :  0.031 0.093 0.004 0.030 0.028 0.815 
 16   BBA_16    (0)    1 :  0.007 0.012 0.028 0.006 0.015 0.931 
 17   BBA_17    (0)    1 :  0.016 0.015 0.197 0.008 0.030 0.733 
 18   BBA_18    (0)    1 :  0.008 0.008 0.005 0.006 0.008 0.965 
 19   BBA_19    (0)    1 :  0.008 0.012 0.009 0.009 0.007 0.955 
 20   BBA_20    (0)    1 :  0.007 0.010 0.004 0.007 0.006 0.965 
 21   BBA_21    (0)    1 :  0.014 0.043 0.014 0.018 0.014 0.898 
 22   BBA_22    (0)    1 :  0.015 0.028 0.037 0.011 0.033 0.876 
 23   BBA_23    (0)    1 :  0.007 0.008 0.008 0.011 0.008 0.958 
 24   BBA_24    (0)    1 :  0.011 0.018 0.012 0.022 0.041 0.896 
 25   BBA_25    (0)    1 :  0.006 0.006 0.007 0.006 0.006 0.969 
 26   BBA_26    (0)    1 :  0.404 0.118 0.017 0.082 0.044 0.334 
 27   BBA_27    (0)    1 :  0.014 0.023 0.006 0.011 0.012 0.934 
 28   BBA_28    (0)    1 :  0.009 0.011 0.005 0.014 0.009 0.952 
 29   BBA_29    (0)    1 :  0.012 0.032 0.034 0.025 0.014 0.883 
 30   BBA_30    (0)    1 :  0.008 0.012 0.007 0.019 0.016 0.939 
 31   BBA_31    (0)    1 :  0.016 0.022 0.005 0.017 0.014 0.926 
 32   BBA_32    (0)    1 :  0.018 0.012 0.009 0.034 0.015 0.911 
 33   BBA_33    (0)    1 :  0.036 0.087 0.019 0.036 0.027 0.795 
 34   BBA_34    (0)    1 :  0.019 0.058 0.029 0.042 0.106 0.746 
 35   BBA_35    (0)    1 :  0.016 0.018 0.006 0.027 0.014 0.919 
 36   BBA_36    (0)    1 :  0.010 0.033 0.008 0.015 0.010 0.923 
 37   BBA_37    (0)    1 :  0.015 0.069 0.009 0.016 0.036 0.855 
 38   BBA_38    (0)    1 :  0.040 0.076 0.041 0.342 0.066 0.434 
 39   BBA_39    (0)    1 :  0.013 0.012 0.005 0.012 0.017 0.941 
 40   BBA_40    (0)    1 :  0.008 0.014 0.034 0.014 0.013 0.918 
 41   BBA_41    (0)    1 :  0.014 0.043 0.007 0.021 0.016 0.899 
 42   BBA_42    (0)    1 :  0.033 0.050 0.006 0.068 0.042 0.801 
 43   BBA_43    (0)    1 :  0.008 0.008 0.003 0.010 0.011 0.959 
 44   BBA_44    (0)    1 :  0.007 0.011 0.007 0.010 0.009 0.956 
 45   BBA_45    (0)    1 :  0.006 0.007 0.005 0.008 0.006 0.968 
 46   BBA_46    (0)    1 :  0.006 0.008 0.003 0.009 0.006 0.968 
 47   BBA_47    (0)    1 :  0.013 0.013 0.016 0.010 0.021 0.926 
 48   BBA_48    (0)    1 :  0.012 0.021 0.008 0.043 0.029 0.887 
 49   BBA_49    (0)    1 :  0.092 0.186 0.011 0.038 0.021 0.652 
 50   BBA_50    (0)    1 :  0.017 0.018 0.018 0.024 0.010 0.913 
 51   BBA_51    (0)    1 :  0.013 0.011 0.008 0.021 0.011 0.936 
 52   BBA_52    (0)    1 :  0.013 0.033 0.005 0.015 0.013 0.921 
 53   BBA_53    (0)    1 :  0.017 0.015 0.007 0.017 0.011 0.933 
 54   BBA_54    (0)    1 :  0.024 0.016 0.010 0.013 0.021 0.916 
 55   BBA_55    (0)    1 :  0.085 0.094 0.023 0.370 0.156 0.272 
 56   BBA_56    (0)    1 :  0.014 0.022 0.005 0.011 0.010 0.939 
 57   BBA_57    (0)    1 :  0.013 0.012 0.008 0.012 0.009 0.946 
 58   BBA_58    (0)    1 :  0.020 0.018 0.008 0.015 0.022 0.917 
 59   BBA_59    (0)    1 :  0.012 0.021 0.005 0.011 0.012 0.939 
 60   BBA_60    (0)    1 :  0.009 0.024 0.038 0.022 0.023 0.884 
 61   BBA_61    (0)    1 :  0.008 0.008 0.004 0.006 0.007 0.967 
 62   BBA_62    (0)    1 :  0.009 0.034 0.009 0.008 0.008 0.932 
 63   BBA_63    (0)    1 :  0.012 0.017 0.003 0.009 0.019 0.939 
 64   BBA_64    (0)    1 :  0.007 0.008 0.008 0.012 0.008 0.957 
 65   BBA_65    (0)    1 :  0.023 0.034 0.017 0.023 0.036 0.868 
 66   BBA_66    (0)    1 :  0.038 0.020 0.009 0.116 0.391 0.425 
 67   BBA_67    (0)    1 :  0.012 0.010 0.006 0.012 0.019 0.940 
 68   BBA_68    (0)    1 :  0.032 0.013 0.030 0.014 0.027 0.883 
 69    BDN_1    (0)    2 :  0.268 0.180 0.015 0.481 0.046 0.010 
 70    BDN_2    (0)    2 :  0.352 0.222 0.009 0.343 0.026 0.048 
 71    BDN_3    (0)    2 :  0.185 0.155 0.385 0.088 0.131 0.055 
 72    BDN_4   (13)    2 :  0.392 0.075 0.008 0.038 0.460 0.027 
 73    BDN_5   (13)    2 :  0.561 0.248 0.024 0.041 0.089 0.037 
 74    BDN_6    (6)    2 :  0.103 0.056 0.050 0.726 0.047 0.018 
 75    BDN_7    (0)    2 :  0.175 0.429 0.017 0.328 0.025 0.026 
 76    BDN_8    (6)    2 :  0.025 0.250 0.016 0.669 0.029 0.010 
 77    BDN_9    (0)    2 :  0.452 0.091 0.006 0.041 0.064 0.346 
 78   BDN_10    (0)    2 :  0.643 0.029 0.005 0.031 0.036 0.256 
 79   BDN_11    (0)    2 :  0.149 0.672 0.012 0.069 0.088 0.010 
 80   BDN_12    (0)    2 :  0.458 0.344 0.005 0.158 0.022 0.013 
 81   BDN_13   (13)    2 :  0.663 0.051 0.033 0.046 0.181 0.025 
 82   BDN_14    (0)    2 :  0.199 0.079 0.009 0.425 0.226 0.062 
 83   BDN_15    (6)    2 :  0.163 0.628 0.038 0.133 0.015 0.022 
 84   BDN_16    (6)    2 :  0.050 0.093 0.012 0.052 0.129 0.664 
 85   BDN_17   (13)    2 :  0.165 0.045 0.707 0.031 0.026 0.026 
 86   BDN_18    (0)    2 :  0.425 0.246 0.004 0.193 0.103 0.029 
 87   BDN_19    (0)    2 :  0.729 0.176 0.008 0.012 0.012 0.063 
 88   BDN_20   (13)    2 :  0.088 0.366 0.166 0.103 0.180 0.097 
 89   BDN_21   (13)    2 :  0.737 0.099 0.023 0.031 0.049 0.062 
 90   BDN_22    (6)    2 :  0.040 0.080 0.021 0.040 0.008 0.810 
 91   BDN_23    (0)    2 :  0.035 0.827 0.006 0.017 0.048 0.066 
 92   BDN_24    (0)    2 :  0.361 0.308 0.015 0.272 0.016 0.028 
 93   BDN_25   (13)    2 :  0.079 0.797 0.010 0.067 0.015 0.034 
 94   BDN_26    (0)    2 :  0.032 0.837 0.086 0.016 0.007 0.023 
 95   BDN_27    (0)    2 :  0.725 0.181 0.005 0.049 0.026 0.014 
 96   BDN_28   (13)    2 :  0.405 0.176 0.008 0.216 0.169 0.026 
 97   BDN_29    (0)    2 :  0.052 0.815 0.043 0.038 0.019 0.032 
 98   BDN_30    (0)    2 :  0.705 0.041 0.091 0.050 0.031 0.082 
 99   BDN_31    (0)    2 :  0.060 0.511 0.007 0.039 0.101 0.281 
100   BDN_32    (0)    2 :  0.096 0.055 0.010 0.647 0.022 0.170 
101   BDN_33    (0)    2 :  0.758 0.110 0.020 0.081 0.009 0.022 
102   BDN_34    (0)    2 :  0.069 0.064 0.004 0.052 0.797 0.013 
103   BDN_35    (0)    2 :  0.875 0.047 0.005 0.037 0.014 0.021 
104   BDN_36    (0)    2 :  0.233 0.653 0.013 0.056 0.016 0.028 
105   BDN_37    (0)    2 :  0.665 0.197 0.017 0.046 0.039 0.037 
106   BDN_38    (0)    2 :  0.334 0.079 0.259 0.265 0.030 0.034 
107   BDN_39    (0)    2 :  0.418 0.202 0.034 0.242 0.044 0.060 
108   BDN_40    (0)    2 :  0.039 0.805 0.082 0.057 0.011 0.007 
109   BDN_41    (0)    2 :  0.356 0.328 0.027 0.080 0.185 0.023 
110   BDN_42   (13)    2 :  0.119 0.658 0.005 0.036 0.158 0.023 
111   BDN_43    (6)    2 :  0.081 0.149 0.008 0.156 0.589 0.016 
112   BDN_44    (0)    2 :  0.063 0.483 0.011 0.349 0.021 0.074 
113   BDN_45    (0)    2 :  0.044 0.772 0.016 0.123 0.028 0.017 
114   BDN_46   (13)    2 :  0.204 0.014 0.010 0.513 0.113 0.147 
115   BDN_47    (0)    2 :  0.074 0.380 0.033 0.147 0.318 0.049 
116   BDN_48    (0)    2 :  0.114 0.146 0.005 0.350 0.341 0.044 
117   BDN_49    (0)    2 :  0.065 0.780 0.004 0.063 0.063 0.025 
118   BDN_50    (0)    2 :  0.196 0.667 0.005 0.041 0.067 0.024 
119   BDN_51    (0)    2 :  0.240 0.334 0.007 0.342 0.029 0.049 
120   BDN_52    (0)    2 :  0.577 0.278 0.011 0.076 0.041 0.015 
121   BDN_53    (0)    2 :  0.078 0.616 0.007 0.089 0.149 0.062 
122   BDN_54   (13)    2 :  0.025 0.028 0.014 0.012 0.018 0.903 
123   BDN_55    (6)    2 :  0.403 0.062 0.005 0.158 0.016 0.357 
124   BDN_56   (13)    2 :  0.102 0.782 0.003 0.049 0.052 0.011 
125   BDN_57    (6)    2 :  0.142 0.472 0.054 0.249 0.038 0.045 
126   BDN_58    (6)    2 :  0.304 0.115 0.023 0.479 0.019 0.059 
127   BDN_59    (6)    2 :  0.012 0.893 0.039 0.015 0.011 0.029 
128   BDN_60    (6)    2 :  0.742 0.129 0.041 0.022 0.044 0.022 
129   BDN_61    (0)    2 :  0.159 0.245 0.010 0.193 0.346 0.048 
130   BDN_62    (0)    2 :  0.025 0.858 0.004 0.049 0.039 0.025 
131   BDN_63    (6)    2 :  0.381 0.128 0.184 0.174 0.071 0.062 
132   BDN_64    (0)    2 :  0.356 0.310 0.010 0.022 0.239 0.064 
133   BDN_65    (0)    2 :  0.190 0.114 0.057 0.271 0.038 0.330 
134   BDN_66   (13)    2 :  0.678 0.168 0.006 0.024 0.091 0.033 
135   BDN_67    (0)    2 :  0.150 0.023 0.009 0.334 0.071 0.413 
136   BDN_68    (6)    2 :  0.079 0.063 0.060 0.736 0.035 0.027 
137   BDN_69    (0)    2 :  0.093 0.636 0.007 0.208 0.039 0.016 
138   BDN_70    (6)    2 :  0.381 0.239 0.016 0.122 0.079 0.164 
139   BDN_71    (6)    2 :  0.594 0.279 0.011 0.036 0.035 0.044 
140   BDN_72    (0)    2 :  0.038 0.109 0.008 0.594 0.169 0.082 
141   BDN_73    (0)    2 :  0.060 0.068 0.008 0.314 0.520 0.030 
142   BDN_74    (0)    2 :  0.142 0.706 0.011 0.096 0.013 0.031 
143   BDN_75    (0)    2 :  0.783 0.085 0.032 0.041 0.040 0.019 
144   BDN_76    (0)    2 :  0.276 0.023 0.013 0.116 0.197 0.374 
145   BDNB_1    (0)    3 :  0.764 0.100 0.020 0.071 0.033 0.012 
146   BDNB_2    (0)    3 :  0.392 0.031 0.008 0.470 0.047 0.051 
147   BDNB_3    (0)    3 :  0.065 0.060 0.019 0.801 0.013 0.042 
148   BDNB_4    (0)    3 :  0.881 0.034 0.007 0.048 0.019 0.010 
149   BDNB_5    (0)    3 :  0.327 0.105 0.008 0.036 0.374 0.150 
150   BDNB_6    (0)    3 :  0.302 0.388 0.035 0.039 0.021 0.215 
151   BDNB_7    (0)    3 :  0.462 0.047 0.031 0.222 0.189 0.050 
152   BDNB_8    (0)    3 :  0.114 0.768 0.047 0.033 0.013 0.026 
153   BDNB_9    (0)    3 :  0.653 0.098 0.021 0.047 0.020 0.161 
154  BDNB_10    (0)    3 :  0.440 0.220 0.010 0.083 0.041 0.206 
155  BDNB_11    (0)    3 :  0.764 0.031 0.005 0.067 0.107 0.025 
156  BDNB_12    (0)    3 :  0.569 0.093 0.006 0.185 0.132 0.016 
157  BDNB_13    (0)    3 :  0.511 0.237 0.007 0.020 0.187 0.039 
158  BDNB_14    (0)    3 :  0.081 0.284 0.008 0.032 0.009 0.587 
159  BDNB_15    (0)    3 :  0.021 0.398 0.006 0.518 0.045 0.013 
160  BDNB_16    (0)    3 :  0.084 0.054 0.008 0.099 0.039 0.715 
161  BDNB_17    (6)    3 :  0.166 0.065 0.030 0.615 0.054 0.070 
162  BDNB_18    (0)    3 :  0.535 0.168 0.046 0.039 0.148 0.063 
163  BDNB_19    (0)    3 :  0.724 0.029 0.008 0.026 0.169 0.044 
164  BDNB_20    (0)    3 :  0.112 0.137 0.031 0.052 0.159 0.509 
165  BDNB_21    (0)    3 :  0.011 0.941 0.008 0.020 0.013 0.007 
166  BDNB_22    (0)    3 :  0.189 0.078 0.007 0.040 0.651 0.035 
167  BDNB_23    (0)    3 :  0.017 0.791 0.007 0.155 0.019 0.011 
168  BDNB_24    (0)    3 :  0.040 0.246 0.006 0.025 0.593 0.091 
169  BDNB_25    (0)    3 :  0.130 0.703 0.008 0.081 0.018 0.060 
170  BDNB_26    (0)    3 :  0.397 0.294 0.008 0.191 0.087 0.023 
171  BDNB_27    (0)    3 :  0.629 0.255 0.006 0.030 0.017 0.063 
172  BDNB_28    (0)    3 :  0.605 0.051 0.013 0.025 0.187 0.119 
173  BDNB_29    (0)    3 :  0.163 0.233 0.158 0.374 0.020 0.053 
174  BDNB_30    (0)    3 :  0.032 0.050 0.055 0.024 0.104 0.734 
175  BDNB_31    (0)    3 :  0.103 0.317 0.007 0.168 0.156 0.247 
176  BDNB_32    (0)    3 :  0.204 0.613 0.007 0.022 0.059 0.095 
177  BDNB_33    (0)    3 :  0.120 0.098 0.020 0.080 0.022 0.660 
178  BDNB_34    (0)    3 :  0.166 0.597 0.005 0.041 0.038 0.152 
179  BDNB_35    (0)    3 :  0.104 0.756 0.007 0.022 0.063 0.049 
180  BDNB_36    (0)    3 :  0.018 0.253 0.025 0.046 0.134 0.523 
181  BDNB_37    (0)    3 :  0.505 0.290 0.148 0.036 0.009 0.012 
182  BDNB_38    (0)    3 :  0.264 0.497 0.037 0.028 0.101 0.073 
183  BDNB_39    (0)    3 :  0.118 0.733 0.040 0.060 0.025 0.024 
184  BDNB_40    (0)    3 :  0.813 0.117 0.021 0.016 0.014 0.019 
185  BDNB_41    (0)    3 :  0.898 0.017 0.021 0.020 0.028 0.016 
186  BDNB_42    (0)    3 :  0.040 0.458 0.006 0.028 0.437 0.031 
187  BDNB_43    (0)    3 :  0.472 0.212 0.013 0.045 0.215 0.043 
188  BDNB_44    (0)    3 :  0.540 0.080 0.012 0.132 0.172 0.064 
189  BDNB_45    (0)    3 :  0.115 0.121 0.170 0.065 0.197 0.332 
190  BDNB_46    (0)    3 :  0.128 0.102 0.009 0.048 0.237 0.476 
191  BDNB_47    (0)    3 :  0.494 0.086 0.009 0.090 0.079 0.243 
192  BDNB_48    (0)    3 :  0.266 0.636 0.014 0.021 0.031 0.031 
193  BDNB_49    (0)    3 :  0.518 0.110 0.041 0.187 0.083 0.060 
194  BDNB_50    (0)    3 :  0.358 0.542 0.012 0.033 0.034 0.020 
195  BDNB_51    (0)    3 :  0.465 0.189 0.016 0.256 0.034 0.040 
196  BDNB_52    (0)    3 :  0.121 0.789 0.005 0.056 0.015 0.014 
197  BDNB_53    (0)    3 :  0.399 0.288 0.032 0.051 0.131 0.100 
198  BDNB_54    (0)    3 :  0.625 0.293 0.011 0.018 0.042 0.011 
199  BDNB_55    (0)    3 :  0.253 0.597 0.006 0.026 0.018 0.101 
200  BDNB_56    (6)    3 :  0.623 0.024 0.016 0.284 0.023 0.031 
201  BDNB_57    (0)    3 :  0.040 0.115 0.010 0.012 0.014 0.809 
202  BDNB_58    (0)    3 :  0.133 0.790 0.004 0.021 0.033 0.020 
203  BDNB_59    (0)    3 :  0.163 0.381 0.022 0.086 0.203 0.145 
204  BDNB_60    (0)    3 :  0.239 0.116 0.012 0.024 0.548 0.061 
205  BDNB_61    (0)    3 :  0.772 0.081 0.005 0.010 0.094 0.038 
206  BDNB_62    (0)    3 :  0.293 0.499 0.011 0.163 0.020 0.013 
207  BDNB_63    (0)    3 :  0.941 0.012 0.004 0.008 0.015 0.019 
208  BDNB_64    (6)    3 :  0.759 0.030 0.008 0.038 0.138 0.027 
209  BDNB_65    (0)    3 :  0.308 0.173 0.005 0.022 0.388 0.104 
210  BDNB_66    (0)    3 :  0.778 0.026 0.011 0.031 0.111 0.043 
211  BDNB_67    (0)    3 :  0.672 0.013 0.024 0.146 0.118 0.028 
212  BDNB_68    (0)    3 :  0.312 0.220 0.008 0.046 0.298 0.116 
213  BDNB_69    (0)    3 :  0.434 0.343 0.005 0.039 0.152 0.027 
214  BDNB_70    (0)    3 :  0.670 0.025 0.014 0.015 0.256 0.020 
215  BDNB_71    (0)    3 :  0.533 0.171 0.008 0.025 0.154 0.110 
216  BDNB_72    (0)    3 :  0.349 0.111 0.006 0.129 0.373 0.031 
217  BDNB_73    (0)    3 :  0.817 0.067 0.004 0.066 0.033 0.013 
218  BDNB_74    (0)    3 :  0.825 0.027 0.007 0.017 0.081 0.044 
219  BDNB_75    (0)    3 :  0.054 0.849 0.013 0.034 0.038 0.012 
220    BSB_1    (0)    4 :  0.027 0.106 0.015 0.532 0.024 0.296 
221    BSB_2    (0)    4 :  0.156 0.030 0.010 0.026 0.109 0.669 
222    BSB_3    (0)    4 :  0.099 0.025 0.008 0.015 0.836 0.016 
223    BSB_4    (0)    4 :  0.066 0.053 0.007 0.012 0.013 0.849 
224    BSB_5    (0)    4 :  0.019 0.024 0.008 0.016 0.043 0.890 
225    BSB_6    (0)    4 :  0.018 0.012 0.007 0.011 0.013 0.939 
226    BSB_7   (33)    4 :  0.167 0.192 0.182 0.126 0.052 0.281 
227    BSB_8    (0)    4 :  0.033 0.603 0.062 0.148 0.050 0.104 
228    BSB_9    (0)    4 :  0.031 0.040 0.007 0.021 0.813 0.087 
229   BSB_10    (0)    4 :  0.228 0.191 0.016 0.046 0.288 0.230 
230   BSB_11    (0)    4 :  0.064 0.141 0.178 0.035 0.076 0.507 
231   BSB_12    (0)    4 :  0.028 0.456 0.074 0.064 0.118 0.260 
232   BSB_13    (0)    4 :  0.628 0.048 0.025 0.061 0.032 0.206 
233   BSB_14    (0)    4 :  0.181 0.029 0.013 0.085 0.135 0.557 
234   BSB_15    (0)    4 :  0.023 0.550 0.063 0.080 0.007 0.277 
235   BSB_16    (6)    4 :  0.065 0.068 0.005 0.033 0.059 0.770 
236   BSB_17    (0)    4 :  0.200 0.023 0.007 0.016 0.017 0.738 
237   BSB_18    (0)    4 :  0.326 0.028 0.028 0.028 0.094 0.496 
238   BSB_19    (0)    4 :  0.023 0.169 0.019 0.014 0.012 0.762 
239   BSB_20    (0)    4 :  0.165 0.041 0.016 0.051 0.009 0.717 
240   BSB_21    (0)    4 :  0.475 0.015 0.006 0.034 0.027 0.444 
241   BSB_22    (0)    4 :  0.022 0.014 0.006 0.027 0.851 0.079 
242   BSB_23    (0)    4 :  0.046 0.027 0.013 0.014 0.061 0.839 
243   BSB_24    (0)    4 :  0.010 0.009 0.015 0.008 0.010 0.948 
244   BSB_25    (0)    4 :  0.016 0.014 0.013 0.009 0.034 0.913 
245   BSB_26    (0)    4 :  0.031 0.014 0.006 0.017 0.024 0.907 
246   BSB_27    (0)    4 :  0.079 0.145 0.005 0.043 0.016 0.711 
247   BSB_28    (0)    4 :  0.099 0.016 0.041 0.013 0.802 0.028 
248   BSB_29    (0)    4 :  0.017 0.008 0.069 0.010 0.013 0.883 
249   BSB_30    (0)    4 :  0.105 0.027 0.006 0.028 0.199 0.635 
250   BSB_31    (0)    4 :  0.332 0.501 0.022 0.053 0.066 0.027 
251   BSB_32    (0)    4 :  0.013 0.009 0.005 0.012 0.011 0.950 
252   BSB_33    (0)    4 :  0.263 0.114 0.018 0.116 0.078 0.411 
253   BSB_34    (0)    4 :  0.030 0.021 0.013 0.039 0.016 0.881 
254   BSB_35    (0)    4 :  0.011 0.014 0.005 0.008 0.011 0.952 
255   BSB_36    (0)    4 :  0.036 0.136 0.025 0.057 0.012 0.734 
256   BSB_37    (0)    4 :  0.026 0.010 0.007 0.016 0.012 0.930 
257   BSB_38   (60)    4 :  0.009 0.060 0.905 0.014 0.008 0.005 
258   BSB_39    (0)    4 :  0.204 0.577 0.081 0.066 0.035 0.038 
259   BSB_40    (0)    4 :  0.024 0.114 0.005 0.117 0.020 0.720 
260   BSB_41    (0)    4 :  0.094 0.172 0.067 0.030 0.128 0.509 
261   BSB_42    (0)    4 :  0.049 0.061 0.084 0.125 0.024 0.656 
262   BSB_43    (0)    4 :  0.104 0.105 0.008 0.067 0.030 0.686 
263   BSB_44    (0)    4 :  0.047 0.016 0.208 0.056 0.300 0.374 
264   BSB_45    (0)    4 :  0.278 0.243 0.006 0.110 0.041 0.321 
265   BSB_46    (0)    4 :  0.266 0.059 0.023 0.029 0.043 0.580 
266   BSB_47    (0)    4 :  0.087 0.047 0.031 0.029 0.012 0.794 
267   BSB_48    (0)    4 :  0.044 0.694 0.011 0.125 0.013 0.113 
268   BSB_49    (0)    4 :  0.092 0.132 0.017 0.407 0.022 0.330 
269   BSB_50   (60)    4 :  0.008 0.009 0.919 0.051 0.008 0.006 
270   BSB_51    (0)    4 :  0.037 0.367 0.007 0.445 0.040 0.103 
271   BSB_52    (0)    4 :  0.351 0.046 0.010 0.029 0.228 0.336 
272   BSB_53    (0)    4 :  0.115 0.019 0.008 0.014 0.019 0.826 
273   BSB_54    (0)    4 :  0.124 0.339 0.010 0.113 0.027 0.386 
274   BSB_55    (0)    4 :  0.039 0.049 0.012 0.140 0.442 0.318 
275   BSB_56    (0)    4 :  0.527 0.063 0.011 0.030 0.228 0.141 
276   BSB_57    (0)    4 :  0.045 0.017 0.406 0.052 0.141 0.339 
277   BSB_58    (0)    4 :  0.225 0.524 0.007 0.066 0.106 0.073 
278   BSB_59    (0)    4 :  0.022 0.017 0.070 0.014 0.014 0.863 
279   BSB_60   (60)    4 :  0.012 0.013 0.944 0.008 0.009 0.014 
280   BSB_61    (0)    4 :  0.034 0.023 0.042 0.028 0.013 0.860 
281   BSB_62    (0)    4 :  0.038 0.011 0.006 0.033 0.032 0.880 
282   BSB_63    (0)    4 :  0.098 0.014 0.007 0.010 0.259 0.613 
283   BSB_64    (0)    4 :  0.039 0.024 0.119 0.027 0.062 0.728 
284   BSB_65    (0)    4 :  0.075 0.058 0.069 0.039 0.137 0.622 
285   BSB_66    (0)    4 :  0.078 0.189 0.030 0.047 0.007 0.648 
286   BSB_67    (0)    4 :  0.375 0.191 0.051 0.035 0.041 0.307 
287   BSB_68    (0)    4 :  0.018 0.845 0.013 0.013 0.094 0.018 
288   BSB_69    (0)    4 :  0.390 0.118 0.007 0.161 0.309 0.016 
289   BSB_70    (0)    4 :  0.187 0.037 0.010 0.024 0.715 0.026 
290   BSB_71    (0)    4 :  0.044 0.009 0.005 0.012 0.015 0.915 
291   BSB_72    (0)    4 :  0.661 0.056 0.069 0.149 0.028 0.038 
292   BSB_73    (0)    4 :  0.056 0.130 0.006 0.161 0.059 0.589 
293   BSB_74    (0)    4 :  0.207 0.031 0.019 0.114 0.069 0.558 
294   BSB_75    (0)    4 :  0.206 0.151 0.008 0.053 0.024 0.558 
295   BSB_76    (0)    4 :  0.111 0.031 0.029 0.021 0.065 0.743 
296   BSB_77   (53)    4 :  0.004 0.004 0.980 0.004 0.004 0.004 
297   BSB_78    (0)    4 :  0.404 0.031 0.018 0.053 0.096 0.398 
298    CCR_1    (0)    5 :  0.041 0.146 0.016 0.759 0.011 0.026 
299    CCR_2    (0)    5 :  0.008 0.011 0.006 0.940 0.023 0.011 
300    CCR_3    (0)    5 :  0.075 0.058 0.009 0.753 0.075 0.030 
301    CCR_4    (0)    5 :  0.112 0.380 0.046 0.366 0.079 0.016 
302    CCR_5    (0)    5 :  0.011 0.014 0.011 0.926 0.025 0.013 
303    CCR_6    (0)    5 :  0.013 0.060 0.005 0.896 0.008 0.017 
304    CCR_7    (0)    5 :  0.016 0.022 0.004 0.895 0.044 0.019 
305    CCR_8    (0)    5 :  0.762 0.048 0.014 0.056 0.080 0.041 
306    CCR_9    (0)    5 :  0.013 0.032 0.005 0.920 0.011 0.019 
307   CCR_10    (0)    5 :  0.651 0.160 0.007 0.099 0.023 0.061 
308   CCR_11    (0)    5 :  0.036 0.503 0.013 0.417 0.018 0.014 
309   CCR_12    (0)    5 :  0.008 0.010 0.008 0.956 0.011 0.008 
310   CCR_13    (0)    5 :  0.022 0.015 0.005 0.936 0.014 0.008 
311   CCR_14    (0)    5 :  0.056 0.029 0.019 0.841 0.038 0.018 
312   CCR_15    (0)    5 :  0.151 0.287 0.004 0.526 0.023 0.009 
313   CCR_16    (0)    5 :  0.173 0.041 0.013 0.308 0.314 0.151 
314   CCR_17    (0)    5 :  0.072 0.018 0.006 0.877 0.016 0.010 
315   CCR_18    (0)    5 :  0.256 0.024 0.004 0.453 0.253 0.009 
316   CCR_19    (0)    5 :  0.039 0.314 0.005 0.591 0.020 0.030 
317   CCR_20    (0)    5 :  0.065 0.048 0.018 0.680 0.015 0.175 
318   CCR_21    (0)    5 :  0.027 0.240 0.030 0.601 0.021 0.081 
319   CCR_22    (0)    5 :  0.023 0.152 0.005 0.721 0.047 0.052 
320   CCR_23    (0)    5 :  0.012 0.015 0.073 0.868 0.025 0.008 
321   CCR_24    (0)    5 :  0.017 0.029 0.004 0.929 0.010 0.011 
322   CCR_25    (0)    5 :  0.410 0.140 0.029 0.232 0.029 0.159 
323   CCR_26    (0)    5 :  0.093 0.089 0.009 0.339 0.016 0.453 
324   CCR_27    (0)    5 :  0.014 0.023 0.004 0.933 0.015 0.011 
325   CCR_28    (0)    5 :  0.025 0.057 0.071 0.738 0.027 0.083 
326   CCR_29    (0)    5 :  0.023 0.199 0.007 0.741 0.009 0.021 
327   CCR_30    (0)    5 :  0.061 0.382 0.015 0.509 0.022 0.010 
328   CCR_31    (0)    5 :  0.251 0.073 0.006 0.223 0.050 0.396 
329   CCR_32    (0)    5 :  0.020 0.037 0.297 0.526 0.012 0.108 
330   CCR_33    (0)    5 :  0.064 0.075 0.012 0.799 0.033 0.018 
331   CCR_34    (0)    5 :  0.022 0.020 0.010 0.919 0.015 0.015 
332   CCR_35    (0)    5 :  0.202 0.316 0.010 0.369 0.053 0.050 
333   CCR_36    (0)    5 :  0.482 0.069 0.010 0.328 0.089 0.021 
334   CCR_37    (0)    5 :  0.012 0.057 0.006 0.260 0.015 0.649 
335   CCR_38    (0)    5 :  0.010 0.057 0.008 0.886 0.021 0.018 
336   CCR_39    (0)    5 :  0.019 0.177 0.007 0.766 0.023 0.010 
337   CCR_40    (0)    5 :  0.036 0.023 0.006 0.535 0.084 0.316 
338   CCR_41    (0)    5 :  0.062 0.189 0.013 0.682 0.034 0.020 
339   CCR_42    (0)    5 :  0.013 0.057 0.010 0.876 0.016 0.029 
340   CCR_43    (0)    5 :  0.100 0.231 0.050 0.583 0.026 0.011 
341   CCR_44    (0)    5 :  0.037 0.119 0.147 0.366 0.117 0.213 
342   CCR_45    (0)    5 :  0.057 0.160 0.053 0.684 0.013 0.033 
343   CCR_46    (0)    5 :  0.040 0.067 0.021 0.781 0.010 0.081 
344   CCR_47    (0)    5 :  0.021 0.025 0.008 0.920 0.010 0.017 
345   CCR_48    (0)    5 :  0.182 0.129 0.020 0.621 0.036 0.012 
346   CCR_49    (0)    5 :  0.020 0.053 0.027 0.809 0.049 0.042 
347   CCR_50    (0)    5 :  0.013 0.013 0.013 0.875 0.070 0.016 
348   CCR_51    (0)    5 :  0.009 0.024 0.010 0.910 0.005 0.042 
349   CCR_52    (0)    5 :  0.038 0.035 0.009 0.872 0.014 0.031 
350   CCR_53    (0)    5 :  0.138 0.161 0.013 0.613 0.053 0.021 
351   CCR_54    (0)    5 :  0.083 0.225 0.010 0.423 0.192 0.068 
352   CCR_55    (0)    5 :  0.017 0.046 0.011 0.675 0.019 0.231 
353   CCR_56    (0)    5 :  0.021 0.025 0.016 0.888 0.028 0.022 
354   CCR_57    (0)    5 :  0.036 0.026 0.008 0.891 0.015 0.023 
355   CCR_58    (0)    5 :  0.159 0.629 0.007 0.138 0.039 0.027 
356   CCR_59    (0)    5 :  0.078 0.249 0.025 0.517 0.023 0.108 
357   CCR_60    (0)    5 :  0.027 0.043 0.089 0.290 0.514 0.037 
358   CCR_61    (0)    5 :  0.012 0.267 0.006 0.687 0.015 0.013 
359   CCR_62    (0)    5 :  0.262 0.207 0.015 0.466 0.022 0.028 
360   CCR_63    (0)    5 :  0.016 0.137 0.010 0.787 0.021 0.029 
361   CCR_64    (0)    5 :  0.023 0.114 0.012 0.767 0.023 0.061 
362   CCR_65    (0)    5 :  0.036 0.242 0.014 0.677 0.016 0.015 
363   CCR_66    (0)    5 :  0.014 0.048 0.003 0.902 0.008 0.024 
364   CCR_67    (0)    5 :  0.013 0.016 0.006 0.945 0.012 0.008 
365   CCR_68    (0)    5 :  0.014 0.242 0.005 0.707 0.011 0.021 
366   CCR_69    (0)    5 :  0.014 0.060 0.007 0.892 0.012 0.015 
367   CCR_70    (0)    5 :  0.028 0.172 0.011 0.763 0.018 0.008 
368   CCR_71    (0)    5 :  0.012 0.033 0.030 0.901 0.014 0.011 
369   CCR_72    (0)    5 :  0.027 0.021 0.012 0.919 0.012 0.010 
370   CCR_73    (0)    5 :  0.012 0.029 0.007 0.921 0.010 0.021 
371   CCR_74    (0)    5 :  0.035 0.189 0.006 0.324 0.050 0.397 
372   CCR_75    (0)    5 :  0.015 0.081 0.011 0.791 0.086 0.016 
373   CCR_76    (0)    5 :  0.062 0.034 0.004 0.155 0.733 0.012 
374   CCR_77    (0)    5 :  0.057 0.181 0.027 0.697 0.021 0.016 
375   CCR_78    (0)    5 :  0.054 0.034 0.012 0.669 0.072 0.161 
376   CCR_79    (0)    5 :  0.016 0.042 0.092 0.803 0.031 0.016 
377   CCR_80    (0)    5 :  0.022 0.456 0.007 0.480 0.020 0.014 
378    CMB_1    (0)    6 :  0.022 0.939 0.005 0.012 0.011 0.011 
379    CMB_2    (0)    6 :  0.010 0.957 0.005 0.016 0.005 0.008 
380    CMB_3    (0)    6 :  0.012 0.940 0.009 0.013 0.015 0.011 
381    CMB_4    (0)    6 :  0.014 0.864 0.006 0.020 0.087 0.008 
382    CMB_5    (0)    6 :  0.023 0.884 0.004 0.036 0.043 0.011 
383    CMB_6    (0)    6 :  0.046 0.923 0.006 0.009 0.007 0.010 
384    CMB_7    (0)    6 :  0.029 0.895 0.007 0.037 0.010 0.021 
385    CMB_8    (0)    6 :  0.026 0.889 0.016 0.012 0.040 0.016 
386    CMB_9    (0)    6 :  0.024 0.886 0.012 0.025 0.009 0.044 
387   CMB_10    (0)    6 :  0.082 0.126 0.008 0.113 0.659 0.012 
388   CMB_11    (0)    6 :  0.010 0.946 0.006 0.012 0.010 0.017 
389   CMB_12    (0)    6 :  0.011 0.931 0.005 0.016 0.025 0.012 
390   CMB_13    (0)    6 :  0.029 0.901 0.007 0.023 0.020 0.020 
391   CMB_14    (0)    6 :  0.011 0.953 0.011 0.009 0.008 0.009 
392   CMB_15    (0)    6 :  0.016 0.907 0.009 0.023 0.013 0.032 
393   CMB_16    (0)    6 :  0.022 0.596 0.008 0.045 0.296 0.033 
394   CMB_17    (0)    6 :  0.030 0.316 0.022 0.530 0.046 0.056 
395   CMB_18    (0)    6 :  0.020 0.903 0.030 0.011 0.014 0.022 
396   CMB_19    (0)    6 :  0.021 0.800 0.006 0.035 0.122 0.015 
397   CMB_20    (0)    6 :  0.016 0.910 0.006 0.020 0.038 0.011 
398   CMB_21    (0)    6 :  0.009 0.958 0.005 0.010 0.011 0.008 
399   CMB_22    (0)    6 :  0.037 0.844 0.007 0.031 0.035 0.045 
400   CMB_23    (0)    6 :  0.015 0.936 0.017 0.010 0.015 0.008 
401   CMB_24    (0)    6 :  0.074 0.566 0.012 0.065 0.258 0.026 
402   CMB_25    (0)    6 :  0.012 0.863 0.007 0.027 0.012 0.080 
403   CMB_26    (0)    6 :  0.010 0.947 0.007 0.008 0.011 0.017 
404   CMB_27    (0)    6 :  0.084 0.790 0.014 0.039 0.062 0.011 
405   CMB_28    (0)    6 :  0.009 0.960 0.005 0.008 0.008 0.009 
406   CMB_29    (0)    6 :  0.175 0.690 0.008 0.073 0.030 0.024 
407   CMB_30    (0)    6 :  0.020 0.934 0.009 0.011 0.009 0.016 
408   CMB_31    (0)    6 :  0.013 0.837 0.005 0.050 0.045 0.049 
409   CMB_32    (0)    6 :  0.025 0.840 0.011 0.057 0.055 0.011 
410   CMB_33    (0)    6 :  0.008 0.905 0.007 0.032 0.014 0.034 
411   CMB_34    (0)    6 :  0.012 0.879 0.006 0.028 0.065 0.009 
412   CMB_35    (0)    6 :  0.017 0.859 0.008 0.025 0.023 0.068 
413   CMB_36    (0)    6 :  0.018 0.891 0.015 0.023 0.038 0.015 
414   CMB_37    (0)    6 :  0.011 0.955 0.009 0.009 0.006 0.009 
415   CMB_38    (0)    6 :  0.024 0.920 0.021 0.017 0.006 0.012 
416   CMB_39    (0)    6 :  0.013 0.929 0.009 0.017 0.014 0.018 
417   CMB_40    (0)    6 :  0.030 0.853 0.019 0.016 0.067 0.015 
418   CMB_41    (0)    6 :  0.011 0.913 0.023 0.011 0.023 0.019 
419   CMB_42    (0)    6 :  0.021 0.872 0.034 0.023 0.028 0.022 
420   CMB_43    (0)    6 :  0.373 0.092 0.090 0.337 0.097 0.012 
421   CMB_44    (0)    6 :  0.417 0.062 0.009 0.044 0.084 0.384 
422   CMB_45    (0)    6 :  0.009 0.932 0.005 0.032 0.012 0.010 
423   CMB_46    (0)    6 :  0.201 0.467 0.017 0.048 0.250 0.018 
424   CMB_47    (0)    6 :  0.056 0.239 0.005 0.037 0.649 0.015 
425   CMB_48    (0)    6 :  0.018 0.909 0.009 0.021 0.025 0.017 
426   CMB_49    (0)    6 :  0.018 0.950 0.007 0.014 0.005 0.006 
427   CMB_50    (0)    6 :  0.010 0.955 0.003 0.008 0.016 0.008 
428   CMB_51    (0)    6 :  0.054 0.589 0.005 0.292 0.015 0.044 
429   CMB_52    (0)    6 :  0.011 0.946 0.015 0.011 0.009 0.008 
430   CMB_53    (0)    6 :  0.023 0.892 0.031 0.020 0.012 0.022 
431   CMB_54    (0)    6 :  0.025 0.911 0.021 0.011 0.023 0.008 
432   CMB_55    (0)    6 :  0.019 0.934 0.008 0.010 0.012 0.017 
433   CMB_56    (0)    6 :  0.077 0.575 0.267 0.026 0.040 0.015 
434   CMB_57    (0)    6 :  0.017 0.910 0.007 0.036 0.021 0.009 
435   CMB_58    (0)    6 :  0.113 0.781 0.006 0.043 0.035 0.022 
436   CMB_59    (0)    6 :  0.010 0.940 0.014 0.009 0.017 0.011 
437   CMB_60    (0)    6 :  0.009 0.962 0.005 0.009 0.007 0.007 
438   CMB_61    (0)    6 :  0.012 0.919 0.010 0.032 0.008 0.019 
439   CMB_62    (0)    6 :  0.054 0.632 0.009 0.178 0.076 0.051 
440   CMB_63    (0)    6 :  0.042 0.915 0.005 0.012 0.009 0.018 
441   CMB_64    (0)    6 :  0.012 0.875 0.011 0.079 0.014 0.007 
442   CMB_65    (0)    6 :  0.008 0.949 0.008 0.010 0.014 0.011 
443   CMB_66    (0)    6 :  0.022 0.867 0.010 0.081 0.009 0.012 
444   CMB_67    (0)    6 :  0.015 0.935 0.007 0.011 0.023 0.010 
445   CMB_68    (0)    6 :  0.012 0.940 0.009 0.013 0.012 0.013 
446   CMB_69    (0)    6 :  0.010 0.672 0.127 0.105 0.076 0.009 
447   CMB_70    (0)    6 :  0.037 0.243 0.012 0.033 0.590 0.086 
448   CMB_71    (0)    6 :  0.018 0.888 0.012 0.043 0.028 0.011 
449   CMB_72    (0)    6 :  0.024 0.775 0.036 0.118 0.027 0.021 
450   CMB_73    (0)    6 :  0.048 0.037 0.034 0.077 0.015 0.789 
451   CMB_74    (0)    6 :  0.070 0.709 0.050 0.048 0.067 0.056 
452   CMB_75    (0)    6 :  0.021 0.382 0.117 0.014 0.453 0.014 
453   CMB_76    (6)    6 :  0.355 0.135 0.017 0.033 0.032 0.429 
454   CMB_77    (0)    6 :  0.021 0.731 0.017 0.142 0.074 0.014 
455    CNR_1    (0)    7 :  0.013 0.812 0.128 0.016 0.009 0.023 
456    CNR_2    (0)    7 :  0.072 0.448 0.007 0.061 0.042 0.371 
457    CNR_3    (0)    7 :  0.014 0.832 0.020 0.059 0.012 0.062 
458    CNR_4    (0)    7 :  0.009 0.950 0.012 0.009 0.011 0.008 
459    CNR_5    (0)    7 :  0.142 0.707 0.079 0.039 0.024 0.010 
460    CNR_6    (0)    7 :  0.009 0.916 0.007 0.008 0.016 0.043 
461    CNR_7    (0)    7 :  0.046 0.388 0.029 0.478 0.042 0.017 
462    CNR_8    (0)    7 :  0.020 0.884 0.007 0.053 0.019 0.017 
463    CNR_9    (0)    7 :  0.066 0.842 0.006 0.052 0.018 0.016 
464   CNR_10    (0)    7 :  0.010 0.961 0.005 0.008 0.009 0.007 
465   CNR_11    (0)    7 :  0.016 0.937 0.008 0.016 0.012 0.011 
466   CNR_12    (0)    7 :  0.010 0.956 0.013 0.010 0.006 0.006 
467   CNR_13    (0)    7 :  0.012 0.934 0.010 0.021 0.012 0.011 
468   CNR_14    (0)    7 :  0.054 0.877 0.012 0.015 0.027 0.015 
469   CNR_15    (0)    7 :  0.011 0.930 0.005 0.014 0.013 0.027 
470   CNR_16    (0)    7 :  0.019 0.859 0.009 0.089 0.011 0.014 
471   CNR_17    (0)    7 :  0.018 0.943 0.006 0.017 0.009 0.007 
472   CNR_18    (0)    7 :  0.030 0.926 0.007 0.016 0.011 0.009 
473   CNR_19    (0)    7 :  0.010 0.952 0.013 0.010 0.009 0.006 
474   CNR_20    (0)    7 :  0.011 0.944 0.011 0.013 0.014 0.008 
475   CNR_21    (0)    7 :  0.023 0.859 0.079 0.013 0.010 0.016 
476   CNR_22    (0)    7 :  0.050 0.615 0.018 0.255 0.048 0.014 
477   CNR_23    (0)    7 :  0.016 0.865 0.004 0.065 0.021 0.030 
478   CNR_24    (0)    7 :  0.010 0.918 0.028 0.021 0.011 0.011 
479   CNR_25    (0)    7 :  0.021 0.906 0.004 0.010 0.010 0.049 
480   CNR_26    (0)    7 :  0.009 0.942 0.005 0.009 0.007 0.028 
481   CNR_27    (0)    7 :  0.075 0.796 0.005 0.073 0.033 0.019 
482   CNR_28    (0)    7 :  0.085 0.610 0.081 0.085 0.089 0.052 
483   CNR_29    (0)    7 :  0.025 0.896 0.036 0.020 0.008 0.014 
484   CNR_30    (0)    7 :  0.024 0.916 0.005 0.020 0.017 0.018 
485   CNR_31    (0)    7 :  0.014 0.946 0.013 0.012 0.010 0.005 
486   CNR_32    (0)    7 :  0.008 0.920 0.006 0.050 0.008 0.008 
487   CNR_33    (0)    7 :  0.013 0.950 0.005 0.013 0.006 0.013 
488   CNR_34    (0)    7 :  0.066 0.730 0.010 0.103 0.062 0.029 
489   CNR_35    (6)    7 :  0.006 0.958 0.004 0.013 0.009 0.010 
490   CNR_36    (0)    7 :  0.021 0.333 0.013 0.033 0.567 0.034 
491   CNR_37    (0)    7 :  0.014 0.897 0.044 0.010 0.018 0.016 
492   CNR_38    (0)    7 :  0.045 0.891 0.005 0.023 0.012 0.025 
493   CNR_39    (0)    7 :  0.010 0.948 0.005 0.013 0.012 0.011 
494   CNR_40    (0)    7 :  0.029 0.877 0.055 0.017 0.011 0.012 
495   CNR_41    (6)    7 :  0.011 0.925 0.009 0.025 0.021 0.009 
496   CNR_42    (0)    7 :  0.011 0.955 0.007 0.014 0.006 0.007 
497   CNR_43    (0)    7 :  0.119 0.645 0.008 0.158 0.045 0.024 
498   CNR_44    (0)    7 :  0.027 0.453 0.005 0.026 0.040 0.449 
499   CNR_45    (0)    7 :  0.008 0.951 0.004 0.009 0.013 0.015 
500   CNR_46    (0)    7 :  0.021 0.821 0.006 0.098 0.033 0.020 
501   CNR_47    (0)    7 :  0.012 0.947 0.006 0.015 0.008 0.011 
502   CNR_48    (0)    7 :  0.007 0.967 0.005 0.008 0.006 0.007 
503   CNR_49    (0)    7 :  0.029 0.906 0.008 0.019 0.027 0.011 
504   CNR_50    (0)    7 :  0.021 0.736 0.058 0.050 0.012 0.123 
505   CNR_51    (0)    7 :  0.014 0.881 0.008 0.019 0.050 0.030 
506   CNR_52    (0)    7 :  0.017 0.921 0.018 0.019 0.015 0.010 
507   CNR_53    (0)    7 :  0.010 0.949 0.004 0.012 0.019 0.006 
508   CNR_54    (0)    7 :  0.026 0.852 0.008 0.018 0.086 0.010 
509   CNR_55    (0)    7 :  0.017 0.693 0.007 0.244 0.012 0.027 
510   CNR_56    (0)    7 :  0.013 0.897 0.007 0.014 0.059 0.011 
511   CNR_57    (0)    7 :  0.014 0.934 0.012 0.012 0.018 0.010 
512   CNR_58    (0)    7 :  0.011 0.929 0.016 0.020 0.011 0.013 
513   CNR_59    (0)    7 :  0.016 0.815 0.006 0.011 0.013 0.139 
514   CNR_60    (0)    7 :  0.039 0.866 0.009 0.059 0.011 0.016 
515   CNR_61    (0)    7 :  0.048 0.895 0.011 0.018 0.018 0.011 
516   CNR_62    (0)    7 :  0.052 0.899 0.008 0.017 0.010 0.014 
517   CNR_63    (0)    7 :  0.029 0.866 0.011 0.033 0.014 0.047 
518   CNR_64    (0)    7 :  0.012 0.694 0.005 0.247 0.018 0.024 
519   CNR_65    (0)    7 :  0.009 0.940 0.008 0.017 0.012 0.014 
