

----------------------------------------------------
STRUCTURE by Pritchard, Stephens and Donnelly (2000)
     and Falush, Stephens and Pritchard (2003)
       Code by Pritchard, Falush and Hubisz
             Version 2.3.4 (Jul 2012)
----------------------------------------------------



Command line arguments:   structure -m /global/home/hpc3579/salmon/mainparamsnewfoundlandfiles/mainparamsnewfoundland8 -e /global/home/hpc3579/salmon/extraparams_newfoundlandfile -K 8 
Input File:    /global/home/hpc3579/salmon/NewfoundlandStruc.txt

Run parameters:
   5235 individuals
   15 loci
   8 populations assumed
   100000 Burn-in period
   1000000 Reps


--------------------------------------------
Proportion of membership of each pre-defined
 population in each of the 8 clusters

Given    Inferred Clusters                                          Number of
 Pop       1      2      3      4      5      6      7      8      Individuals

  1:     0.025  0.038  0.030  0.018  0.823  0.025  0.032  0.009       68
  2:     0.027  0.213  0.228  0.201  0.074  0.084  0.141  0.032       76
  3:     0.024  0.349  0.189  0.180  0.068  0.090  0.078  0.020       75
  4:     0.046  0.203  0.083  0.068  0.395  0.099  0.077  0.028       78
  5:     0.018  0.069  0.072  0.093  0.047  0.044  0.638  0.019       80
  6:     0.013  0.054  0.747  0.032  0.030  0.057  0.046  0.021       77
  7:     0.016  0.031  0.825  0.025  0.022  0.022  0.046  0.014       99
  8:     0.030  0.130  0.089  0.141  0.075  0.077  0.435  0.023       78
  9:     0.023  0.065  0.626  0.105  0.039  0.051  0.074  0.016       74
 10:     0.022  0.456  0.089  0.096  0.118  0.069  0.136  0.014      100
 11:     0.042  0.452  0.056  0.086  0.180  0.046  0.109  0.030      100
 12:     0.023  0.077  0.123  0.077  0.039  0.050  0.590  0.022       75
 13:     0.016  0.074  0.109  0.138  0.040  0.042  0.570  0.011       77
 14:     0.030  0.096  0.110  0.076  0.051  0.067  0.548  0.022       82
 15:     0.022  0.085  0.047  0.080  0.034  0.041  0.676  0.013       75
 16:     0.021  0.241  0.250  0.262  0.052  0.071  0.071  0.032       56
 17:     0.015  0.081  0.065  0.107  0.026  0.041  0.653  0.012       70
 18:     0.013  0.049  0.820  0.025  0.015  0.033  0.028  0.018       82
 19:     0.028  0.087  0.022  0.028  0.765  0.025  0.033  0.012       75
 20:     0.017  0.146  0.048  0.071  0.491  0.060  0.150  0.017       57
 21:     0.021  0.019  0.031  0.021  0.848  0.021  0.023  0.017      111
 22:     0.217  0.120  0.070  0.057  0.291  0.087  0.139  0.020       88
 23:     0.033  0.270  0.306  0.101  0.080  0.068  0.121  0.021       69
 24:     0.020  0.039  0.109  0.068  0.017  0.037  0.694  0.016       75
 25:     0.023  0.094  0.050  0.078  0.647  0.047  0.052  0.010      100
 26:     0.017  0.028  0.732  0.039  0.019  0.048  0.107  0.009       76
 27:     0.017  0.150  0.050  0.075  0.565  0.064  0.062  0.016       84
 28:     0.022  0.054  0.030  0.041  0.714  0.065  0.061  0.013       74
 29:     0.611  0.036  0.023  0.046  0.233  0.023  0.017  0.012       51
 30:     0.025  0.049  0.042  0.022  0.754  0.023  0.040  0.046       75
 31:     0.009  0.012  0.011  0.010  0.010  0.010  0.012  0.924       71
 32:     0.029  0.089  0.133  0.109  0.045  0.082  0.493  0.021       66
 33:     0.025  0.078  0.062  0.063  0.030  0.674  0.056  0.013       81
 34:     0.022  0.548  0.097  0.101  0.036  0.072  0.102  0.021       50
 35:     0.014  0.075  0.096  0.567  0.025  0.028  0.185  0.011       50
 36:     0.039  0.059  0.051  0.172  0.044  0.046  0.574  0.015      100
 37:     0.016  0.075  0.034  0.043  0.029  0.757  0.032  0.013       94
 38:     0.043  0.170  0.148  0.364  0.026  0.100  0.134  0.015      100
 39:     0.013  0.529  0.076  0.087  0.047  0.100  0.129  0.019       50
 40:     0.028  0.102  0.112  0.385  0.061  0.074  0.221  0.016       98
 41:     0.020  0.047  0.037  0.704  0.044  0.039  0.083  0.026       50
 42:     0.009  0.028  0.016  0.019  0.020  0.883  0.013  0.012       99
 43:     0.023  0.078  0.153  0.376  0.048  0.077  0.227  0.017       99
 44:     0.022  0.516  0.072  0.163  0.029  0.075  0.099  0.022      100
 45:     0.030  0.463  0.066  0.145  0.032  0.124  0.126  0.013       48
 46:     0.015  0.051  0.053  0.048  0.040  0.726  0.061  0.006       28
 47:     0.035  0.504  0.060  0.092  0.062  0.103  0.127  0.017       50
 48:     0.019  0.619  0.098  0.049  0.026  0.120  0.051  0.017      100
 49:     0.019  0.526  0.096  0.128  0.025  0.082  0.100  0.025       50
 50:     0.023  0.040  0.057  0.058  0.028  0.712  0.071  0.010       41
 51:     0.024  0.438  0.127  0.146  0.046  0.079  0.115  0.025       50
 52:     0.018  0.062  0.046  0.747  0.032  0.036  0.044  0.014      100
 53:     0.024  0.053  0.067  0.202  0.067  0.052  0.518  0.016       98
 54:     0.032  0.224  0.123  0.190  0.045  0.184  0.187  0.015      100
 55:     0.942  0.008  0.010  0.008  0.008  0.008  0.008  0.009       95
 56:     0.010  0.040  0.075  0.687  0.052  0.029  0.095  0.011       50
 57:     0.025  0.361  0.108  0.111  0.183  0.094  0.098  0.020       70
 58:     0.024  0.081  0.054  0.052  0.025  0.673  0.080  0.011      100
 59:     0.021  0.445  0.113  0.167  0.056  0.063  0.122  0.012       50
 60:     0.010  0.025  0.018  0.883  0.015  0.018  0.023  0.006       50
 61:     0.020  0.227  0.075  0.348  0.037  0.089  0.180  0.023      100
 62:     0.027  0.029  0.027  0.056  0.016  0.774  0.058  0.013       41
 63:     0.019  0.071  0.052  0.066  0.025  0.700  0.056  0.011      100
 64:     0.018  0.137  0.037  0.634  0.024  0.067  0.069  0.014       50
 65:     0.033  0.051  0.060  0.061  0.036  0.651  0.097  0.011      100
 66:     0.027  0.558  0.076  0.106  0.023  0.097  0.073  0.041       49
 67:     0.020  0.379  0.139  0.155  0.045  0.121  0.105  0.037      100
 68:     0.017  0.150  0.064  0.404  0.055  0.216  0.071  0.022       50
 69:     0.014  0.153  0.062  0.595  0.025  0.055  0.081  0.015      100
--------------------------------------------

Allele-freq. divergence among pops (Net nucleotide distance),
computed using point estimates of P.

      1       2       3       4       5       6       7       8      
 1      -    0.0547  0.0605  0.0557  0.0613  0.0607  0.0515  0.0999  
 2   0.0547     -    0.0143  0.0118  0.0219  0.0159  0.0118  0.0784  
 3   0.0605  0.0143     -    0.0144  0.0298  0.0231  0.0090  0.0773  
 4   0.0557  0.0118  0.0144     -    0.0263  0.0235  0.0100  0.0760  
 5   0.0613  0.0219  0.0298  0.0263     -    0.0384  0.0248  0.0754  
 6   0.0607  0.0159  0.0231  0.0235  0.0384     -    0.0191  0.0919  
 7   0.0515  0.0118  0.0090  0.0100  0.0248  0.0191     -    0.0727  
 8   0.0999  0.0784  0.0773  0.0760  0.0754  0.0919  0.0727     -    

Average distances (expected heterozygosity) between individuals in same cluster:
cluster  1  : 0.7911 
cluster  2  : 0.8660 
cluster  3  : 0.8602 
cluster  4  : 0.8706 
cluster  5  : 0.8515 
cluster  6  : 0.8715 
cluster  7  : 0.8798 
cluster  8  : 0.7673 

--------------------------------------------
Estimated Ln Prob of Data   = -391453.4
Mean value of ln likelihood = -386546.8
Variance of ln likelihood   = 9813.1
Mean value of alpha         = 0.0470

Mean value of Fst_1         = 0.1055
Mean value of Fst_2         = 0.0091
Mean value of Fst_3         = 0.0158
Mean value of Fst_4         = 0.0110
Mean value of Fst_5         = 0.0209
Mean value of Fst_6         = 0.0174
Mean value of Fst_7         = 0.0098
Mean value of Fst_8         = 0.1765


Inferred ancestry of individuals:
        Label (%Miss) Pop:  Inferred clusters
  1    BBA_1    (0)    1 :  0.006 0.010 0.011 0.012 0.937 0.013 0.008 0.003 
  2    BBA_2    (0)    1 :  0.004 0.019 0.006 0.011 0.922 0.014 0.020 0.003 
  3    BBA_3    (0)    1 :  0.012 0.012 0.017 0.007 0.932 0.008 0.009 0.005 
  4    BBA_4    (0)    1 :  0.022 0.133 0.024 0.026 0.754 0.018 0.016 0.007 
  5    BBA_5    (0)    1 :  0.006 0.007 0.009 0.006 0.954 0.006 0.009 0.003 
  6    BBA_6    (0)    1 :  0.003 0.045 0.022 0.011 0.886 0.011 0.016 0.006 
  7    BBA_7    (0)    1 :  0.018 0.012 0.009 0.007 0.930 0.007 0.010 0.007 
  8    BBA_8    (0)    1 :  0.007 0.013 0.044 0.016 0.831 0.007 0.026 0.056 
  9    BBA_9    (0)    1 :  0.006 0.006 0.009 0.005 0.959 0.007 0.005 0.003 
 10   BBA_10    (0)    1 :  0.009 0.012 0.076 0.008 0.867 0.014 0.010 0.004 
 11   BBA_11    (0)    1 :  0.007 0.016 0.012 0.028 0.901 0.022 0.010 0.004 
 12   BBA_12    (0)    1 :  0.006 0.013 0.009 0.007 0.948 0.006 0.007 0.004 
 13   BBA_13    (0)    1 :  0.007 0.550 0.060 0.010 0.294 0.017 0.059 0.004 
 14   BBA_14    (0)    1 :  0.023 0.012 0.023 0.019 0.887 0.013 0.014 0.008 
 15   BBA_15    (0)    1 :  0.004 0.096 0.064 0.012 0.722 0.030 0.068 0.004 
 16   BBA_16    (0)    1 :  0.074 0.009 0.014 0.007 0.869 0.016 0.006 0.005 
 17   BBA_17    (0)    1 :  0.119 0.026 0.017 0.011 0.750 0.038 0.009 0.030 
 18   BBA_18    (0)    1 :  0.004 0.008 0.006 0.006 0.958 0.007 0.006 0.005 
 19   BBA_19    (0)    1 :  0.007 0.008 0.011 0.007 0.942 0.006 0.009 0.008 
 20   BBA_20    (0)    1 :  0.004 0.011 0.008 0.006 0.952 0.006 0.009 0.003 
 21   BBA_21    (0)    1 :  0.012 0.022 0.052 0.016 0.827 0.014 0.030 0.028 
 22   BBA_22    (0)    1 :  0.018 0.089 0.026 0.009 0.758 0.036 0.016 0.048 
 23   BBA_23    (0)    1 :  0.007 0.008 0.007 0.007 0.948 0.007 0.010 0.006 
 24   BBA_24    (0)    1 :  0.020 0.010 0.019 0.014 0.878 0.036 0.018 0.005 
 25   BBA_25    (0)    1 :  0.012 0.008 0.005 0.005 0.956 0.005 0.006 0.003 
 26   BBA_26    (0)    1 :  0.029 0.275 0.121 0.083 0.291 0.044 0.145 0.011 
 27   BBA_27    (0)    1 :  0.004 0.012 0.028 0.011 0.916 0.010 0.009 0.009 
 28   BBA_28    (0)    1 :  0.006 0.010 0.008 0.008 0.941 0.008 0.015 0.004 
 29   BBA_29    (0)    1 :  0.069 0.017 0.037 0.014 0.810 0.012 0.028 0.014 
 30   BBA_30    (0)    1 :  0.007 0.011 0.010 0.008 0.926 0.015 0.019 0.005 
 31   BBA_31    (0)    1 :  0.006 0.025 0.023 0.014 0.903 0.013 0.014 0.004 
 32   BBA_32    (0)    1 :  0.010 0.014 0.011 0.023 0.893 0.013 0.029 0.006 
 33   BBA_33    (0)    1 :  0.112 0.044 0.142 0.065 0.560 0.027 0.040 0.010 
 34   BBA_34    (0)    1 :  0.190 0.022 0.064 0.015 0.515 0.094 0.083 0.016 
 35   BBA_35    (0)    1 :  0.019 0.032 0.015 0.016 0.841 0.015 0.056 0.004 
 36   BBA_36    (0)    1 :  0.007 0.008 0.030 0.013 0.913 0.009 0.016 0.005 
 37   BBA_37    (0)    1 :  0.011 0.046 0.122 0.011 0.752 0.034 0.018 0.006 
 38   BBA_38    (0)    1 :  0.139 0.086 0.089 0.070 0.335 0.055 0.221 0.005 
 39   BBA_39    (0)    1 :  0.009 0.033 0.010 0.009 0.908 0.015 0.012 0.004 
 40   BBA_40    (0)    1 :  0.024 0.009 0.014 0.009 0.901 0.013 0.014 0.016 
 41   BBA_41    (0)    1 :  0.006 0.031 0.053 0.012 0.842 0.015 0.026 0.015 
 42   BBA_42    (0)    1 :  0.007 0.033 0.061 0.062 0.705 0.050 0.075 0.006 
 43   BBA_43    (0)    1 :  0.004 0.011 0.008 0.007 0.947 0.010 0.010 0.003 
 44   BBA_44    (0)    1 :  0.008 0.008 0.010 0.007 0.946 0.008 0.009 0.004 
 45   BBA_45    (0)    1 :  0.006 0.006 0.007 0.005 0.959 0.005 0.008 0.004 
 46   BBA_46    (0)    1 :  0.004 0.007 0.006 0.005 0.963 0.005 0.008 0.003 
 47   BBA_47    (0)    1 :  0.010 0.032 0.013 0.010 0.885 0.020 0.009 0.020 
 48   BBA_48    (0)    1 :  0.007 0.019 0.018 0.011 0.857 0.028 0.053 0.008 
 49   BBA_49    (0)    1 :  0.191 0.103 0.153 0.056 0.407 0.019 0.067 0.003 
 50   BBA_50    (0)    1 :  0.019 0.041 0.011 0.009 0.842 0.010 0.056 0.011 
 51   BBA_51    (0)    1 :  0.005 0.046 0.009 0.014 0.869 0.011 0.032 0.013 
 52   BBA_52    (0)    1 :  0.005 0.014 0.035 0.012 0.900 0.012 0.017 0.005 
 53   BBA_53    (0)    1 :  0.005 0.021 0.015 0.017 0.906 0.009 0.015 0.012 
 54   BBA_54    (0)    1 :  0.006 0.027 0.017 0.018 0.863 0.022 0.014 0.034 
 55   BBA_55    (0)    1 :  0.097 0.074 0.092 0.089 0.187 0.128 0.326 0.006 
 56   BBA_56    (0)    1 :  0.004 0.026 0.024 0.010 0.907 0.009 0.013 0.008 
 57   BBA_57    (0)    1 :  0.008 0.009 0.013 0.017 0.927 0.009 0.010 0.007 
 58   BBA_58    (0)    1 :  0.006 0.021 0.016 0.017 0.893 0.022 0.015 0.009 
 59   BBA_59    (0)    1 :  0.004 0.011 0.024 0.013 0.923 0.011 0.010 0.004 
 60   BBA_60    (0)    1 :  0.097 0.024 0.028 0.010 0.778 0.024 0.029 0.010 
 61   BBA_61    (0)    1 :  0.003 0.025 0.008 0.005 0.941 0.007 0.006 0.005 
 62   BBA_62    (0)    1 :  0.016 0.013 0.028 0.008 0.912 0.008 0.011 0.004 
 63   BBA_63    (0)    1 :  0.005 0.014 0.020 0.008 0.912 0.024 0.014 0.002 
 64   BBA_64    (0)    1 :  0.008 0.007 0.007 0.008 0.945 0.007 0.012 0.006 
 65   BBA_65    (0)    1 :  0.024 0.020 0.041 0.030 0.807 0.039 0.027 0.010 
 66   BBA_66    (0)    1 :  0.012 0.065 0.013 0.076 0.312 0.378 0.138 0.005 
 67   BBA_67    (0)    1 :  0.009 0.014 0.010 0.013 0.915 0.020 0.013 0.005 
 68   BBA_68    (0)    1 :  0.040 0.091 0.010 0.022 0.780 0.029 0.021 0.007 
 69    BDN_1    (0)    2 :  0.030 0.031 0.142 0.697 0.007 0.034 0.055 0.004 
 70    BDN_2    (0)    2 :  0.007 0.214 0.192 0.326 0.030 0.018 0.192 0.020 
 71    BDN_3    (0)    2 :  0.114 0.189 0.122 0.065 0.059 0.122 0.104 0.224 
 72    BDN_4   (13)    2 :  0.008 0.114 0.156 0.124 0.021 0.536 0.028 0.014 
 73    BDN_5   (13)    2 :  0.028 0.150 0.442 0.179 0.034 0.108 0.036 0.023 
 74    BDN_6    (6)    2 :  0.008 0.357 0.031 0.054 0.012 0.038 0.404 0.095 
 75    BDN_7    (0)    2 :  0.023 0.343 0.050 0.069 0.010 0.016 0.474 0.015 
 76    BDN_8    (6)    2 :  0.012 0.018 0.220 0.198 0.009 0.031 0.498 0.014 
 77    BDN_9    (0)    2 :  0.008 0.078 0.074 0.269 0.466 0.070 0.027 0.006 
 78   BDN_10    (0)    2 :  0.005 0.277 0.041 0.275 0.321 0.044 0.030 0.007 
 79   BDN_11    (0)    2 :  0.017 0.488 0.279 0.025 0.006 0.071 0.100 0.014 
 80   BDN_12    (0)    2 :  0.005 0.458 0.106 0.338 0.009 0.015 0.064 0.005 
 81   BDN_13   (13)    2 :  0.019 0.065 0.035 0.763 0.014 0.078 0.012 0.013 
 82   BDN_14    (0)    2 :  0.014 0.100 0.089 0.403 0.046 0.177 0.167 0.003 
 83   BDN_15    (6)    2 :  0.023 0.210 0.499 0.129 0.017 0.012 0.076 0.034 
 84   BDN_16    (6)    2 :  0.018 0.471 0.072 0.028 0.112 0.143 0.150 0.005 
 85   BDN_17   (13)    2 :  0.142 0.363 0.066 0.100 0.061 0.037 0.015 0.215 
 86   BDN_18    (0)    2 :  0.004 0.090 0.215 0.536 0.024 0.074 0.054 0.004 
 87   BDN_19    (0)    2 :  0.289 0.283 0.222 0.103 0.057 0.021 0.020 0.004 
 88   BDN_20   (13)    2 :  0.077 0.304 0.281 0.061 0.050 0.105 0.070 0.052 
 89   BDN_21   (13)    2 :  0.243 0.614 0.033 0.026 0.027 0.024 0.026 0.007 
 90   BDN_22    (6)    2 :  0.021 0.064 0.064 0.035 0.728 0.008 0.057 0.023 
 91   BDN_23    (0)    2 :  0.009 0.069 0.673 0.037 0.083 0.071 0.048 0.010 
 92   BDN_24    (0)    2 :  0.018 0.039 0.239 0.621 0.019 0.010 0.045 0.009 
 93   BDN_25   (13)    2 :  0.019 0.057 0.686 0.095 0.024 0.014 0.096 0.009 
 94   BDN_26    (0)    2 :  0.009 0.036 0.519 0.033 0.024 0.008 0.017 0.354 
 95   BDN_27    (0)    2 :  0.009 0.051 0.293 0.585 0.015 0.022 0.021 0.004 
 96   BDN_28   (13)    2 :  0.011 0.436 0.044 0.128 0.015 0.121 0.241 0.005 
 97   BDN_29    (0)    2 :  0.008 0.066 0.758 0.018 0.026 0.017 0.039 0.068 
 98   BDN_30    (0)    2 :  0.108 0.692 0.019 0.114 0.025 0.016 0.017 0.010 
 99   BDN_31    (0)    2 :  0.009 0.551 0.168 0.050 0.092 0.086 0.040 0.004 
100   BDN_32    (0)    2 :  0.008 0.082 0.040 0.077 0.100 0.016 0.667 0.009 
101   BDN_33    (0)    2 :  0.012 0.798 0.044 0.090 0.008 0.006 0.030 0.011 
102   BDN_34    (0)    2 :  0.004 0.212 0.039 0.059 0.009 0.645 0.027 0.005 
103   BDN_35    (0)    2 :  0.014 0.020 0.049 0.864 0.024 0.011 0.014 0.004 
104   BDN_36    (0)    2 :  0.016 0.287 0.421 0.102 0.025 0.016 0.107 0.026 
105   BDN_37    (0)    2 :  0.011 0.578 0.083 0.192 0.033 0.038 0.051 0.014 
106   BDN_38    (0)    2 :  0.007 0.064 0.046 0.308 0.021 0.031 0.078 0.443 
107   BDN_39    (0)    2 :  0.004 0.081 0.055 0.336 0.419 0.034 0.067 0.004 
108   BDN_40    (0)    2 :  0.010 0.034 0.379 0.313 0.042 0.016 0.182 0.024 
109   BDN_41    (0)    2 :  0.006 0.282 0.115 0.336 0.017 0.152 0.044 0.050 
110   BDN_42   (13)    2 :  0.004 0.385 0.370 0.058 0.017 0.126 0.030 0.011 
111   BDN_43    (6)    2 :  0.012 0.042 0.139 0.095 0.015 0.557 0.136 0.005 
112   BDN_44    (0)    2 :  0.016 0.090 0.285 0.205 0.070 0.021 0.308 0.005 
113   BDN_45    (0)    2 :  0.018 0.031 0.658 0.155 0.013 0.028 0.088 0.008 
114   BDN_46   (13)    2 :  0.011 0.143 0.011 0.553 0.064 0.076 0.130 0.011 
115   BDN_47    (0)    2 :  0.042 0.119 0.332 0.069 0.046 0.263 0.118 0.011 
116   BDN_48    (0)    2 :  0.007 0.164 0.154 0.045 0.029 0.182 0.415 0.004 
117   BDN_49    (0)    2 :  0.009 0.019 0.762 0.074 0.017 0.056 0.059 0.003 
118   BDN_50    (0)    2 :  0.005 0.035 0.683 0.199 0.019 0.035 0.020 0.005 
119   BDN_51    (0)    2 :  0.006 0.100 0.285 0.282 0.029 0.028 0.249 0.021 
120   BDN_52    (0)    2 :  0.009 0.292 0.177 0.445 0.011 0.029 0.026 0.011 
121   BDN_53    (0)    2 :  0.012 0.293 0.268 0.035 0.051 0.155 0.182 0.004 
122   BDN_54   (13)    2 :  0.009 0.097 0.024 0.017 0.799 0.017 0.013 0.023 
123   BDN_55    (6)    2 :  0.004 0.705 0.035 0.036 0.085 0.009 0.120 0.007 
124   BDN_56   (13)    2 :  0.005 0.031 0.642 0.194 0.012 0.057 0.056 0.003 
125   BDN_57    (6)    2 :  0.046 0.117 0.302 0.227 0.037 0.032 0.227 0.012 
126   BDN_58    (6)    2 :  0.017 0.368 0.076 0.101 0.036 0.015 0.351 0.035 
127   BDN_59    (6)    2 :  0.071 0.019 0.825 0.009 0.021 0.012 0.024 0.019 
128   BDN_60    (6)    2 :  0.052 0.577 0.190 0.081 0.013 0.050 0.017 0.020 
129   BDN_61    (0)    2 :  0.012 0.065 0.288 0.195 0.019 0.289 0.110 0.023 
130   BDN_62    (0)    2 :  0.006 0.044 0.720 0.031 0.024 0.054 0.118 0.004 
131   BDN_63    (6)    2 :  0.016 0.066 0.056 0.457 0.054 0.049 0.130 0.172 
132   BDN_64    (0)    2 :  0.009 0.387 0.190 0.083 0.096 0.202 0.025 0.008 
133   BDN_65    (0)    2 :  0.028 0.193 0.118 0.233 0.214 0.030 0.151 0.033 
134   BDN_66   (13)    2 :  0.011 0.136 0.162 0.433 0.046 0.155 0.051 0.007 
135   BDN_67    (0)    2 :  0.010 0.151 0.013 0.121 0.270 0.047 0.383 0.006 
136   BDN_68    (6)    2 :  0.044 0.075 0.028 0.070 0.014 0.024 0.719 0.025 
137   BDN_69    (0)    2 :  0.008 0.214 0.363 0.112 0.012 0.035 0.247 0.009 
138   BDN_70    (6)    2 :  0.048 0.700 0.035 0.057 0.023 0.025 0.105 0.006 
139   BDN_71    (6)    2 :  0.030 0.048 0.566 0.236 0.049 0.033 0.029 0.008 
140   BDN_72    (0)    2 :  0.006 0.060 0.048 0.017 0.075 0.071 0.718 0.005 
141   BDN_73    (0)    2 :  0.012 0.046 0.047 0.050 0.022 0.346 0.471 0.005 
142   BDN_74    (0)    2 :  0.013 0.270 0.310 0.059 0.020 0.011 0.307 0.010 
143   BDN_75    (0)    2 :  0.018 0.039 0.058 0.800 0.013 0.030 0.015 0.027 
144   BDN_76    (0)    2 :  0.024 0.350 0.017 0.307 0.147 0.110 0.040 0.005 
145   BDNB_1    (0)    3 :  0.006 0.058 0.067 0.753 0.009 0.029 0.024 0.055 
146   BDNB_2    (0)    3 :  0.012 0.132 0.031 0.434 0.030 0.042 0.311 0.007 
147   BDNB_3    (0)    3 :  0.014 0.036 0.060 0.094 0.042 0.012 0.721 0.021 
148   BDNB_4    (0)    3 :  0.008 0.053 0.039 0.832 0.008 0.022 0.027 0.011 
149   BDNB_5    (0)    3 :  0.004 0.759 0.031 0.018 0.042 0.111 0.016 0.018 
150   BDNB_6    (0)    3 :  0.016 0.328 0.255 0.174 0.130 0.017 0.035 0.045 
151   BDNB_7    (0)    3 :  0.355 0.070 0.039 0.341 0.023 0.119 0.050 0.003 
152   BDNB_8    (0)    3 :  0.019 0.290 0.469 0.107 0.024 0.012 0.057 0.021 
153   BDNB_9    (0)    3 :  0.013 0.918 0.015 0.009 0.014 0.008 0.014 0.010 
154  BDNB_10    (0)    3 :  0.005 0.730 0.066 0.025 0.075 0.022 0.057 0.020 
155  BDNB_11    (0)    3 :  0.012 0.461 0.025 0.281 0.022 0.106 0.088 0.006 
156  BDNB_12    (0)    3 :  0.008 0.332 0.065 0.351 0.012 0.090 0.138 0.004 
157  BDNB_13    (0)    3 :  0.011 0.462 0.138 0.170 0.042 0.150 0.022 0.005 
158  BDNB_14    (0)    3 :  0.024 0.073 0.269 0.050 0.483 0.009 0.087 0.005 
159  BDNB_15    (0)    3 :  0.007 0.018 0.073 0.013 0.009 0.024 0.852 0.005 
160  BDNB_16    (0)    3 :  0.018 0.306 0.047 0.039 0.444 0.030 0.110 0.006 
161  BDNB_17    (6)    3 :  0.107 0.208 0.065 0.351 0.039 0.046 0.179 0.005 
162  BDNB_18    (0)    3 :  0.020 0.210 0.046 0.544 0.049 0.085 0.028 0.018 
163  BDNB_19    (0)    3 :  0.018 0.211 0.032 0.484 0.036 0.188 0.025 0.006 
164  BDNB_20    (0)    3 :  0.030 0.732 0.042 0.014 0.075 0.067 0.025 0.014 
165  BDNB_21    (0)    3 :  0.008 0.014 0.913 0.017 0.006 0.012 0.025 0.005 
166  BDNB_22    (0)    3 :  0.008 0.411 0.034 0.069 0.028 0.416 0.030 0.005 
167  BDNB_23    (0)    3 :  0.006 0.012 0.898 0.019 0.008 0.013 0.040 0.004 
168  BDNB_24    (0)    3 :  0.006 0.056 0.212 0.079 0.100 0.520 0.019 0.006 
169  BDNB_25    (0)    3 :  0.012 0.078 0.517 0.280 0.023 0.017 0.062 0.012 
170  BDNB_26    (0)    3 :  0.006 0.608 0.109 0.095 0.015 0.045 0.114 0.009 
171  BDNB_27    (0)    3 :  0.004 0.538 0.241 0.076 0.085 0.015 0.034 0.008 
172  BDNB_28    (0)    3 :  0.044 0.297 0.063 0.145 0.105 0.280 0.059 0.007 
173  BDNB_29    (0)    3 :  0.012 0.210 0.154 0.088 0.037 0.020 0.258 0.221 
174  BDNB_30    (0)    3 :  0.075 0.189 0.049 0.016 0.447 0.146 0.029 0.049 
175  BDNB_31    (0)    3 :  0.024 0.312 0.105 0.109 0.179 0.124 0.144 0.003 
176  BDNB_32    (0)    3 :  0.039 0.356 0.462 0.065 0.017 0.042 0.016 0.004 
177  BDNB_33    (0)    3 :  0.032 0.534 0.062 0.047 0.245 0.015 0.059 0.005 
178  BDNB_34    (0)    3 :  0.004 0.362 0.330 0.141 0.076 0.040 0.039 0.008 
179  BDNB_35    (0)    3 :  0.003 0.846 0.079 0.010 0.014 0.024 0.018 0.007 
180  BDNB_36    (0)    3 :  0.007 0.065 0.250 0.016 0.352 0.164 0.083 0.064 
181  BDNB_37    (0)    3 :  0.008 0.455 0.082 0.132 0.005 0.011 0.080 0.228 
182  BDNB_38    (0)    3 :  0.109 0.292 0.455 0.031 0.039 0.045 0.020 0.009 
183  BDNB_39    (0)    3 :  0.031 0.033 0.816 0.026 0.013 0.017 0.040 0.024 
184  BDNB_40    (0)    3 :  0.029 0.781 0.082 0.048 0.014 0.013 0.018 0.016 
185  BDNB_41    (0)    3 :  0.015 0.447 0.016 0.437 0.016 0.029 0.012 0.029 
186  BDNB_42    (0)    3 :  0.008 0.111 0.365 0.030 0.040 0.399 0.043 0.005 
187  BDNB_43    (0)    3 :  0.022 0.104 0.337 0.289 0.031 0.179 0.025 0.013 
188  BDNB_44    (0)    3 :  0.016 0.693 0.044 0.063 0.032 0.085 0.061 0.007 
189  BDNB_45    (0)    3 :  0.035 0.646 0.055 0.022 0.054 0.081 0.034 0.073 
190  BDNB_46    (0)    3 :  0.004 0.768 0.025 0.015 0.067 0.074 0.023 0.025 
191  BDNB_47    (0)    3 :  0.005 0.931 0.009 0.009 0.013 0.011 0.015 0.007 
192  BDNB_48    (0)    3 :  0.005 0.147 0.542 0.175 0.026 0.034 0.014 0.057 
193  BDNB_49    (0)    3 :  0.030 0.226 0.115 0.414 0.037 0.063 0.092 0.024 
194  BDNB_50    (0)    3 :  0.010 0.140 0.582 0.172 0.023 0.031 0.030 0.012 
195  BDNB_51    (0)    3 :  0.030 0.477 0.033 0.197 0.015 0.021 0.219 0.008 
196  BDNB_52    (0)    3 :  0.014 0.361 0.445 0.025 0.011 0.015 0.124 0.004 
197  BDNB_53    (0)    3 :  0.053 0.192 0.109 0.427 0.076 0.089 0.049 0.006 
198  BDNB_54    (0)    3 :  0.069 0.242 0.513 0.109 0.011 0.037 0.014 0.004 
199  BDNB_55    (0)    3 :  0.007 0.116 0.630 0.066 0.123 0.017 0.031 0.011 
200  BDNB_56    (6)    3 :  0.052 0.416 0.014 0.202 0.022 0.016 0.271 0.008 
201  BDNB_57    (0)    3 :  0.006 0.321 0.102 0.013 0.505 0.013 0.014 0.027 
202  BDNB_58    (0)    3 :  0.004 0.768 0.149 0.028 0.011 0.017 0.018 0.005 
203  BDNB_59    (0)    3 :  0.006 0.538 0.153 0.093 0.036 0.088 0.023 0.062 
204  BDNB_60    (0)    3 :  0.011 0.156 0.093 0.182 0.064 0.458 0.029 0.008 
205  BDNB_61    (0)    3 :  0.009 0.638 0.152 0.052 0.029 0.107 0.008 0.004 
206  BDNB_62    (0)    3 :  0.005 0.419 0.192 0.050 0.012 0.015 0.275 0.033 
207  BDNB_63    (0)    3 :  0.006 0.900 0.010 0.040 0.019 0.013 0.007 0.005 
208  BDNB_64    (6)    3 :  0.006 0.592 0.021 0.231 0.021 0.102 0.015 0.010 
209  BDNB_65    (0)    3 :  0.006 0.669 0.077 0.043 0.019 0.166 0.013 0.006 
210  BDNB_66    (0)    3 :  0.025 0.250 0.022 0.514 0.035 0.115 0.032 0.007 
211  BDNB_67    (0)    3 :  0.041 0.187 0.013 0.473 0.027 0.159 0.078 0.023 
212  BDNB_68    (0)    3 :  0.009 0.286 0.183 0.189 0.054 0.235 0.030 0.013 
213  BDNB_69    (0)    3 :  0.024 0.419 0.219 0.080 0.020 0.165 0.069 0.005 
214  BDNB_70    (0)    3 :  0.006 0.060 0.018 0.604 0.021 0.257 0.009 0.024 
215  BDNB_71    (0)    3 :  0.007 0.233 0.182 0.281 0.129 0.137 0.022 0.009 
216  BDNB_72    (0)    3 :  0.009 0.597 0.040 0.130 0.015 0.168 0.038 0.003 
217  BDNB_73    (0)    3 :  0.005 0.045 0.051 0.822 0.018 0.027 0.028 0.003 
218  BDNB_74    (0)    3 :  0.057 0.256 0.040 0.410 0.046 0.159 0.027 0.004 
219  BDNB_75    (0)    3 :  0.021 0.015 0.844 0.052 0.010 0.028 0.024 0.006 
220    BSB_1    (0)    4 :  0.012 0.036 0.093 0.045 0.154 0.021 0.627 0.012 
221    BSB_2    (0)    4 :  0.008 0.382 0.011 0.041 0.461 0.062 0.026 0.010 
222    BSB_3    (0)    4 :  0.023 0.078 0.023 0.015 0.012 0.828 0.016 0.004 
223    BSB_4    (0)    4 :  0.008 0.117 0.075 0.028 0.745 0.011 0.010 0.006 
224    BSB_5    (0)    4 :  0.007 0.038 0.024 0.015 0.838 0.048 0.016 0.014 
225    BSB_6    (0)    4 :  0.012 0.010 0.011 0.025 0.912 0.012 0.011 0.006 
226    BSB_7   (33)    4 :  0.022 0.212 0.066 0.058 0.184 0.026 0.065 0.367 
227    BSB_8    (0)    4 :  0.180 0.092 0.109 0.016 0.060 0.038 0.498 0.007 
228    BSB_9    (0)    4 :  0.012 0.102 0.028 0.022 0.059 0.750 0.022 0.005 
229   BSB_10    (0)    4 :  0.014 0.530 0.092 0.050 0.071 0.170 0.033 0.040 
230   BSB_11    (0)    4 :  0.391 0.049 0.069 0.018 0.363 0.064 0.042 0.004 
231   BSB_12    (0)    4 :  0.127 0.184 0.358 0.019 0.102 0.098 0.090 0.023 
232   BSB_13    (0)    4 :  0.046 0.656 0.023 0.094 0.059 0.021 0.051 0.050 
233   BSB_14    (0)    4 :  0.006 0.654 0.013 0.046 0.183 0.052 0.031 0.015 
234   BSB_15    (0)    4 :  0.026 0.079 0.410 0.030 0.233 0.006 0.137 0.077 
235   BSB_16    (6)    4 :  0.006 0.175 0.089 0.041 0.591 0.065 0.026 0.007 
236   BSB_17    (0)    4 :  0.017 0.297 0.018 0.097 0.531 0.017 0.019 0.005 
237   BSB_18    (0)    4 :  0.300 0.132 0.039 0.040 0.289 0.084 0.110 0.005 
238   BSB_19    (0)    4 :  0.011 0.027 0.304 0.019 0.586 0.010 0.011 0.032 
239   BSB_20    (0)    4 :  0.043 0.114 0.030 0.294 0.469 0.008 0.036 0.006 
240   BSB_21    (0)    4 :  0.117 0.590 0.011 0.041 0.177 0.020 0.040 0.004 
241   BSB_22    (0)    4 :  0.014 0.075 0.010 0.016 0.049 0.805 0.027 0.004 
242   BSB_23    (0)    4 :  0.045 0.056 0.037 0.035 0.715 0.093 0.009 0.009 
243   BSB_24    (0)    4 :  0.055 0.031 0.010 0.007 0.871 0.011 0.011 0.004 
244   BSB_25    (0)    4 :  0.025 0.026 0.019 0.014 0.856 0.045 0.009 0.006 
245   BSB_26    (0)    4 :  0.012 0.046 0.015 0.023 0.857 0.026 0.015 0.005 
246   BSB_27    (0)    4 :  0.031 0.083 0.191 0.149 0.500 0.015 0.027 0.003 
247   BSB_28    (0)    4 :  0.014 0.280 0.011 0.024 0.028 0.592 0.013 0.038 
248   BSB_29    (0)    4 :  0.016 0.031 0.007 0.012 0.840 0.014 0.011 0.069 
249   BSB_30    (0)    4 :  0.021 0.307 0.018 0.073 0.323 0.221 0.030 0.005 
250   BSB_31    (0)    4 :  0.010 0.029 0.230 0.565 0.018 0.055 0.067 0.025 
251   BSB_32    (0)    4 :  0.004 0.018 0.008 0.011 0.932 0.010 0.012 0.005 
252   BSB_33    (0)    4 :  0.030 0.578 0.054 0.021 0.131 0.041 0.136 0.010 
253   BSB_34    (0)    4 :  0.016 0.075 0.029 0.037 0.778 0.018 0.033 0.013 
254   BSB_35    (0)    4 :  0.004 0.015 0.014 0.008 0.935 0.011 0.007 0.006 
255   BSB_36    (0)    4 :  0.015 0.050 0.149 0.059 0.644 0.010 0.049 0.024 
256   BSB_37    (0)    4 :  0.015 0.034 0.008 0.056 0.845 0.015 0.022 0.004 
257   BSB_38   (60)    4 :  0.011 0.007 0.122 0.011 0.775 0.013 0.055 0.004 
258   BSB_39    (0)    4 :  0.061 0.245 0.444 0.067 0.026 0.028 0.087 0.041 
259   BSB_40    (0)    4 :  0.006 0.034 0.136 0.032 0.580 0.020 0.184 0.008 
260   BSB_41    (0)    4 :  0.016 0.294 0.075 0.067 0.116 0.194 0.031 0.205 
261   BSB_42    (0)    4 :  0.155 0.060 0.059 0.053 0.385 0.027 0.231 0.031 
262   BSB_43    (0)    4 :  0.018 0.081 0.073 0.130 0.564 0.035 0.088 0.011 
263   BSB_44    (0)    4 :  0.106 0.022 0.020 0.080 0.312 0.343 0.024 0.094 
264   BSB_45    (0)    4 :  0.015 0.607 0.135 0.037 0.101 0.024 0.077 0.003 
265   BSB_46    (0)    4 :  0.044 0.685 0.023 0.027 0.145 0.028 0.038 0.010 
266   BSB_47    (0)    4 :  0.069 0.094 0.036 0.092 0.658 0.011 0.026 0.013 
267   BSB_48    (0)    4 :  0.008 0.088 0.372 0.045 0.113 0.015 0.342 0.016 
268   BSB_49    (0)    4 :  0.039 0.067 0.120 0.040 0.224 0.018 0.469 0.023 
269   BSB_50   (60)    4 :  0.004 0.006 0.008 0.016 0.890 0.006 0.065 0.004 
270   BSB_51    (0)    4 :  0.013 0.119 0.172 0.028 0.057 0.027 0.574 0.009 
271   BSB_52    (0)    4 :  0.021 0.633 0.015 0.017 0.213 0.074 0.022 0.005 
272   BSB_53    (0)    4 :  0.005 0.310 0.019 0.040 0.581 0.018 0.012 0.015 
273   BSB_54    (0)    4 :  0.006 0.810 0.019 0.014 0.028 0.011 0.097 0.015 
274   BSB_55    (0)    4 :  0.012 0.101 0.042 0.055 0.153 0.479 0.148 0.010 
275   BSB_56    (0)    4 :  0.005 0.403 0.040 0.154 0.097 0.198 0.023 0.082 
276   BSB_57    (0)    4 :  0.534 0.070 0.011 0.037 0.086 0.192 0.062 0.008 
277   BSB_58    (0)    4 :  0.010 0.343 0.339 0.126 0.034 0.090 0.053 0.005 
278   BSB_59    (0)    4 :  0.038 0.038 0.023 0.028 0.770 0.018 0.019 0.067 
279   BSB_60   (60)    4 :  0.004 0.005 0.005 0.007 0.963 0.004 0.005 0.007 
280   BSB_61    (0)    4 :  0.017 0.051 0.023 0.031 0.709 0.013 0.042 0.114 
281   BSB_62    (0)    4 :  0.090 0.036 0.011 0.077 0.677 0.053 0.052 0.003 
282   BSB_63    (0)    4 :  0.130 0.209 0.011 0.015 0.340 0.278 0.012 0.005 
283   BSB_64    (0)    4 :  0.035 0.062 0.035 0.055 0.625 0.063 0.017 0.107 
284   BSB_65    (0)    4 :  0.137 0.381 0.044 0.016 0.256 0.087 0.052 0.027 
285   BSB_66    (0)    4 :  0.093 0.063 0.184 0.102 0.447 0.006 0.086 0.019 
286   BSB_67    (0)    4 :  0.033 0.543 0.061 0.039 0.249 0.025 0.021 0.030 
287   BSB_68    (0)    4 :  0.004 0.045 0.780 0.009 0.015 0.074 0.012 0.060 
288   BSB_69    (0)    4 :  0.021 0.104 0.075 0.502 0.011 0.213 0.070 0.003 
289   BSB_70    (0)    4 :  0.008 0.398 0.019 0.066 0.017 0.456 0.021 0.015 
290   BSB_71    (0)    4 :  0.004 0.054 0.009 0.031 0.867 0.018 0.010 0.007 
291   BSB_72    (0)    4 :  0.024 0.062 0.027 0.731 0.033 0.018 0.059 0.046 
292   BSB_73    (0)    4 :  0.006 0.614 0.017 0.021 0.086 0.033 0.217 0.006 
293   BSB_74    (0)    4 :  0.026 0.569 0.013 0.019 0.190 0.044 0.127 0.013 
294   BSB_75    (0)    4 :  0.006 0.286 0.140 0.097 0.389 0.024 0.035 0.023 
295   BSB_76    (0)    4 :  0.020 0.358 0.018 0.032 0.503 0.038 0.013 0.018 
296   BSB_77   (53)    4 :  0.004 0.005 0.004 0.005 0.970 0.004 0.005 0.003 
297   BSB_78    (0)    4 :  0.005 0.572 0.011 0.091 0.132 0.042 0.052 0.095 
298    CCR_1    (0)    5 :  0.006 0.028 0.059 0.046 0.017 0.009 0.780 0.055 
299    CCR_2    (0)    5 :  0.004 0.007 0.007 0.011 0.008 0.018 0.937 0.009 
300    CCR_3    (0)    5 :  0.010 0.035 0.041 0.418 0.023 0.066 0.395 0.012 
301    CCR_4    (0)    5 :  0.010 0.028 0.195 0.122 0.012 0.075 0.425 0.133 
302    CCR_5    (0)    5 :  0.015 0.008 0.012 0.013 0.009 0.019 0.917 0.006 
303    CCR_6    (0)    5 :  0.004 0.012 0.028 0.019 0.014 0.007 0.911 0.004 
304    CCR_7    (0)    5 :  0.005 0.011 0.019 0.024 0.016 0.032 0.889 0.003 
305    CCR_8    (0)    5 :  0.024 0.255 0.093 0.355 0.068 0.141 0.055 0.009 
306    CCR_9    (0)    5 :  0.005 0.014 0.017 0.015 0.012 0.009 0.926 0.004 
307   CCR_10    (0)    5 :  0.005 0.223 0.087 0.575 0.034 0.019 0.048 0.009 
308   CCR_11    (0)    5 :  0.007 0.025 0.188 0.070 0.015 0.017 0.627 0.050 
309   CCR_12    (0)    5 :  0.010 0.007 0.007 0.011 0.008 0.009 0.943 0.005 
310   CCR_13    (0)    5 :  0.005 0.031 0.017 0.065 0.008 0.016 0.854 0.005 
311   CCR_14    (0)    5 :  0.066 0.015 0.027 0.457 0.016 0.039 0.373 0.007 
312   CCR_15    (0)    5 :  0.004 0.056 0.427 0.153 0.009 0.021 0.321 0.008 
313   CCR_16    (0)    5 :  0.131 0.202 0.021 0.019 0.055 0.150 0.417 0.007 
314   CCR_17    (0)    5 :  0.004 0.026 0.014 0.702 0.007 0.016 0.218 0.013 
315   CCR_18    (0)    5 :  0.004 0.082 0.019 0.380 0.008 0.243 0.261 0.003 
316   CCR_19    (0)    5 :  0.005 0.014 0.060 0.076 0.026 0.014 0.798 0.005 
317   CCR_20    (0)    5 :  0.020 0.036 0.020 0.048 0.090 0.011 0.761 0.013 
318   CCR_21    (0)    5 :  0.008 0.069 0.024 0.009 0.025 0.013 0.808 0.045 
319   CCR_22    (0)    5 :  0.005 0.063 0.123 0.029 0.038 0.036 0.701 0.006 
320   CCR_23    (0)    5 :  0.039 0.014 0.014 0.014 0.007 0.026 0.855 0.031 
321   CCR_24    (0)    5 :  0.005 0.016 0.013 0.011 0.008 0.007 0.936 0.003 
322   CCR_25    (0)    5 :  0.009 0.089 0.053 0.309 0.413 0.021 0.103 0.004 
323   CCR_26    (0)    5 :  0.005 0.388 0.041 0.039 0.153 0.011 0.348 0.015 
324   CCR_27    (0)    5 :  0.005 0.010 0.018 0.081 0.011 0.017 0.854 0.004 
325   CCR_28    (0)    5 :  0.025 0.029 0.014 0.009 0.034 0.016 0.812 0.061 
326   CCR_29    (0)    5 :  0.008 0.014 0.038 0.022 0.013 0.006 0.892 0.007 
327   CCR_30    (0)    5 :  0.030 0.042 0.538 0.118 0.008 0.020 0.232 0.011 
328   CCR_31    (0)    5 :  0.005 0.631 0.029 0.050 0.122 0.029 0.127 0.007 
329   CCR_32    (0)    5 :  0.113 0.044 0.022 0.029 0.109 0.009 0.624 0.051 
330   CCR_33    (0)    5 :  0.025 0.057 0.041 0.102 0.011 0.026 0.733 0.004 
331   CCR_34    (0)    5 :  0.060 0.012 0.009 0.014 0.010 0.012 0.879 0.004 
332   CCR_35    (0)    5 :  0.016 0.110 0.128 0.048 0.051 0.053 0.578 0.015 
333   CCR_36    (0)    5 :  0.009 0.378 0.036 0.128 0.012 0.089 0.328 0.020 
334   CCR_37    (0)    5 :  0.012 0.018 0.043 0.016 0.544 0.013 0.348 0.005 
335   CCR_38    (0)    5 :  0.006 0.011 0.016 0.012 0.014 0.016 0.916 0.010 
336   CCR_39    (0)    5 :  0.009 0.009 0.048 0.018 0.008 0.016 0.887 0.006 
337   CCR_40    (0)    5 :  0.007 0.096 0.020 0.045 0.339 0.075 0.413 0.005 
338   CCR_41    (0)    5 :  0.015 0.039 0.072 0.039 0.015 0.022 0.789 0.008 
339   CCR_42    (0)    5 :  0.004 0.015 0.013 0.014 0.021 0.013 0.896 0.024 
340   CCR_43    (0)    5 :  0.019 0.214 0.048 0.023 0.008 0.020 0.630 0.039 
341   CCR_44    (0)    5 :  0.115 0.073 0.114 0.040 0.139 0.092 0.379 0.048 
342   CCR_45    (0)    5 :  0.012 0.033 0.108 0.116 0.018 0.012 0.586 0.115 
343   CCR_46    (0)    5 :  0.009 0.077 0.017 0.017 0.023 0.007 0.828 0.024 
344   CCR_47    (0)    5 :  0.009 0.021 0.019 0.021 0.016 0.009 0.899 0.006 
345   CCR_48    (0)    5 :  0.051 0.031 0.083 0.513 0.008 0.028 0.277 0.009 
346   CCR_49    (0)    5 :  0.129 0.028 0.048 0.072 0.044 0.055 0.608 0.016 
347   CCR_50    (0)    5 :  0.017 0.011 0.008 0.014 0.014 0.045 0.882 0.010 
348   CCR_51    (0)    5 :  0.008 0.011 0.013 0.009 0.021 0.004 0.928 0.006 
349   CCR_52    (0)    5 :  0.009 0.036 0.022 0.160 0.024 0.012 0.732 0.006 
350   CCR_53    (0)    5 :  0.021 0.125 0.066 0.092 0.015 0.041 0.631 0.009 
351   CCR_54    (0)    5 :  0.014 0.047 0.085 0.200 0.054 0.139 0.453 0.006 
352   CCR_55    (0)    5 :  0.005 0.014 0.031 0.026 0.120 0.015 0.766 0.022 
353   CCR_56    (0)    5 :  0.009 0.021 0.015 0.029 0.017 0.024 0.872 0.013 
354   CCR_57    (0)    5 :  0.010 0.029 0.042 0.240 0.029 0.017 0.625 0.009 
355   CCR_58    (0)    5 :  0.009 0.142 0.291 0.156 0.021 0.034 0.340 0.005 
356   CCR_59    (0)    5 :  0.006 0.142 0.100 0.048 0.079 0.019 0.569 0.037 
357   CCR_60    (0)    5 :  0.065 0.038 0.025 0.048 0.028 0.452 0.290 0.055 
358   CCR_61    (0)    5 :  0.005 0.010 0.299 0.055 0.011 0.016 0.596 0.008 
359   CCR_62    (0)    5 :  0.010 0.645 0.085 0.031 0.016 0.013 0.191 0.009 
360   CCR_63    (0)    5 :  0.009 0.018 0.027 0.012 0.019 0.014 0.893 0.009 
361   CCR_64    (0)    5 :  0.008 0.024 0.076 0.061 0.051 0.020 0.741 0.018 
362   CCR_65    (0)    5 :  0.005 0.078 0.079 0.037 0.012 0.011 0.761 0.017 
363   CCR_66    (0)    5 :  0.004 0.011 0.021 0.012 0.023 0.006 0.919 0.003 
364   CCR_67    (0)    5 :  0.009 0.011 0.010 0.016 0.006 0.011 0.932 0.004 
365   CCR_68    (0)    5 :  0.004 0.015 0.427 0.079 0.021 0.011 0.435 0.008 
366   CCR_69    (0)    5 :  0.008 0.013 0.018 0.010 0.010 0.008 0.928 0.005 
367   CCR_70    (0)    5 :  0.007 0.015 0.061 0.013 0.005 0.011 0.877 0.012 
368   CCR_71    (0)    5 :  0.035 0.013 0.015 0.015 0.008 0.010 0.895 0.008 
369   CCR_72    (0)    5 :  0.006 0.026 0.017 0.061 0.009 0.011 0.845 0.024 
370   CCR_73    (0)    5 :  0.009 0.009 0.017 0.028 0.021 0.009 0.901 0.006 
371   CCR_74    (0)    5 :  0.005 0.052 0.221 0.151 0.275 0.052 0.235 0.008 
372   CCR_75    (0)    5 :  0.018 0.010 0.031 0.014 0.015 0.058 0.848 0.006 
373   CCR_76    (0)    5 :  0.006 0.023 0.029 0.067 0.011 0.665 0.195 0.004 
374   CCR_77    (0)    5 :  0.009 0.072 0.127 0.045 0.012 0.019 0.635 0.081 
375   CCR_78    (0)    5 :  0.004 0.080 0.022 0.014 0.103 0.049 0.685 0.042 
376   CCR_79    (0)    5 :  0.014 0.023 0.022 0.023 0.016 0.025 0.781 0.096 
377   CCR_80    (0)    5 :  0.013 0.008 0.293 0.139 0.012 0.019 0.511 0.005 
378    CMB_1    (0)    6 :  0.026 0.016 0.912 0.011 0.011 0.009 0.012 0.003 
379    CMB_2    (0)    6 :  0.004 0.009 0.950 0.010 0.007 0.004 0.012 0.005 
380    CMB_3    (0)    6 :  0.009 0.009 0.924 0.016 0.011 0.014 0.010 0.006 
381    CMB_4    (0)    6 :  0.005 0.009 0.909 0.013 0.006 0.037 0.014 0.007 
382    CMB_5    (0)    6 :  0.004 0.044 0.830 0.029 0.010 0.050 0.032 0.002 
383    CMB_6    (0)    6 :  0.009 0.022 0.912 0.029 0.008 0.006 0.010 0.004 
384    CMB_7    (0)    6 :  0.009 0.020 0.893 0.023 0.017 0.008 0.022 0.007 
385    CMB_8    (0)    6 :  0.011 0.020 0.906 0.012 0.012 0.022 0.009 0.008 
386    CMB_9    (0)    6 :  0.007 0.006 0.832 0.087 0.044 0.007 0.010 0.006 
387   CMB_10    (0)    6 :  0.011 0.030 0.064 0.036 0.010 0.612 0.231 0.005 
388   CMB_11    (0)    6 :  0.004 0.009 0.940 0.007 0.019 0.008 0.009 0.006 
389   CMB_12    (0)    6 :  0.006 0.011 0.921 0.010 0.011 0.020 0.017 0.003 
390   CMB_13    (0)    6 :  0.011 0.033 0.855 0.033 0.017 0.020 0.027 0.005 
391   CMB_14    (0)    6 :  0.004 0.009 0.943 0.008 0.007 0.007 0.007 0.016 
392   CMB_15    (0)    6 :  0.013 0.010 0.909 0.012 0.028 0.009 0.016 0.003 
393   CMB_16    (0)    6 :  0.004 0.060 0.498 0.011 0.036 0.288 0.074 0.029 
394   CMB_17    (0)    6 :  0.009 0.123 0.127 0.024 0.031 0.030 0.637 0.019 
395   CMB_18    (0)    6 :  0.128 0.033 0.748 0.013 0.018 0.018 0.030 0.013 
396   CMB_19    (0)    6 :  0.013 0.012 0.720 0.043 0.012 0.151 0.046 0.003 
397   CMB_20    (0)    6 :  0.005 0.007 0.912 0.021 0.009 0.029 0.011 0.005 
398   CMB_21    (0)    6 :  0.005 0.009 0.951 0.007 0.007 0.009 0.010 0.003 
399   CMB_22    (0)    6 :  0.006 0.054 0.805 0.021 0.038 0.032 0.037 0.007 
400   CMB_23    (0)    6 :  0.019 0.018 0.908 0.007 0.007 0.014 0.009 0.020 
401   CMB_24    (0)    6 :  0.012 0.246 0.474 0.045 0.019 0.162 0.034 0.009 
402   CMB_25    (0)    6 :  0.010 0.015 0.853 0.015 0.068 0.010 0.024 0.005 
403   CMB_26    (0)    6 :  0.022 0.005 0.936 0.006 0.012 0.008 0.006 0.007 
404   CMB_27    (0)    6 :  0.007 0.056 0.755 0.065 0.010 0.064 0.023 0.019 
405   CMB_28    (0)    6 :  0.005 0.006 0.956 0.008 0.007 0.007 0.007 0.003 
406   CMB_29    (0)    6 :  0.018 0.229 0.477 0.057 0.020 0.026 0.167 0.006 
407   CMB_30    (0)    6 :  0.022 0.007 0.921 0.010 0.013 0.008 0.008 0.011 
408   CMB_31    (0)    6 :  0.007 0.010 0.801 0.017 0.036 0.043 0.083 0.004 
409   CMB_32    (0)    6 :  0.006 0.024 0.795 0.050 0.010 0.062 0.028 0.025 
410   CMB_33    (0)    6 :  0.006 0.012 0.892 0.007 0.028 0.013 0.033 0.008 
411   CMB_34    (0)    6 :  0.003 0.010 0.906 0.019 0.007 0.035 0.012 0.008 
412   CMB_35    (0)    6 :  0.009 0.014 0.874 0.008 0.050 0.017 0.021 0.008 
413   CMB_36    (0)    6 :  0.018 0.018 0.887 0.021 0.010 0.027 0.014 0.005 
414   CMB_37    (0)    6 :  0.005 0.011 0.899 0.007 0.008 0.006 0.013 0.051 
415   CMB_38    (0)    6 :  0.009 0.019 0.913 0.011 0.009 0.005 0.013 0.020 
416   CMB_39    (0)    6 :  0.008 0.011 0.932 0.009 0.011 0.011 0.011 0.007 
417   CMB_40    (0)    6 :  0.010 0.077 0.807 0.026 0.011 0.043 0.011 0.015 
418   CMB_41    (0)    6 :  0.007 0.018 0.873 0.010 0.014 0.021 0.010 0.046 
419   CMB_42    (0)    6 :  0.008 0.023 0.731 0.029 0.015 0.027 0.018 0.147 
420   CMB_43    (0)    6 :  0.036 0.110 0.159 0.342 0.009 0.078 0.162 0.104 
