

----------------------------------------------------
STRUCTURE by Pritchard, Stephens and Donnelly (2000)
     and Falush, Stephens and Pritchard (2003)
       Code by Pritchard, Falush and Hubisz
             Version 2.3.4 (Jul 2012)
----------------------------------------------------



Command line arguments:   structure -m /global/home/hpc3579/salmon/mainparamsnewfoundlandfiles/mainparamsnewfoundland14 -e /global/home/hpc3579/salmon/extraparams_newfoundlandfile -K 14 
Input File:    /global/home/hpc3579/salmon/NewfoundlandStruc.txt

Run parameters:
   5235 individuals
   15 loci
   14 populations assumed
   100000 Burn-in period
   1000000 Reps


--------------------------------------------
Proportion of membership of each pre-defined
 population in each of the 14 clusters

Given    Inferred Clusters                                                                                    Number of
 Pop       1      2      3      4      5      6      7      8      9     10     11     12     13     14      Individuals

  1:     0.030  0.020  0.014  0.019  0.020  0.024  0.105  0.014  0.636  0.025  0.030  0.023  0.016  0.024       68
  2:     0.093  0.141  0.080  0.089  0.045  0.119  0.051  0.032  0.042  0.033  0.036  0.088  0.074  0.077       76
  3:     0.151  0.059  0.073  0.201  0.040  0.091  0.053  0.020  0.044  0.029  0.058  0.082  0.049  0.051       75
  4:     0.152  0.046  0.084  0.047  0.055  0.045  0.151  0.035  0.137  0.043  0.091  0.048  0.032  0.033       78
  5:     0.025  0.067  0.037  0.031  0.026  0.050  0.039  0.019  0.025  0.048  0.034  0.026  0.053  0.519       80
  6:     0.022  0.040  0.023  0.038  0.042  0.053  0.027  0.017  0.025  0.021  0.017  0.616  0.020  0.040       77
  7:     0.020  0.025  0.015  0.027  0.017  0.045  0.019  0.015  0.016  0.021  0.013  0.708  0.021  0.037       99
  8:     0.036  0.193  0.021  0.055  0.023  0.060  0.083  0.028  0.035  0.062  0.038  0.037  0.057  0.272       78
  9:     0.029  0.041  0.451  0.031  0.032  0.065  0.023  0.024  0.040  0.041  0.028  0.098  0.054  0.041       74
 10:     0.057  0.074  0.019  0.039  0.027  0.043  0.532  0.017  0.027  0.038  0.025  0.030  0.035  0.035      100
 11:     0.481  0.044  0.022  0.030  0.022  0.025  0.089  0.033  0.052  0.047  0.049  0.021  0.031  0.053      100
 12:     0.034  0.061  0.036  0.047  0.033  0.061  0.038  0.024  0.023  0.075  0.041  0.059  0.047  0.419       75
 13:     0.040  0.063  0.044  0.036  0.029  0.051  0.031  0.012  0.021  0.055  0.034  0.057  0.073  0.452       77
 14:     0.037  0.073  0.025  0.071  0.037  0.053  0.048  0.031  0.026  0.070  0.044  0.048  0.044  0.393       82
 15:     0.026  0.055  0.030  0.051  0.028  0.076  0.035  0.017  0.021  0.040  0.036  0.022  0.052  0.512       75
 16:     0.129  0.087  0.116  0.108  0.036  0.078  0.045  0.026  0.035  0.033  0.049  0.127  0.080  0.051       56
 17:     0.027  0.043  0.041  0.072  0.028  0.059  0.029  0.015  0.017  0.054  0.018  0.034  0.058  0.505       70
 18:     0.032  0.030  0.019  0.035  0.022  0.026  0.016  0.018  0.013  0.018  0.016  0.708  0.023  0.024       82
 19:     0.061  0.021  0.020  0.040  0.022  0.027  0.240  0.018  0.395  0.033  0.061  0.018  0.019  0.026       75
 20:     0.025  0.024  0.019  0.025  0.020  0.029  0.651  0.018  0.042  0.035  0.021  0.019  0.031  0.041       57
 21:     0.013  0.015  0.036  0.014  0.013  0.022  0.024  0.015  0.771  0.015  0.015  0.017  0.015  0.016      111
 22:     0.049  0.030  0.016  0.034  0.028  0.029  0.065  0.039  0.053  0.044  0.530  0.025  0.023  0.036       88
 23:     0.067  0.049  0.033  0.042  0.040  0.450  0.053  0.028  0.027  0.047  0.021  0.052  0.047  0.043       69
 24:     0.009  0.068  0.011  0.019  0.015  0.663  0.010  0.009  0.012  0.029  0.009  0.024  0.028  0.094       75
 25:     0.041  0.031  0.029  0.032  0.025  0.030  0.349  0.013  0.265  0.032  0.048  0.029  0.041  0.036      100
 26:     0.018  0.067  0.025  0.021  0.035  0.047  0.031  0.012  0.019  0.051  0.032  0.565  0.021  0.056       76
 27:     0.058  0.031  0.046  0.046  0.032  0.032  0.483  0.018  0.088  0.031  0.028  0.033  0.044  0.028       84
 28:     0.018  0.023  0.013  0.029  0.036  0.039  0.461  0.014  0.143  0.034  0.124  0.018  0.027  0.023       74
 29:     0.010  0.008  0.144  0.008  0.009  0.011  0.022  0.007  0.024  0.007  0.701  0.008  0.035  0.007       51
 30:     0.031  0.017  0.021  0.025  0.016  0.024  0.042  0.033  0.645  0.021  0.050  0.027  0.021  0.027       75
 31:     0.012  0.012  0.010  0.013  0.010  0.014  0.011  0.853  0.010  0.010  0.010  0.010  0.011  0.014       71
 32:     0.028  0.062  0.036  0.081  0.043  0.031  0.039  0.029  0.024  0.071  0.029  0.071  0.053  0.403       66
 33:     0.032  0.062  0.034  0.060  0.486  0.063  0.036  0.015  0.018  0.029  0.060  0.043  0.028  0.035       81
 34:     0.161  0.058  0.024  0.375  0.044  0.074  0.041  0.020  0.025  0.032  0.030  0.044  0.032  0.040       50
 35:     0.021  0.076  0.045  0.042  0.017  0.078  0.031  0.015  0.017  0.050  0.020  0.051  0.450  0.087       50
 36:     0.022  0.030  0.018  0.015  0.015  0.028  0.023  0.013  0.011  0.732  0.018  0.021  0.025  0.028      100
 37:     0.030  0.033  0.026  0.070  0.601  0.033  0.032  0.017  0.023  0.027  0.026  0.025  0.028  0.031       94
 38:     0.024  0.732  0.035  0.019  0.025  0.024  0.015  0.013  0.014  0.019  0.018  0.020  0.023  0.019      100
 39:     0.159  0.062  0.033  0.275  0.066  0.066  0.052  0.016  0.033  0.043  0.026  0.049  0.055  0.064       50
 40:     0.045  0.109  0.057  0.068  0.039  0.046  0.067  0.023  0.031  0.132  0.035  0.054  0.200  0.095       98
 41:     0.009  0.028  0.024  0.589  0.017  0.032  0.033  0.036  0.021  0.076  0.018  0.018  0.078  0.020       50
 42:     0.023  0.014  0.014  0.024  0.795  0.010  0.026  0.010  0.013  0.012  0.015  0.014  0.015  0.016       99
 43:     0.041  0.203  0.051  0.055  0.040  0.073  0.048  0.020  0.028  0.083  0.026  0.062  0.175  0.093       99
 44:     0.060  0.052  0.054  0.442  0.042  0.052  0.036  0.019  0.023  0.048  0.032  0.036  0.052  0.051      100
 45:     0.157  0.143  0.036  0.125  0.074  0.066  0.079  0.017  0.015  0.058  0.035  0.038  0.076  0.083       48
 46:     0.032  0.074  0.029  0.038  0.562  0.028  0.056  0.008  0.017  0.025  0.028  0.031  0.029  0.042       28
 47:     0.106  0.099  0.041  0.216  0.049  0.154  0.035  0.035  0.046  0.084  0.029  0.031  0.029  0.047       50
 48:     0.465  0.038  0.041  0.077  0.069  0.078  0.051  0.018  0.013  0.020  0.022  0.057  0.020  0.032      100
 49:     0.039  0.036  0.061  0.526  0.039  0.043  0.046  0.020  0.013  0.032  0.028  0.038  0.026  0.052       50
 50:     0.021  0.091  0.024  0.026  0.516  0.049  0.024  0.015  0.028  0.026  0.031  0.035  0.064  0.050       41
 51:     0.040  0.061  0.047  0.456  0.041  0.051  0.033  0.023  0.029  0.034  0.033  0.058  0.042  0.052       50
 52:     0.016  0.031  0.023  0.016  0.014  0.015  0.016  0.012  0.015  0.017  0.012  0.020  0.781  0.014      100
 53:     0.020  0.036  0.016  0.028  0.021  0.024  0.032  0.016  0.024  0.638  0.020  0.038  0.037  0.049       98
 54:     0.098  0.144  0.065  0.076  0.100  0.096  0.031  0.023  0.027  0.117  0.068  0.059  0.049  0.047      100
 55:     0.011  0.011  0.006  0.008  0.009  0.009  0.009  0.870  0.010  0.010  0.017  0.009  0.011  0.009       95
 56:     0.035  0.047  0.097  0.032  0.021  0.017  0.045  0.010  0.034  0.068  0.024  0.031  0.481  0.058       50
 57:     0.169  0.051  0.073  0.156  0.063  0.065  0.116  0.018  0.062  0.042  0.033  0.051  0.045  0.056       70
 58:     0.035  0.045  0.025  0.076  0.499  0.043  0.031  0.016  0.020  0.055  0.051  0.034  0.025  0.045      100
 59:     0.040  0.052  0.050  0.361  0.042  0.102  0.048  0.014  0.035  0.049  0.039  0.044  0.077  0.047       50
 60:     0.014  0.015  0.835  0.013  0.011  0.013  0.014  0.006  0.009  0.011  0.010  0.009  0.027  0.012       50
 61:     0.059  0.181  0.047  0.191  0.045  0.054  0.053  0.023  0.027  0.082  0.031  0.027  0.094  0.086      100
 62:     0.017  0.086  0.019  0.037  0.623  0.033  0.020  0.021  0.013  0.032  0.028  0.021  0.025  0.025       41
 63:     0.041  0.059  0.049  0.048  0.502  0.045  0.032  0.015  0.017  0.040  0.043  0.034  0.039  0.035      100
 64:     0.049  0.095  0.464  0.078  0.032  0.035  0.026  0.018  0.019  0.056  0.022  0.017  0.056  0.034       50
 65:     0.033  0.053  0.026  0.039  0.465  0.057  0.021  0.023  0.034  0.048  0.051  0.031  0.046  0.071      100
 66:     0.169  0.069  0.034  0.307  0.053  0.058  0.029  0.032  0.017  0.042  0.055  0.048  0.040  0.047       49
 67:     0.079  0.060  0.060  0.293  0.065  0.083  0.048  0.034  0.026  0.051  0.034  0.065  0.047  0.056      100
 68:     0.050  0.189  0.042  0.200  0.099  0.034  0.041  0.013  0.027  0.064  0.048  0.031  0.127  0.035       50
 69:     0.033  0.085  0.487  0.079  0.032  0.042  0.028  0.013  0.017  0.032  0.022  0.025  0.056  0.048      100
--------------------------------------------

Allele-freq. divergence among pops (Net nucleotide distance),
computed using point estimates of P.

      1       2       3       4       5       6       7       8       9      10      11      12      13      14      
 1      -    0.0259  0.0292  0.0162  0.0320  0.0256  0.0242  0.0682  0.0389  0.0295  0.0312  0.0326  0.0288  0.0274  
 2   0.0259     -    0.0230  0.0264  0.0276  0.0225  0.0283  0.0653  0.0487  0.0198  0.0310  0.0216  0.0231  0.0168  
 3   0.0292  0.0230     -    0.0230  0.0399  0.0289  0.0268  0.0760  0.0490  0.0253  0.0332  0.0329  0.0192  0.0212  
 4   0.0162  0.0264  0.0230     -    0.0287  0.0215  0.0203  0.0670  0.0399  0.0273  0.0295  0.0289  0.0218  0.0213  
 5   0.0320  0.0276  0.0399  0.0287     -    0.0312  0.0404  0.0827  0.0602  0.0356  0.0307  0.0402  0.0421  0.0333  
 6   0.0256  0.0225  0.0289  0.0215  0.0312     -    0.0281  0.0647  0.0391  0.0200  0.0324  0.0208  0.0296  0.0207  
 7   0.0242  0.0283  0.0268  0.0203  0.0404  0.0281     -    0.0655  0.0181  0.0285  0.0289  0.0336  0.0240  0.0227  
 8   0.0682  0.0653  0.0760  0.0670  0.0827  0.0647  0.0655     -    0.0713  0.0602  0.0613  0.0714  0.0689  0.0633  
 9   0.0389  0.0487  0.0490  0.0399  0.0602  0.0391  0.0181  0.0713     -    0.0443  0.0406  0.0496  0.0481  0.0412  
10   0.0295  0.0198  0.0253  0.0273  0.0356  0.0200  0.0285  0.0602  0.0443     -    0.0251  0.0245  0.0268  0.0171  
11   0.0312  0.0310  0.0332  0.0295  0.0307  0.0324  0.0289  0.0613  0.0406  0.0251     -    0.0403  0.0372  0.0292  
12   0.0326  0.0216  0.0329  0.0289  0.0402  0.0208  0.0336  0.0714  0.0496  0.0245  0.0403     -    0.0298  0.0208  
13   0.0288  0.0231  0.0192  0.0218  0.0421  0.0296  0.0240  0.0689  0.0481  0.0268  0.0372  0.0298     -    0.0214  
14   0.0274  0.0168  0.0212  0.0213  0.0333  0.0207  0.0227  0.0633  0.0412  0.0171  0.0292  0.0208  0.0214     -    

Average distances (expected heterozygosity) between individuals in same cluster:
cluster  1  : 0.8451 
cluster  2  : 0.8688 
cluster  3  : 0.8566 
cluster  4  : 0.8574 
cluster  5  : 0.8623 
cluster  6  : 0.8615 
cluster  7  : 0.8575 
cluster  8  : 0.7826 
cluster  9  : 0.8254 
cluster 10  : 0.8694 
cluster 11  : 0.8581 
cluster 12  : 0.8421 
cluster 13  : 0.8523 
cluster 14  : 0.8671 

--------------------------------------------
Estimated Ln Prob of Data   = -387654.4
Mean value of ln likelihood = -379706.5
Variance of ln likelihood   = 15895.7
Mean value of alpha         = 0.0481

Mean value of Fst_1         = 0.0323
Mean value of Fst_2         = 0.0197
Mean value of Fst_3         = 0.0230
Mean value of Fst_4         = 0.0178
Mean value of Fst_5         = 0.0280
Mean value of Fst_6         = 0.0239
Mean value of Fst_7         = 0.0289
Mean value of Fst_8         = 0.1429
Mean value of Fst_9         = 0.0516
Mean value of Fst_10         = 0.0266
Mean value of Fst_11         = 0.0423
Mean value of Fst_12         = 0.0325
Mean value of Fst_13         = 0.0327
Mean value of Fst_14         = 0.0197


Inferred ancestry of individuals:
        Label (%Miss) Pop:  Inferred clusters
  1    BBA_1    (0)    1 :  0.009 0.014 0.020 0.009 0.019 0.023 0.061 0.004 0.777 0.005 0.014 0.013 0.020 0.012 
  2    BBA_2    (0)    1 :  0.010 0.006 0.005 0.018 0.011 0.010 0.008 0.004 0.889 0.013 0.005 0.005 0.006 0.009 
  3    BBA_3    (0)    1 :  0.021 0.007 0.012 0.008 0.008 0.008 0.007 0.007 0.839 0.017 0.036 0.016 0.005 0.009 
  4    BBA_4    (0)    1 :  0.016 0.013 0.010 0.038 0.013 0.015 0.065 0.014 0.726 0.020 0.011 0.012 0.037 0.009 
  5    BBA_5    (0)    1 :  0.006 0.008 0.006 0.008 0.006 0.007 0.043 0.004 0.872 0.008 0.007 0.008 0.007 0.010 
  6    BBA_6    (0)    1 :  0.075 0.031 0.010 0.012 0.011 0.016 0.058 0.004 0.719 0.010 0.007 0.016 0.010 0.021 
  7    BBA_7    (0)    1 :  0.009 0.006 0.008 0.008 0.005 0.009 0.006 0.012 0.900 0.013 0.007 0.006 0.005 0.006 
  8    BBA_8    (0)    1 :  0.010 0.013 0.034 0.025 0.007 0.057 0.134 0.019 0.508 0.015 0.070 0.038 0.025 0.044 
  9    BBA_9    (0)    1 :  0.007 0.005 0.005 0.004 0.007 0.006 0.007 0.004 0.930 0.004 0.005 0.007 0.005 0.005 
 10   BBA_10    (0)    1 :  0.009 0.012 0.016 0.011 0.022 0.025 0.073 0.005 0.692 0.006 0.028 0.081 0.007 0.013 
 11   BBA_11    (0)    1 :  0.023 0.071 0.028 0.013 0.027 0.008 0.172 0.006 0.571 0.009 0.020 0.011 0.030 0.010 
 12   BBA_12    (0)    1 :  0.013 0.007 0.009 0.010 0.006 0.010 0.021 0.004 0.875 0.007 0.013 0.009 0.009 0.008 
 13   BBA_13    (0)    1 :  0.413 0.024 0.009 0.029 0.016 0.008 0.194 0.005 0.050 0.132 0.041 0.055 0.009 0.015 
 14   BBA_14    (0)    1 :  0.010 0.025 0.016 0.015 0.011 0.006 0.009 0.016 0.798 0.008 0.024 0.016 0.018 0.028 
 15   BBA_15    (0)    1 :  0.068 0.092 0.011 0.026 0.028 0.022 0.095 0.004 0.424 0.009 0.013 0.044 0.012 0.152 
 16   BBA_16    (0)    1 :  0.016 0.007 0.007 0.008 0.029 0.015 0.077 0.041 0.717 0.006 0.041 0.023 0.006 0.006 
 17   BBA_17    (0)    1 :  0.048 0.012 0.006 0.012 0.027 0.008 0.008 0.131 0.690 0.008 0.012 0.014 0.016 0.007 
 18   BBA_18    (0)    1 :  0.006 0.005 0.009 0.007 0.006 0.009 0.009 0.004 0.922 0.004 0.006 0.004 0.005 0.005 
 19   BBA_19    (0)    1 :  0.008 0.008 0.006 0.007 0.005 0.008 0.009 0.007 0.902 0.007 0.009 0.010 0.006 0.008 
 20   BBA_20    (0)    1 :  0.025 0.010 0.007 0.011 0.007 0.037 0.025 0.004 0.823 0.012 0.011 0.009 0.007 0.012 
 21   BBA_21    (0)    1 :  0.010 0.021 0.019 0.016 0.010 0.051 0.054 0.020 0.700 0.029 0.007 0.040 0.009 0.016 
 22   BBA_22    (0)    1 :  0.094 0.017 0.009 0.011 0.036 0.048 0.467 0.048 0.183 0.014 0.018 0.028 0.009 0.016 
 23   BBA_23    (0)    1 :  0.008 0.005 0.005 0.006 0.008 0.007 0.014 0.007 0.904 0.005 0.005 0.005 0.008 0.013 
 24   BBA_24    (0)    1 :  0.007 0.021 0.008 0.009 0.057 0.015 0.100 0.013 0.631 0.044 0.017 0.022 0.042 0.015 
 25   BBA_25    (0)    1 :  0.008 0.004 0.005 0.005 0.004 0.005 0.005 0.005 0.927 0.005 0.015 0.004 0.003 0.005 
 26   BBA_26    (0)    1 :  0.011 0.041 0.011 0.063 0.021 0.012 0.610 0.011 0.015 0.007 0.022 0.062 0.009 0.103 
 27   BBA_27    (0)    1 :  0.006 0.020 0.009 0.017 0.010 0.007 0.028 0.006 0.827 0.006 0.005 0.033 0.012 0.014 
 28   BBA_28    (0)    1 :  0.006 0.005 0.005 0.009 0.006 0.014 0.007 0.006 0.909 0.007 0.005 0.006 0.007 0.008 
 29   BBA_29    (0)    1 :  0.021 0.025 0.008 0.010 0.014 0.015 0.018 0.028 0.711 0.013 0.075 0.028 0.018 0.015 
 30   BBA_30    (0)    1 :  0.009 0.011 0.004 0.008 0.018 0.008 0.015 0.005 0.882 0.008 0.005 0.007 0.008 0.014 
 31   BBA_31    (0)    1 :  0.011 0.020 0.008 0.016 0.009 0.014 0.026 0.004 0.833 0.010 0.010 0.013 0.012 0.014 
 32   BBA_32    (0)    1 :  0.009 0.008 0.021 0.017 0.009 0.020 0.019 0.007 0.781 0.035 0.015 0.010 0.032 0.019 
 33   BBA_33    (0)    1 :  0.050 0.038 0.015 0.015 0.017 0.042 0.028 0.016 0.372 0.020 0.194 0.075 0.101 0.018 
 34   BBA_34    (0)    1 :  0.011 0.026 0.007 0.013 0.049 0.074 0.078 0.018 0.136 0.039 0.479 0.034 0.009 0.028 
 35   BBA_35    (0)    1 :  0.028 0.028 0.016 0.024 0.014 0.033 0.026 0.006 0.548 0.053 0.135 0.014 0.012 0.064 
 36   BBA_36    (0)    1 :  0.006 0.014 0.011 0.010 0.008 0.016 0.013 0.007 0.844 0.012 0.005 0.034 0.008 0.011 
 37   BBA_37    (0)    1 :  0.028 0.036 0.010 0.038 0.040 0.014 0.212 0.009 0.437 0.005 0.022 0.105 0.012 0.032 
 38   BBA_38    (0)    1 :  0.010 0.018 0.032 0.013 0.026 0.028 0.257 0.055 0.309 0.132 0.011 0.026 0.053 0.030 
 39   BBA_39    (0)    1 :  0.028 0.011 0.006 0.010 0.012 0.013 0.019 0.004 0.843 0.008 0.022 0.007 0.008 0.008 
 40   BBA_40    (0)    1 :  0.005 0.009 0.007 0.007 0.008 0.020 0.767 0.047 0.089 0.007 0.007 0.009 0.007 0.011 
 41   BBA_41    (0)    1 :  0.020 0.024 0.014 0.020 0.012 0.023 0.572 0.006 0.215 0.011 0.014 0.029 0.010 0.031 
 42   BBA_42    (0)    1 :  0.114 0.023 0.039 0.010 0.040 0.026 0.130 0.006 0.328 0.042 0.039 0.047 0.089 0.067 
 43   BBA_43    (0)    1 :  0.012 0.007 0.004 0.007 0.009 0.008 0.009 0.003 0.911 0.008 0.005 0.006 0.006 0.007 
 44   BBA_44    (0)    1 :  0.007 0.007 0.007 0.007 0.008 0.007 0.019 0.005 0.890 0.006 0.009 0.009 0.008 0.011 
 45   BBA_45    (0)    1 :  0.005 0.005 0.004 0.005 0.005 0.005 0.010 0.004 0.931 0.004 0.004 0.005 0.005 0.008 
 46   BBA_46    (0)    1 :  0.006 0.006 0.003 0.005 0.005 0.005 0.009 0.003 0.933 0.005 0.004 0.006 0.005 0.006 
 47   BBA_47    (0)    1 :  0.018 0.007 0.007 0.034 0.031 0.020 0.394 0.030 0.379 0.012 0.015 0.020 0.022 0.011 
 48   BBA_48    (0)    1 :  0.010 0.027 0.008 0.032 0.030 0.015 0.075 0.007 0.574 0.010 0.010 0.016 0.013 0.172 
 49   BBA_49    (0)    1 :  0.060 0.011 0.038 0.048 0.011 0.261 0.141 0.013 0.225 0.058 0.058 0.038 0.022 0.016 
 50   BBA_50    (0)    1 :  0.027 0.024 0.008 0.025 0.008 0.041 0.022 0.016 0.743 0.024 0.015 0.009 0.006 0.035 
 51   BBA_51    (0)    1 :  0.136 0.010 0.018 0.015 0.010 0.027 0.325 0.012 0.210 0.187 0.017 0.008 0.012 0.013 
 52   BBA_52    (0)    1 :  0.008 0.026 0.009 0.048 0.013 0.011 0.080 0.005 0.637 0.009 0.024 0.077 0.014 0.038 
 53   BBA_53    (0)    1 :  0.020 0.013 0.013 0.018 0.009 0.010 0.672 0.007 0.170 0.016 0.008 0.016 0.014 0.013 
 54   BBA_54    (0)    1 :  0.025 0.014 0.056 0.029 0.014 0.009 0.023 0.009 0.734 0.016 0.036 0.012 0.008 0.017 
 55   BBA_55    (0)    1 :  0.037 0.144 0.030 0.017 0.044 0.035 0.035 0.021 0.139 0.271 0.040 0.024 0.018 0.145 
 56   BBA_56    (0)    1 :  0.040 0.014 0.032 0.014 0.009 0.015 0.384 0.004 0.413 0.010 0.024 0.020 0.007 0.015 
 57   BBA_57    (0)    1 :  0.009 0.013 0.018 0.010 0.008 0.008 0.026 0.008 0.830 0.014 0.011 0.014 0.019 0.011 
 58   BBA_58    (0)    1 :  0.013 0.033 0.031 0.036 0.024 0.048 0.116 0.008 0.632 0.011 0.013 0.012 0.007 0.016 
 59   BBA_59    (0)    1 :  0.008 0.010 0.015 0.023 0.016 0.011 0.019 0.004 0.778 0.008 0.014 0.048 0.031 0.016 
 60   BBA_60    (0)    1 :  0.025 0.010 0.009 0.011 0.021 0.054 0.035 0.073 0.624 0.009 0.039 0.038 0.009 0.042 
 61   BBA_61    (0)    1 :  0.020 0.007 0.006 0.015 0.010 0.008 0.024 0.004 0.877 0.005 0.004 0.010 0.004 0.006 
 62   BBA_62    (0)    1 :  0.012 0.009 0.011 0.014 0.008 0.038 0.031 0.009 0.800 0.005 0.019 0.023 0.009 0.013 
 63   BBA_63    (0)    1 :  0.011 0.011 0.017 0.014 0.030 0.012 0.013 0.003 0.807 0.013 0.029 0.022 0.005 0.012 
 64   BBA_64    (0)    1 :  0.007 0.007 0.004 0.005 0.006 0.007 0.006 0.009 0.915 0.008 0.005 0.005 0.007 0.008 
 65   BBA_65    (0)    1 :  0.053 0.071 0.027 0.028 0.043 0.011 0.016 0.015 0.555 0.035 0.043 0.038 0.040 0.025 
 66   BBA_66    (0)    1 :  0.010 0.017 0.009 0.147 0.222 0.127 0.100 0.011 0.193 0.039 0.016 0.008 0.064 0.036 
 67   BBA_67    (0)    1 :  0.033 0.011 0.029 0.009 0.019 0.017 0.022 0.007 0.761 0.031 0.027 0.009 0.011 0.013 
 68   BBA_68    (0)    1 :  0.129 0.012 0.012 0.078 0.016 0.025 0.022 0.031 0.531 0.085 0.039 0.007 0.007 0.007 
 69    BDN_1    (0)    2 :  0.023 0.029 0.022 0.024 0.022 0.010 0.008 0.012 0.005 0.116 0.037 0.101 0.566 0.023 
 70    BDN_2    (0)    2 :  0.023 0.050 0.045 0.110 0.011 0.243 0.048 0.008 0.015 0.077 0.048 0.076 0.134 0.112 
 71    BDN_3    (0)    2 :  0.015 0.023 0.011 0.413 0.028 0.016 0.034 0.296 0.012 0.024 0.031 0.047 0.017 0.033 
 72    BDN_4   (13)    2 :  0.137 0.122 0.025 0.132 0.372 0.015 0.030 0.006 0.010 0.017 0.035 0.034 0.042 0.022 
 73    BDN_5   (13)    2 :  0.012 0.569 0.026 0.119 0.051 0.031 0.033 0.015 0.017 0.010 0.018 0.060 0.023 0.017 
 74    BDN_6    (6)    2 :  0.101 0.022 0.039 0.092 0.027 0.251 0.036 0.069 0.009 0.089 0.014 0.019 0.042 0.191 
 75    BDN_7    (0)    2 :  0.267 0.043 0.093 0.037 0.014 0.258 0.009 0.015 0.008 0.014 0.034 0.024 0.016 0.166 
 76    BDN_8    (6)    2 :  0.006 0.341 0.016 0.051 0.024 0.091 0.033 0.017 0.006 0.025 0.010 0.072 0.061 0.247 
 77    BDN_9    (0)    2 :  0.037 0.016 0.065 0.304 0.038 0.039 0.016 0.005 0.370 0.016 0.024 0.015 0.036 0.018 
 78   BDN_10    (0)    2 :  0.246 0.049 0.046 0.175 0.031 0.017 0.156 0.005 0.044 0.073 0.098 0.018 0.018 0.024 
 79   BDN_11    (0)    2 :  0.177 0.025 0.135 0.038 0.089 0.277 0.015 0.014 0.006 0.054 0.037 0.088 0.012 0.034 
 80   BDN_12    (0)    2 :  0.083 0.028 0.020 0.081 0.009 0.432 0.006 0.004 0.009 0.013 0.013 0.039 0.228 0.035 
 81   BDN_13   (13)    2 :  0.030 0.698 0.043 0.045 0.029 0.011 0.020 0.020 0.010 0.008 0.012 0.012 0.053 0.009 
 82   BDN_14    (0)    2 :  0.027 0.022 0.022 0.078 0.041 0.013 0.093 0.007 0.015 0.079 0.024 0.023 0.503 0.055 
 83   BDN_15    (6)    2 :  0.050 0.008 0.047 0.199 0.009 0.051 0.014 0.045 0.016 0.018 0.009 0.255 0.215 0.064 
 84   BDN_16    (6)    2 :  0.169 0.039 0.013 0.046 0.081 0.383 0.029 0.011 0.059 0.031 0.024 0.057 0.012 0.044 
 85   BDN_17   (13)    2 :  0.239 0.016 0.102 0.033 0.013 0.028 0.013 0.362 0.009 0.010 0.026 0.021 0.119 0.010 
 86   BDN_18    (0)    2 :  0.035 0.075 0.277 0.158 0.058 0.014 0.128 0.004 0.012 0.042 0.010 0.068 0.075 0.043 
 87   BDN_19    (0)    2 :  0.083 0.089 0.006 0.056 0.009 0.305 0.028 0.006 0.025 0.007 0.332 0.026 0.020 0.008 
 88   BDN_20   (13)    2 :  0.031 0.097 0.024 0.072 0.064 0.089 0.041 0.163 0.039 0.022 0.028 0.211 0.076 0.041 
 89   BDN_21   (13)    2 :  0.455 0.017 0.012 0.020 0.010 0.034 0.017 0.014 0.017 0.010 0.359 0.011 0.014 0.011 
 90   BDN_22    (6)    2 :  0.049 0.011 0.078 0.045 0.008 0.090 0.200 0.034 0.298 0.059 0.033 0.046 0.024 0.024 
 91   BDN_23    (0)    2 :  0.037 0.013 0.037 0.020 0.023 0.168 0.083 0.006 0.041 0.011 0.075 0.457 0.014 0.014 
 92   BDN_24    (0)    2 :  0.058 0.502 0.037 0.023 0.010 0.012 0.025 0.013 0.011 0.027 0.014 0.130 0.069 0.067 
 93   BDN_25   (13)    2 :  0.055 0.040 0.439 0.011 0.012 0.120 0.022 0.008 0.021 0.014 0.029 0.089 0.050 0.089 
 94   BDN_26    (0)    2 :  0.092 0.009 0.137 0.014 0.007 0.203 0.017 0.137 0.036 0.025 0.025 0.212 0.076 0.012 
 95   BDN_27    (0)    2 :  0.017 0.741 0.012 0.064 0.014 0.012 0.008 0.004 0.010 0.016 0.021 0.038 0.030 0.013 
 96   BDN_28   (13)    2 :  0.123 0.019 0.238 0.060 0.121 0.168 0.023 0.008 0.014 0.057 0.017 0.033 0.040 0.077 
 97   BDN_29    (0)    2 :  0.014 0.034 0.013 0.150 0.013 0.070 0.081 0.045 0.012 0.058 0.014 0.472 0.013 0.012 
 98   BDN_30    (0)    2 :  0.404 0.057 0.007 0.032 0.015 0.017 0.070 0.068 0.020 0.040 0.016 0.012 0.230 0.010 
 99   BDN_31    (0)    2 :  0.199 0.011 0.030 0.012 0.023 0.560 0.023 0.005 0.033 0.007 0.051 0.016 0.010 0.020 
100   BDN_32    (0)    2 :  0.014 0.008 0.027 0.590 0.009 0.022 0.011 0.008 0.068 0.057 0.013 0.023 0.011 0.139 
101   BDN_33    (0)    2 :  0.350 0.474 0.009 0.027 0.005 0.011 0.009 0.016 0.008 0.016 0.015 0.015 0.024 0.021 
102   BDN_34    (0)    2 :  0.225 0.035 0.011 0.015 0.466 0.025 0.012 0.004 0.008 0.015 0.009 0.033 0.120 0.024 
103   BDN_35    (0)    2 :  0.014 0.547 0.074 0.077 0.017 0.017 0.027 0.005 0.034 0.039 0.035 0.019 0.071 0.022 
104   BDN_36    (0)    2 :  0.032 0.063 0.044 0.192 0.011 0.424 0.011 0.010 0.039 0.034 0.037 0.062 0.012 0.030 
105   BDN_37    (0)    2 :  0.158 0.070 0.291 0.026 0.019 0.229 0.029 0.016 0.023 0.032 0.029 0.038 0.020 0.019 
106   BDN_38    (0)    2 :  0.018 0.499 0.082 0.010 0.014 0.016 0.012 0.199 0.022 0.024 0.011 0.027 0.019 0.046 
107   BDN_39    (0)    2 :  0.012 0.126 0.524 0.066 0.020 0.028 0.073 0.003 0.013 0.008 0.009 0.023 0.027 0.067 
108   BDN_40    (0)    2 :  0.006 0.033 0.286 0.012 0.009 0.355 0.007 0.011 0.006 0.012 0.021 0.063 0.150 0.030 
109   BDN_41    (0)    2 :  0.027 0.019 0.158 0.394 0.065 0.115 0.049 0.020 0.009 0.019 0.011 0.052 0.028 0.034 
110   BDN_42   (13)    2 :  0.237 0.077 0.035 0.100 0.073 0.071 0.017 0.005 0.019 0.013 0.017 0.251 0.048 0.036 
111   BDN_43    (6)    2 :  0.012 0.304 0.075 0.031 0.273 0.058 0.018 0.007 0.011 0.025 0.016 0.057 0.022 0.092 
112   BDN_44    (0)    2 :  0.025 0.015 0.177 0.039 0.014 0.295 0.079 0.012 0.028 0.013 0.014 0.089 0.100 0.100 
113   BDN_45    (0)    2 :  0.010 0.195 0.018 0.013 0.016 0.065 0.015 0.014 0.010 0.080 0.011 0.309 0.208 0.035 
114   BDN_46   (13)    2 :  0.030 0.023 0.016 0.037 0.038 0.013 0.152 0.007 0.025 0.061 0.037 0.007 0.488 0.068 
115   BDN_47    (0)    2 :  0.014 0.018 0.014 0.428 0.085 0.023 0.063 0.026 0.017 0.046 0.015 0.184 0.031 0.035 
116   BDN_48    (0)    2 :  0.014 0.014 0.220 0.071 0.068 0.028 0.129 0.005 0.015 0.078 0.034 0.046 0.012 0.267 
117   BDN_49    (0)    2 :  0.018 0.186 0.161 0.013 0.050 0.088 0.021 0.003 0.018 0.016 0.073 0.251 0.030 0.073 
118   BDN_50    (0)    2 :  0.044 0.229 0.027 0.088 0.036 0.039 0.022 0.005 0.022 0.007 0.015 0.244 0.171 0.050 
119   BDN_51    (0)    2 :  0.038 0.010 0.129 0.027 0.014 0.273 0.053 0.006 0.018 0.128 0.046 0.056 0.094 0.110 
120   BDN_52    (0)    2 :  0.158 0.120 0.135 0.091 0.023 0.020 0.016 0.012 0.012 0.010 0.010 0.097 0.239 0.056 
121   BDN_53    (0)    2 :  0.025 0.208 0.028 0.059 0.079 0.114 0.068 0.006 0.028 0.009 0.076 0.098 0.014 0.189 
122   BDN_54   (13)    2 :  0.075 0.006 0.039 0.024 0.013 0.020 0.039 0.012 0.720 0.009 0.011 0.010 0.011 0.009 
123   BDN_55    (6)    2 :  0.401 0.058 0.032 0.028 0.008 0.019 0.018 0.004 0.075 0.024 0.011 0.015 0.034 0.273 
124   BDN_56   (13)    2 :  0.012 0.370 0.080 0.028 0.044 0.095 0.012 0.003 0.014 0.026 0.010 0.249 0.020 0.035 
125   BDN_57    (6)    2 :  0.012 0.537 0.027 0.053 0.012 0.073 0.024 0.049 0.031 0.033 0.026 0.069 0.015 0.041 
126   BDN_58    (6)    2 :  0.276 0.190 0.010 0.043 0.010 0.044 0.013 0.021 0.034 0.125 0.086 0.038 0.047 0.062 
127   BDN_59    (6)    2 :  0.052 0.029 0.015 0.011 0.014 0.219 0.010 0.055 0.056 0.022 0.024 0.461 0.007 0.024 
128   BDN_60    (6)    2 :  0.371 0.255 0.009 0.129 0.034 0.017 0.009 0.040 0.012 0.017 0.032 0.038 0.018 0.020 
129   BDN_61    (0)    2 :  0.014 0.657 0.014 0.037 0.048 0.014 0.015 0.007 0.010 0.009 0.055 0.041 0.029 0.052 
130   BDN_62    (0)    2 :  0.126 0.036 0.016 0.034 0.043 0.072 0.015 0.004 0.026 0.038 0.009 0.393 0.032 0.156 
131   BDN_63    (6)    2 :  0.011 0.014 0.100 0.175 0.020 0.165 0.061 0.171 0.019 0.064 0.018 0.018 0.137 0.025 
132   BDN_64    (0)    2 :  0.019 0.017 0.494 0.062 0.033 0.089 0.100 0.006 0.020 0.011 0.031 0.097 0.008 0.014 
133   BDN_65    (0)    2 :  0.023 0.045 0.097 0.174 0.017 0.020 0.019 0.049 0.249 0.026 0.025 0.048 0.064 0.143 
134   BDN_66   (13)    2 :  0.022 0.251 0.100 0.084 0.032 0.277 0.082 0.005 0.025 0.013 0.053 0.030 0.011 0.015 
135   BDN_67    (0)    2 :  0.014 0.032 0.054 0.015 0.015 0.121 0.643 0.007 0.018 0.027 0.007 0.007 0.008 0.032 
136   BDN_68    (6)    2 :  0.021 0.055 0.027 0.050 0.019 0.060 0.072 0.072 0.011 0.076 0.044 0.015 0.083 0.395 
137   BDN_69    (0)    2 :  0.020 0.052 0.051 0.166 0.016 0.419 0.014 0.007 0.008 0.048 0.014 0.045 0.080 0.058 
138   BDN_70    (6)    2 :  0.491 0.023 0.080 0.035 0.013 0.178 0.025 0.012 0.014 0.019 0.038 0.015 0.019 0.035 
139   BDN_71    (6)    2 :  0.022 0.281 0.038 0.125 0.035 0.034 0.018 0.009 0.063 0.055 0.102 0.136 0.056 0.025 
140   BDN_72    (0)    2 :  0.011 0.020 0.017 0.054 0.029 0.027 0.018 0.005 0.034 0.015 0.031 0.019 0.014 0.707 
141   BDN_73    (0)    2 :  0.008 0.052 0.014 0.081 0.193 0.025 0.016 0.007 0.027 0.019 0.010 0.020 0.038 0.490 
142   BDN_74    (0)    2 :  0.045 0.016 0.019 0.044 0.008 0.650 0.015 0.013 0.010 0.015 0.019 0.089 0.017 0.040 
143   BDN_75    (0)    2 :  0.018 0.605 0.029 0.124 0.027 0.009 0.014 0.035 0.013 0.026 0.015 0.019 0.047 0.020 
144   BDN_76    (0)    2 :  0.225 0.018 0.065 0.066 0.035 0.018 0.348 0.012 0.052 0.011 0.021 0.009 0.063 0.058 
145   BDNB_1    (0)    3 :  0.035 0.024 0.246 0.021 0.025 0.018 0.015 0.021 0.008 0.008 0.013 0.028 0.499 0.039 
146   BDNB_2    (0)    3 :  0.172 0.127 0.186 0.055 0.035 0.020 0.029 0.009 0.020 0.107 0.054 0.015 0.069 0.103 
147   BDNB_3    (0)    3 :  0.014 0.088 0.156 0.023 0.009 0.015 0.032 0.019 0.034 0.317 0.042 0.024 0.021 0.206 
148   BDNB_4    (0)    3 :  0.033 0.059 0.319 0.134 0.030 0.019 0.031 0.007 0.007 0.027 0.056 0.040 0.189 0.049 
149   BDNB_5    (0)    3 :  0.311 0.014 0.013 0.401 0.077 0.027 0.046 0.006 0.018 0.010 0.024 0.022 0.014 0.017 
150   BDNB_6    (0)    3 :  0.130 0.050 0.116 0.109 0.010 0.214 0.010 0.037 0.196 0.010 0.025 0.038 0.026 0.028 
151   BDNB_7    (0)    3 :  0.009 0.012 0.015 0.014 0.010 0.013 0.014 0.011 0.007 0.024 0.825 0.010 0.026 0.012 
152   BDNB_8    (0)    3 :  0.016 0.071 0.051 0.044 0.010 0.456 0.046 0.090 0.014 0.009 0.014 0.110 0.027 0.044 
153   BDNB_9    (0)    3 :  0.868 0.010 0.016 0.012 0.008 0.006 0.009 0.007 0.006 0.018 0.010 0.008 0.008 0.015 
154  BDNB_10    (0)    3 :  0.488 0.115 0.017 0.039 0.014 0.085 0.049 0.009 0.061 0.014 0.014 0.025 0.024 0.045 
155  BDNB_11    (0)    3 :  0.021 0.016 0.046 0.666 0.017 0.028 0.017 0.005 0.008 0.020 0.117 0.008 0.010 0.019 
156  BDNB_12    (0)    3 :  0.017 0.017 0.024 0.768 0.015 0.021 0.009 0.005 0.007 0.039 0.035 0.013 0.010 0.020 
157  BDNB_13    (0)    3 :  0.092 0.251 0.031 0.085 0.042 0.164 0.016 0.007 0.051 0.009 0.094 0.067 0.070 0.019 
158  BDNB_14    (0)    3 :  0.172 0.017 0.100 0.011 0.008 0.296 0.066 0.009 0.181 0.017 0.019 0.074 0.018 0.012 
159  BDNB_15    (0)    3 :  0.006 0.023 0.017 0.015 0.010 0.026 0.007 0.004 0.007 0.006 0.007 0.021 0.005 0.846 
160  BDNB_16    (0)    3 :  0.031 0.016 0.034 0.063 0.024 0.036 0.031 0.008 0.488 0.103 0.014 0.029 0.039 0.084 
161  BDNB_17    (6)    3 :  0.055 0.023 0.007 0.178 0.013 0.056 0.021 0.023 0.020 0.053 0.130 0.013 0.379 0.028 
162  BDNB_18    (0)    3 :  0.022 0.031 0.047 0.296 0.029 0.402 0.035 0.047 0.020 0.011 0.014 0.010 0.022 0.016 
163  BDNB_19    (0)    3 :  0.022 0.014 0.033 0.566 0.031 0.055 0.021 0.006 0.017 0.015 0.178 0.008 0.019 0.014 
164  BDNB_20    (0)    3 :  0.543 0.020 0.011 0.035 0.057 0.030 0.016 0.052 0.089 0.016 0.022 0.056 0.026 0.027 
165  BDNB_21    (0)    3 :  0.009 0.007 0.013 0.021 0.011 0.106 0.016 0.008 0.005 0.040 0.005 0.736 0.013 0.010 
166  BDNB_22    (0)    3 :  0.017 0.023 0.014 0.628 0.086 0.101 0.041 0.007 0.017 0.008 0.007 0.013 0.027 0.011 
167  BDNB_23    (0)    3 :  0.009 0.077 0.022 0.012 0.012 0.012 0.014 0.005 0.006 0.026 0.014 0.761 0.012 0.018 
168  BDNB_24    (0)    3 :  0.054 0.043 0.074 0.049 0.249 0.043 0.012 0.006 0.249 0.036 0.044 0.098 0.022 0.020 
169  BDNB_25    (0)    3 :  0.087 0.047 0.037 0.031 0.013 0.038 0.016 0.008 0.015 0.038 0.038 0.159 0.427 0.044 
170  BDNB_26    (0)    3 :  0.080 0.096 0.055 0.122 0.033 0.020 0.008 0.009 0.015 0.009 0.032 0.072 0.023 0.427 
171  BDNB_27    (0)    3 :  0.024 0.146 0.188 0.334 0.011 0.008 0.034 0.004 0.073 0.004 0.015 0.130 0.015 0.015 
172  BDNB_28    (0)    3 :  0.116 0.023 0.538 0.035 0.079 0.031 0.010 0.015 0.068 0.015 0.021 0.015 0.011 0.023 
173  BDNB_29    (0)    3 :  0.050 0.038 0.064 0.039 0.010 0.057 0.014 0.197 0.058 0.047 0.027 0.053 0.024 0.321 
174  BDNB_30    (0)    3 :  0.178 0.033 0.025 0.048 0.082 0.012 0.269 0.101 0.071 0.020 0.094 0.030 0.007 0.030 
175  BDNB_31    (0)    3 :  0.047 0.076 0.019 0.029 0.049 0.248 0.366 0.007 0.021 0.018 0.013 0.037 0.047 0.023 
176  BDNB_32    (0)    3 :  0.364 0.016 0.033 0.011 0.025 0.039 0.059 0.005 0.010 0.013 0.030 0.320 0.066 0.010 
177  BDNB_33    (0)    3 :  0.142 0.015 0.027 0.017 0.011 0.023 0.592 0.016 0.031 0.049 0.008 0.027 0.019 0.022 
178  BDNB_34    (0)    3 :  0.164 0.061 0.149 0.061 0.025 0.201 0.059 0.005 0.046 0.018 0.010 0.126 0.054 0.023 
179  BDNB_35    (0)    3 :  0.436 0.015 0.016 0.022 0.022 0.392 0.010 0.004 0.014 0.010 0.005 0.025 0.008 0.024 
180  BDNB_36    (0)    3 :  0.034 0.053 0.022 0.009 0.079 0.188 0.025 0.025 0.222 0.010 0.168 0.111 0.011 0.042 
181  BDNB_37    (0)    3 :  0.221 0.383 0.029 0.013 0.006 0.126 0.005 0.118 0.005 0.009 0.005 0.011 0.017 0.052 
182  BDNB_38    (0)    3 :  0.045 0.019 0.036 0.466 0.026 0.060 0.054 0.041 0.030 0.019 0.049 0.102 0.027 0.025 
183  BDNB_39    (0)    3 :  0.012 0.053 0.423 0.036 0.014 0.019 0.009 0.054 0.030 0.011 0.016 0.195 0.007 0.121 
184  BDNB_40    (0)    3 :  0.311 0.023 0.073 0.240 0.011 0.044 0.019 0.042 0.011 0.022 0.115 0.062 0.010 0.015 
185  BDNB_41    (0)    3 :  0.024 0.024 0.025 0.757 0.015 0.006 0.036 0.020 0.009 0.017 0.028 0.009 0.023 0.007 
186  BDNB_42    (0)    3 :  0.009 0.007 0.013 0.627 0.053 0.115 0.016 0.007 0.029 0.012 0.009 0.073 0.014 0.016 
187  BDNB_43    (0)    3 :  0.020 0.072 0.017 0.410 0.107 0.072 0.022 0.013 0.026 0.041 0.057 0.062 0.061 0.020 
188  BDNB_44    (0)    3 :  0.433 0.054 0.047 0.088 0.073 0.015 0.032 0.008 0.025 0.059 0.063 0.023 0.042 0.037 
189  BDNB_45    (0)    3 :  0.499 0.010 0.053 0.013 0.042 0.018 0.138 0.104 0.019 0.026 0.013 0.032 0.015 0.019 
190  BDNB_46    (0)    3 :  0.685 0.013 0.013 0.027 0.064 0.026 0.078 0.007 0.021 0.024 0.008 0.014 0.009 0.011 
191  BDNB_47    (0)    3 :  0.713 0.014 0.011 0.029 0.011 0.037 0.106 0.008 0.007 0.011 0.017 0.009 0.011 0.016 
192  BDNB_48    (0)    3 :  0.080 0.033 0.127 0.191 0.026 0.021 0.086 0.016 0.013 0.020 0.009 0.350 0.017 0.011 
193  BDNB_49    (0)    3 :  0.014 0.023 0.168 0.477 0.028 0.014 0.046 0.026 0.025 0.010 0.033 0.020 0.018 0.099 
194  BDNB_50    (0)    3 :  0.010 0.010 0.036 0.715 0.015 0.030 0.013 0.008 0.014 0.014 0.016 0.085 0.019 0.015 
195  BDNB_51    (0)    3 :  0.192 0.011 0.031 0.030 0.009 0.581 0.019 0.010 0.012 0.020 0.018 0.009 0.034 0.024 
196  BDNB_52    (0)    3 :  0.076 0.444 0.009 0.022 0.015 0.201 0.007 0.005 0.010 0.016 0.027 0.066 0.023 0.079 
197  BDNB_53    (0)    3 :  0.035 0.023 0.052 0.230 0.036 0.412 0.050 0.033 0.030 0.014 0.013 0.014 0.030 0.027 
198  BDNB_54    (0)    3 :  0.027 0.076 0.039 0.645 0.017 0.021 0.010 0.009 0.009 0.033 0.023 0.050 0.031 0.011 
199  BDNB_55    (0)    3 :  0.028 0.047 0.086 0.264 0.013 0.021 0.048 0.005 0.071 0.014 0.093 0.277 0.015 0.018 
200  BDNB_56    (6)    3 :  0.111 0.092 0.049 0.034 0.010 0.228 0.054 0.015 0.013 0.052 0.257 0.009 0.043 0.031 
201  BDNB_57    (0)    3 :  0.135 0.020 0.031 0.067 0.012 0.051 0.113 0.012 0.406 0.015 0.013 0.105 0.010 0.011 
202  BDNB_58    (0)    3 :  0.273 0.033 0.023 0.019 0.020 0.499 0.018 0.004 0.010 0.016 0.010 0.035 0.028 0.011 
203  BDNB_59    (0)    3 :  0.083 0.156 0.039 0.112 0.128 0.032 0.182 0.026 0.031 0.033 0.025 0.084 0.029 0.040 
204  BDNB_60    (0)    3 :  0.009 0.009 0.036 0.644 0.055 0.120 0.033 0.009 0.028 0.006 0.008 0.011 0.019 0.014 
205  BDNB_61    (0)    3 :  0.265 0.017 0.059 0.060 0.107 0.011 0.294 0.004 0.010 0.012 0.047 0.066 0.040 0.006 
206  BDNB_62    (0)    3 :  0.022 0.507 0.027 0.171 0.009 0.022 0.006 0.008 0.011 0.015 0.011 0.049 0.009 0.133 
207  BDNB_63    (0)    3 :  0.151 0.014 0.039 0.623 0.013 0.008 0.022 0.003 0.031 0.007 0.037 0.010 0.036 0.005 
208  BDNB_64    (6)    3 :  0.108 0.014 0.031 0.574 0.069 0.015 0.035 0.007 0.018 0.014 0.015 0.012 0.075 0.012 
209  BDNB_65    (0)    3 :  0.721 0.033 0.024 0.022 0.070 0.013 0.013 0.004 0.009 0.005 0.028 0.032 0.021 0.006 
210  BDNB_66    (0)    3 :  0.019 0.013 0.022 0.671 0.017 0.085 0.016 0.008 0.018 0.023 0.078 0.006 0.012 0.011 
211  BDNB_67    (0)    3 :  0.051 0.084 0.055 0.040 0.031 0.009 0.031 0.015 0.009 0.234 0.363 0.008 0.037 0.032 
212  BDNB_68    (0)    3 :  0.336 0.082 0.101 0.016 0.088 0.035 0.019 0.007 0.059 0.014 0.087 0.062 0.055 0.039 
213  BDNB_69    (0)    3 :  0.237 0.031 0.084 0.029 0.070 0.124 0.078 0.005 0.009 0.023 0.215 0.040 0.031 0.026 
214  BDNB_70    (0)    3 :  0.022 0.033 0.027 0.493 0.217 0.011 0.013 0.017 0.016 0.018 0.013 0.011 0.103 0.007 
215  BDNB_71    (0)    3 :  0.025 0.082 0.615 0.051 0.050 0.010 0.071 0.005 0.016 0.009 0.008 0.033 0.009 0.015 
216  BDNB_72    (0)    3 :  0.385 0.025 0.026 0.072 0.098 0.018 0.048 0.005 0.012 0.014 0.011 0.024 0.204 0.058 
217  BDNB_73    (0)    3 :  0.022 0.023 0.077 0.451 0.024 0.024 0.009 0.004 0.018 0.046 0.090 0.065 0.116 0.031 
218  BDNB_74    (0)    3 :  0.020 0.025 0.014 0.606 0.015 0.098 0.015 0.006 0.019 0.009 0.147 0.006 0.007 0.013 
219  BDNB_75    (0)    3 :  0.010 0.028 0.026 0.033 0.033 0.047 0.020 0.014 0.009 0.052 0.010 0.660 0.046 0.012 
220    BSB_1    (0)    4 :  0.131 0.056 0.015 0.014 0.019 0.029 0.049 0.015 0.128 0.234 0.014 0.089 0.034 0.173 
221    BSB_2    (0)    4 :  0.456 0.022 0.009 0.011 0.018 0.054 0.040 0.006 0.331 0.006 0.010 0.007 0.021 0.010 
222    BSB_3    (0)    4 :  0.035 0.052 0.022 0.065 0.534 0.022 0.016 0.008 0.013 0.094 0.103 0.022 0.005 0.010 
223    BSB_4    (0)    4 :  0.073 0.026 0.105 0.075 0.011 0.033 0.048 0.007 0.550 0.016 0.014 0.019 0.016 0.007 
224    BSB_5    (0)    4 :  0.053 0.021 0.020 0.018 0.065 0.020 0.141 0.010 0.551 0.025 0.033 0.022 0.010 0.012 
225    BSB_6    (0)    4 :  0.014 0.039 0.014 0.018 0.020 0.015 0.060 0.010 0.667 0.019 0.063 0.018 0.028 0.016 
226    BSB_7   (33)    4 :  0.126 0.082 0.032 0.115 0.018 0.065 0.105 0.143 0.098 0.050 0.015 0.036 0.060 0.054 
227    BSB_8    (0)    4 :  0.017 0.021 0.019 0.050 0.023 0.578 0.014 0.086 0.054 0.032 0.024 0.019 0.021 0.041 
228    BSB_9    (0)    4 :  0.019 0.009 0.018 0.175 0.366 0.042 0.236 0.007 0.023 0.009 0.043 0.017 0.011 0.026 
229   BSB_10    (0)    4 :  0.623 0.021 0.027 0.014 0.032 0.012 0.024 0.011 0.036 0.027 0.103 0.035 0.015 0.018 
230   BSB_11    (0)    4 :  0.021 0.063 0.016 0.020 0.046 0.049 0.206 0.149 0.018 0.044 0.298 0.048 0.008 0.013 
231   BSB_12    (0)    4 :  0.246 0.016 0.011 0.018 0.047 0.026 0.058 0.082 0.037 0.025 0.128 0.217 0.014 0.075 
232   BSB_13    (0)    4 :  0.380 0.016 0.064 0.048 0.012 0.043 0.016 0.028 0.043 0.047 0.253 0.009 0.024 0.016 
233   BSB_14    (0)    4 :  0.604 0.011 0.019 0.025 0.027 0.013 0.077 0.012 0.060 0.065 0.013 0.009 0.053 0.012 
234   BSB_15    (0)    4 :  0.052 0.017 0.010 0.021 0.005 0.029 0.158 0.066 0.191 0.112 0.011 0.259 0.017 0.053 
235   BSB_16    (6)    4 :  0.063 0.019 0.024 0.046 0.049 0.022 0.589 0.005 0.057 0.012 0.015 0.057 0.028 0.014 
236   BSB_17    (0)    4 :  0.771 0.020 0.020 0.007 0.006 0.014 0.021 0.008 0.082 0.011 0.012 0.011 0.011 0.007 
237   BSB_18    (0)    4 :  0.008 0.007 0.011 0.105 0.041 0.056 0.191 0.018 0.039 0.066 0.423 0.017 0.009 0.008 
238   BSB_19    (0)    4 :  0.021 0.014 0.401 0.010 0.009 0.017 0.284 0.032 0.061 0.067 0.039 0.029 0.007 0.008 
239   BSB_20    (0)    4 :  0.026 0.178 0.038 0.032 0.005 0.042 0.204 0.017 0.186 0.027 0.129 0.018 0.070 0.028 
240   BSB_21    (0)    4 :  0.313 0.021 0.022 0.011 0.008 0.007 0.015 0.005 0.018 0.006 0.528 0.005 0.011 0.032 
241   BSB_22    (0)    4 :  0.024 0.029 0.008 0.027 0.398 0.024 0.063 0.005 0.027 0.031 0.313 0.011 0.014 0.025 
242   BSB_23    (0)    4 :  0.119 0.021 0.013 0.041 0.084 0.008 0.062 0.012 0.413 0.013 0.100 0.052 0.053 0.009 
243   BSB_24    (0)    4 :  0.229 0.006 0.011 0.008 0.010 0.013 0.035 0.018 0.538 0.016 0.087 0.012 0.008 0.010 
244   BSB_25    (0)    4 :  0.038 0.012 0.015 0.022 0.038 0.009 0.561 0.014 0.074 0.013 0.140 0.037 0.009 0.019 
245   BSB_26    (0)    4 :  0.081 0.022 0.016 0.031 0.023 0.014 0.258 0.007 0.337 0.012 0.130 0.012 0.034 0.022 
246   BSB_27    (0)    4 :  0.026 0.019 0.020 0.017 0.008 0.008 0.610 0.005 0.016 0.031 0.056 0.153 0.018 0.014 
247   BSB_28    (0)    4 :  0.158 0.007 0.017 0.240 0.317 0.089 0.010 0.031 0.039 0.017 0.016 0.008 0.043 0.009 
