

----------------------------------------------------
STRUCTURE by Pritchard, Stephens and Donnelly (2000)
     and Falush, Stephens and Pritchard (2003)
       Code by Pritchard, Falush and Hubisz
             Version 2.3.4 (Jul 2012)
----------------------------------------------------



Command line arguments:   structure -m /global/home/hpc3579/salmon/mainparamsnewfoundlandfiles/mainparamsnewfoundland13 -e /global/home/hpc3579/salmon/extraparams_newfoundlandfile -K 13 
Input File:    /global/home/hpc3579/salmon/NewfoundlandStruc.txt

Run parameters:
   5235 individuals
   15 loci
   13 populations assumed
   100000 Burn-in period
   1000000 Reps


--------------------------------------------
Proportion of membership of each pre-defined
 population in each of the 13 clusters

Given    Inferred Clusters                                                                             Number of
 Pop       1      2      3      4      5      6      7      8      9     10     11     12     13      Individuals

  1:     0.716  0.018  0.064  0.026  0.018  0.015  0.023  0.021  0.020  0.015  0.013  0.034  0.016       68
  2:     0.033  0.076  0.054  0.135  0.051  0.034  0.044  0.120  0.092  0.086  0.091  0.079  0.106       76
  3:     0.039  0.123  0.050  0.188  0.043  0.020  0.040  0.103  0.056  0.054  0.069  0.051  0.163       75
  4:     0.133  0.067  0.218  0.135  0.055  0.034  0.050  0.051  0.035  0.032  0.081  0.062  0.048       78
  5:     0.031  0.037  0.028  0.033  0.026  0.020  0.065  0.028  0.540  0.060  0.034  0.048  0.049       80
  6:     0.026  0.046  0.022  0.033  0.044  0.018  0.036  0.627  0.043  0.021  0.027  0.023  0.033       77
  7:     0.020  0.037  0.017  0.023  0.019  0.017  0.028  0.706  0.047  0.026  0.013  0.027  0.020       99
  8:     0.035  0.074  0.058  0.041  0.044  0.033  0.113  0.043  0.287  0.080  0.030  0.100  0.061       78
  9:     0.038  0.072  0.024  0.033  0.035  0.023  0.040  0.474  0.058  0.079  0.037  0.037  0.048       74
 10:     0.025  0.029  0.026  0.039  0.018  0.014  0.030  0.024  0.018  0.024  0.014  0.717  0.023      100
 11:     0.073  0.029  0.061  0.511  0.023  0.033  0.024  0.025  0.060  0.034  0.027  0.056  0.044      100
 12:     0.023  0.050  0.041  0.035  0.034  0.024  0.092  0.065  0.436  0.052  0.031  0.050  0.067       75
 13:     0.019  0.038  0.037  0.046  0.031  0.011  0.070  0.058  0.468  0.078  0.037  0.045  0.061       77
 14:     0.024  0.077  0.038  0.039  0.037  0.033  0.069  0.051  0.421  0.045  0.026  0.063  0.075       82
 15:     0.026  0.068  0.025  0.029  0.028  0.017  0.068  0.023  0.539  0.055  0.028  0.042  0.051       75
 16:     0.036  0.105  0.041  0.137  0.037  0.026  0.033  0.133  0.054  0.094  0.098  0.107  0.098       56
 17:     0.019  0.076  0.024  0.029  0.030  0.015  0.060  0.032  0.540  0.063  0.024  0.040  0.047       70
 18:     0.012  0.042  0.025  0.037  0.026  0.019  0.024  0.705  0.026  0.028  0.018  0.019  0.018       82
 19:     0.479  0.039  0.179  0.061  0.024  0.019  0.033  0.018  0.024  0.020  0.019  0.058  0.026       75
 20:     0.093  0.028  0.103  0.027  0.018  0.016  0.026  0.018  0.032  0.035  0.018  0.555  0.031       57
 21:     0.765  0.014  0.037  0.015  0.014  0.016  0.017  0.018  0.017  0.016  0.036  0.016  0.018      111
 22:     0.078  0.048  0.379  0.064  0.045  0.063  0.060  0.030  0.055  0.035  0.027  0.047  0.069       88
 23:     0.031  0.086  0.042  0.130  0.043  0.030  0.150  0.101  0.066  0.072  0.031  0.142  0.076       69
 24:     0.012  0.042  0.018  0.013  0.015  0.011  0.593  0.035  0.147  0.045  0.022  0.017  0.029       75
 25:     0.367  0.040  0.158  0.041  0.027  0.014  0.034  0.034  0.033  0.042  0.040  0.113  0.056      100
 26:     0.021  0.026  0.017  0.020  0.035  0.013  0.079  0.518  0.061  0.025  0.043  0.103  0.041       76
 27:     0.104  0.055  0.361  0.067  0.034  0.017  0.037  0.036  0.033  0.054  0.047  0.115  0.039       84
 28:     0.095  0.023  0.608  0.024  0.037  0.012  0.027  0.016  0.024  0.027  0.018  0.044  0.044       74
 29:     0.044  0.016  0.076  0.016  0.014  0.019  0.010  0.012  0.011  0.036  0.719  0.012  0.016       51
 30:     0.033  0.018  0.772  0.018  0.012  0.019  0.018  0.022  0.021  0.015  0.013  0.018  0.020       75
 31:     0.009  0.015  0.014  0.014  0.011  0.857  0.011  0.010  0.014  0.011  0.011  0.011  0.011       71
 32:     0.025  0.081  0.027  0.031  0.045  0.029  0.051  0.073  0.405  0.059  0.033  0.050  0.090       66
 33:     0.019  0.081  0.028  0.039  0.514  0.015  0.042  0.045  0.043  0.034  0.043  0.045  0.051       81
 34:     0.023  0.417  0.039  0.151  0.044  0.020  0.049  0.042  0.042  0.029  0.023  0.067  0.054       50
 35:     0.017  0.056  0.017  0.021  0.018  0.016  0.072  0.047  0.092  0.499  0.051  0.047  0.047       50
 36:     0.013  0.019  0.021  0.022  0.016  0.015  0.701  0.021  0.029  0.037  0.020  0.032  0.053      100
 37:     0.025  0.082  0.021  0.031  0.600  0.017  0.024  0.023  0.029  0.028  0.030  0.034  0.057       94
 38:     0.023  0.048  0.015  0.049  0.057  0.024  0.095  0.062  0.054  0.046  0.454  0.032  0.040      100
 39:     0.025  0.338  0.041  0.158  0.058  0.016  0.064  0.040  0.070  0.047  0.024  0.068  0.050       50
 40:     0.033  0.072  0.041  0.048  0.042  0.024  0.071  0.062  0.086  0.243  0.048  0.081  0.150       98
 41:     0.031  0.040  0.013  0.010  0.013  0.031  0.024  0.017  0.021  0.051  0.013  0.024  0.713       50
 42:     0.015  0.023  0.018  0.023  0.797  0.010  0.010  0.015  0.017  0.015  0.014  0.025  0.018       99
 43:     0.032  0.046  0.031  0.044  0.044  0.022  0.092  0.066  0.101  0.220  0.047  0.064  0.192       99
 44:     0.019  0.474  0.035  0.053  0.040  0.018  0.047  0.034  0.046  0.053  0.042  0.071  0.066      100
 45:     0.018  0.153  0.024  0.205  0.066  0.018  0.070  0.036  0.080  0.080  0.043  0.130  0.076       48
 46:     0.022  0.038  0.045  0.032  0.590  0.008  0.033  0.035  0.049  0.031  0.035  0.044  0.037       28
 47:     0.026  0.289  0.065  0.107  0.054  0.037  0.130  0.032  0.055  0.031  0.036  0.087  0.051       50
 48:     0.013  0.110  0.034  0.465  0.072  0.018  0.050  0.061  0.036  0.021  0.028  0.063  0.027      100
 49:     0.014  0.479  0.025  0.052  0.043  0.024  0.037  0.045  0.065  0.029  0.028  0.062  0.096       50
 50:     0.034  0.038  0.015  0.023  0.558  0.017  0.051  0.031  0.062  0.076  0.037  0.028  0.028       41
 51:     0.024  0.483  0.034  0.032  0.035  0.022  0.044  0.057  0.050  0.043  0.022  0.059  0.095       50
 52:     0.019  0.016  0.013  0.018  0.016  0.013  0.016  0.019  0.015  0.786  0.025  0.018  0.028      100
 53:     0.023  0.020  0.026  0.018  0.021  0.016  0.048  0.034  0.040  0.041  0.017  0.025  0.672       98
 54:     0.028  0.119  0.046  0.097  0.106  0.021  0.181  0.065  0.054  0.062  0.075  0.037  0.108      100
 55:     0.011  0.009  0.010  0.011  0.009  0.880  0.010  0.009  0.009  0.012  0.008  0.009  0.010       95
 56:     0.037  0.024  0.030  0.038  0.020  0.009  0.031  0.038  0.054  0.557  0.063  0.048  0.050       50
 57:     0.083  0.161  0.066  0.166  0.067  0.020  0.056  0.055  0.056  0.053  0.061  0.087  0.068       70
 58:     0.023  0.083  0.023  0.036  0.516  0.017  0.070  0.039  0.045  0.027  0.034  0.036  0.050      100
 59:     0.031  0.414  0.039  0.044  0.038  0.014  0.061  0.052  0.042  0.074  0.035  0.089  0.068       50
 60:     0.016  0.021  0.013  0.020  0.014  0.007  0.014  0.014  0.018  0.054  0.773  0.017  0.020       50
 61:     0.022  0.191  0.041  0.072  0.048  0.024  0.073  0.033  0.095  0.111  0.049  0.094  0.147      100
 62:     0.013  0.032  0.024  0.019  0.654  0.023  0.061  0.021  0.036  0.032  0.028  0.023  0.033       41
 63:     0.018  0.071  0.029  0.046  0.521  0.016  0.056  0.040  0.035  0.043  0.042  0.044  0.041      100
 64:     0.019  0.115  0.023  0.058  0.040  0.018  0.077  0.027  0.041  0.080  0.364  0.061  0.077       50
 65:     0.033  0.045  0.032  0.037  0.492  0.025  0.051  0.039  0.075  0.050  0.030  0.031  0.059      100
 66:     0.019  0.444  0.018  0.119  0.049  0.033  0.036  0.045  0.043  0.043  0.043  0.041  0.067       49
 67:     0.031  0.309  0.032  0.089  0.065  0.034  0.045  0.067  0.063  0.051  0.039  0.063  0.112      100
 68:     0.027  0.134  0.042  0.059  0.134  0.013  0.051  0.029  0.046  0.146  0.053  0.059  0.208       50
 69:     0.019  0.119  0.023  0.044  0.042  0.013  0.054  0.042  0.064  0.099  0.339  0.068  0.074      100
--------------------------------------------

Allele-freq. divergence among pops (Net nucleotide distance),
computed using point estimates of P.

      1       2       3       4       5       6       7       8       9      10      11      12      13      
 1      -    0.0443  0.0242  0.0428  0.0624  0.0738  0.0463  0.0492  0.0424  0.0476  0.0537  0.0329  0.0388  
 2   0.0443     -    0.0253  0.0126  0.0229  0.0652  0.0222  0.0227  0.0180  0.0214  0.0240  0.0143  0.0132  
 3   0.0242  0.0253     -    0.0253  0.0456  0.0636  0.0382  0.0392  0.0305  0.0345  0.0387  0.0226  0.0272  
 4   0.0428  0.0126  0.0253     -    0.0300  0.0653  0.0262  0.0280  0.0241  0.0256  0.0263  0.0183  0.0194  
 5   0.0624  0.0229  0.0456  0.0300     -    0.0802  0.0310  0.0373  0.0316  0.0390  0.0330  0.0299  0.0308  
 6   0.0738  0.0652  0.0636  0.0653  0.0802     -    0.0598  0.0692  0.0618  0.0668  0.0710  0.0650  0.0575  
 7   0.0463  0.0222  0.0382  0.0262  0.0310  0.0598     -    0.0205  0.0188  0.0253  0.0262  0.0209  0.0185  
 8   0.0492  0.0227  0.0392  0.0280  0.0373  0.0692  0.0205     -    0.0176  0.0252  0.0307  0.0233  0.0218  
 9   0.0424  0.0180  0.0305  0.0241  0.0316  0.0618  0.0188  0.0176     -    0.0186  0.0220  0.0172  0.0143  
10   0.0476  0.0214  0.0345  0.0256  0.0390  0.0668  0.0253  0.0252  0.0186     -    0.0189  0.0198  0.0155  
11   0.0537  0.0240  0.0387  0.0263  0.0330  0.0710  0.0262  0.0307  0.0220  0.0189     -    0.0234  0.0195  
12   0.0329  0.0143  0.0226  0.0183  0.0299  0.0650  0.0209  0.0233  0.0172  0.0198  0.0234     -    0.0163  
13   0.0388  0.0132  0.0272  0.0194  0.0308  0.0575  0.0185  0.0218  0.0143  0.0155  0.0195  0.0163     -    

Average distances (expected heterozygosity) between individuals in same cluster:
cluster  1  : 0.8237 
cluster  2  : 0.8635 
cluster  3  : 0.8443 
cluster  4  : 0.8505 
cluster  5  : 0.8635 
cluster  6  : 0.7850 
cluster  7  : 0.8732 
cluster  8  : 0.8479 
cluster  9  : 0.8683 
cluster 10  : 0.8572 
cluster 11  : 0.8647 
cluster 12  : 0.8614 
cluster 13  : 0.8689 

--------------------------------------------
Estimated Ln Prob of Data   = -388638.1
Mean value of ln likelihood = -380940.2
Variance of ln likelihood   = 15395.8
Mean value of alpha         = 0.0494

Mean value of Fst_1         = 0.0532
Mean value of Fst_2         = 0.0141
Mean value of Fst_3         = 0.0292
Mean value of Fst_4         = 0.0268
Mean value of Fst_5         = 0.0265
Mean value of Fst_6         = 0.1388
Mean value of Fst_7         = 0.0207
Mean value of Fst_8         = 0.0290
Mean value of Fst_9         = 0.0185
Mean value of Fst_10         = 0.0283
Mean value of Fst_11         = 0.0236
Mean value of Fst_12         = 0.0275
Mean value of Fst_13         = 0.0223


Inferred ancestry of individuals:
        Label (%Miss) Pop:  Inferred clusters
  1    BBA_1    (0)    1 :  0.886 0.010 0.012 0.008 0.012 0.004 0.008 0.009 0.009 0.014 0.013 0.012 0.005 
  2    BBA_2    (0)    1 :  0.916 0.011 0.007 0.007 0.008 0.003 0.009 0.004 0.007 0.005 0.004 0.006 0.011 
  3    BBA_3    (0)    1 :  0.888 0.009 0.010 0.014 0.007 0.007 0.012 0.017 0.008 0.005 0.013 0.004 0.006 
  4    BBA_4    (0)    1 :  0.852 0.019 0.008 0.011 0.009 0.011 0.013 0.009 0.007 0.020 0.007 0.025 0.009 
  5    BBA_5    (0)    1 :  0.931 0.006 0.008 0.005 0.004 0.004 0.006 0.007 0.006 0.005 0.004 0.007 0.006 
  6    BBA_6    (0)    1 :  0.845 0.015 0.011 0.041 0.009 0.004 0.011 0.013 0.013 0.008 0.008 0.013 0.007 
  7    BBA_7    (0)    1 :  0.921 0.008 0.007 0.008 0.005 0.010 0.011 0.006 0.006 0.005 0.004 0.004 0.006 
  8    BBA_8    (0)    1 :  0.630 0.024 0.095 0.010 0.006 0.019 0.032 0.068 0.038 0.025 0.012 0.016 0.026 
  9    BBA_9    (0)    1 :  0.942 0.005 0.007 0.006 0.006 0.004 0.005 0.006 0.004 0.004 0.005 0.005 0.003 
 10   BBA_10    (0)    1 :  0.833 0.010 0.019 0.007 0.015 0.005 0.008 0.052 0.010 0.007 0.010 0.016 0.007 
 11   BBA_11    (0)    1 :  0.657 0.012 0.121 0.018 0.034 0.005 0.011 0.010 0.010 0.023 0.050 0.039 0.011 
 12   BBA_12    (0)    1 :  0.876 0.009 0.039 0.019 0.005 0.004 0.006 0.008 0.006 0.007 0.005 0.010 0.007 
 13   BBA_13    (0)    1 :  0.197 0.047 0.099 0.404 0.015 0.006 0.017 0.091 0.013 0.009 0.007 0.020 0.075 
 14   BBA_14    (0)    1 :  0.863 0.010 0.010 0.008 0.009 0.014 0.007 0.014 0.020 0.014 0.012 0.007 0.011 
 15   BBA_15    (0)    1 :  0.670 0.049 0.019 0.055 0.023 0.004 0.015 0.036 0.082 0.010 0.016 0.011 0.010 
 16   BBA_16    (0)    1 :  0.838 0.008 0.032 0.012 0.018 0.040 0.006 0.012 0.005 0.005 0.006 0.011 0.007 
 17   BBA_17    (0)    1 :  0.674 0.011 0.009 0.052 0.024 0.169 0.009 0.011 0.007 0.012 0.009 0.006 0.006 
 18   BBA_18    (0)    1 :  0.933 0.007 0.009 0.006 0.006 0.003 0.005 0.005 0.005 0.004 0.007 0.005 0.005 
 19   BBA_19    (0)    1 :  0.926 0.006 0.008 0.007 0.004 0.006 0.007 0.008 0.007 0.005 0.006 0.005 0.006 
 20   BBA_20    (0)    1 :  0.900 0.009 0.011 0.014 0.005 0.004 0.013 0.007 0.007 0.006 0.005 0.010 0.009 
 21   BBA_21    (0)    1 :  0.746 0.017 0.014 0.011 0.010 0.020 0.060 0.041 0.015 0.009 0.012 0.036 0.010 
 22   BBA_22    (0)    1 :  0.100 0.021 0.502 0.066 0.042 0.050 0.023 0.029 0.023 0.011 0.010 0.114 0.009 
 23   BBA_23    (0)    1 :  0.898 0.006 0.025 0.008 0.008 0.009 0.005 0.006 0.011 0.007 0.004 0.006 0.006 
 24   BBA_24    (0)    1 :  0.763 0.014 0.021 0.008 0.031 0.011 0.019 0.021 0.012 0.046 0.008 0.022 0.024 
 25   BBA_25    (0)    1 :  0.869 0.006 0.065 0.014 0.005 0.006 0.006 0.005 0.006 0.003 0.005 0.005 0.006 
 26   BBA_26    (0)    1 :  0.031 0.051 0.034 0.013 0.022 0.013 0.013 0.027 0.066 0.010 0.047 0.649 0.024 
 27   BBA_27    (0)    1 :  0.913 0.010 0.005 0.005 0.007 0.004 0.006 0.013 0.008 0.008 0.006 0.008 0.006 
 28   BBA_28    (0)    1 :  0.922 0.008 0.008 0.006 0.006 0.005 0.009 0.006 0.008 0.007 0.004 0.005 0.007 
 29   BBA_29    (0)    1 :  0.806 0.010 0.032 0.018 0.010 0.024 0.018 0.024 0.013 0.015 0.013 0.009 0.008 
 30   BBA_30    (0)    1 :  0.911 0.007 0.008 0.008 0.012 0.006 0.007 0.006 0.011 0.006 0.004 0.006 0.007 
 31   BBA_31    (0)    1 :  0.867 0.012 0.012 0.011 0.009 0.004 0.007 0.014 0.014 0.010 0.008 0.012 0.018 
 32   BBA_32    (0)    1 :  0.719 0.031 0.028 0.009 0.009 0.008 0.018 0.012 0.018 0.049 0.015 0.018 0.068 
 33   BBA_33    (0)    1 :  0.543 0.016 0.076 0.065 0.020 0.023 0.021 0.070 0.022 0.078 0.035 0.011 0.020 
 34   BBA_34    (0)    1 :  0.308 0.017 0.215 0.012 0.113 0.030 0.090 0.036 0.038 0.012 0.030 0.065 0.035 
 35   BBA_35    (0)    1 :  0.664 0.030 0.082 0.022 0.015 0.007 0.043 0.013 0.044 0.012 0.026 0.013 0.028 
 36   BBA_36    (0)    1 :  0.881 0.010 0.007 0.006 0.007 0.006 0.020 0.023 0.009 0.009 0.008 0.006 0.007 
 37   BBA_37    (0)    1 :  0.711 0.032 0.025 0.020 0.031 0.008 0.007 0.081 0.037 0.011 0.007 0.022 0.008 
 38   BBA_38    (0)    1 :  0.344 0.014 0.008 0.009 0.017 0.051 0.028 0.017 0.020 0.035 0.023 0.414 0.021 
 39   BBA_39    (0)    1 :  0.902 0.010 0.010 0.014 0.010 0.004 0.010 0.006 0.007 0.006 0.007 0.010 0.006 
 40   BBA_40    (0)    1 :  0.383 0.013 0.336 0.007 0.013 0.047 0.017 0.015 0.026 0.025 0.007 0.094 0.017 
 41   BBA_41    (0)    1 :  0.622 0.038 0.069 0.015 0.015 0.008 0.021 0.061 0.032 0.015 0.010 0.084 0.012 
 42   BBA_42    (0)    1 :  0.596 0.012 0.046 0.064 0.028 0.005 0.044 0.038 0.051 0.069 0.024 0.013 0.011 
 43   BBA_43    (0)    1 :  0.933 0.006 0.006 0.008 0.007 0.003 0.006 0.005 0.006 0.005 0.004 0.006 0.006 
 44   BBA_44    (0)    1 :  0.863 0.012 0.033 0.008 0.009 0.006 0.008 0.012 0.014 0.009 0.008 0.009 0.008 
 45   BBA_45    (0)    1 :  0.934 0.005 0.009 0.005 0.004 0.006 0.004 0.006 0.008 0.005 0.003 0.005 0.005 
 46   BBA_46    (0)    1 :  0.950 0.005 0.005 0.004 0.004 0.003 0.004 0.005 0.005 0.004 0.003 0.004 0.004 
 47   BBA_47    (0)    1 :  0.737 0.029 0.017 0.014 0.024 0.030 0.008 0.015 0.010 0.021 0.007 0.073 0.016 
 48   BBA_48    (0)    1 :  0.761 0.018 0.009 0.007 0.030 0.009 0.014 0.014 0.097 0.011 0.009 0.011 0.010 
 49   BBA_49    (0)    1 :  0.433 0.031 0.110 0.073 0.011 0.010 0.111 0.050 0.015 0.027 0.018 0.021 0.091 
 50   BBA_50    (0)    1 :  0.747 0.028 0.047 0.030 0.009 0.018 0.031 0.009 0.033 0.006 0.009 0.009 0.025 
 51   BBA_51    (0)    1 :  0.212 0.015 0.389 0.108 0.010 0.009 0.159 0.008 0.012 0.010 0.008 0.042 0.017 
 52   BBA_52    (0)    1 :  0.363 0.041 0.413 0.008 0.017 0.005 0.013 0.055 0.038 0.012 0.008 0.011 0.017 
 53   BBA_53    (0)    1 :  0.848 0.017 0.010 0.019 0.007 0.009 0.015 0.014 0.010 0.013 0.007 0.020 0.012 
 54   BBA_54    (0)    1 :  0.491 0.049 0.252 0.039 0.020 0.013 0.009 0.020 0.024 0.009 0.026 0.011 0.038 
 55   BBA_55    (0)    1 :  0.366 0.029 0.010 0.040 0.053 0.020 0.058 0.032 0.153 0.023 0.121 0.024 0.071 
 56   BBA_56    (0)    1 :  0.590 0.034 0.174 0.036 0.010 0.005 0.011 0.036 0.017 0.009 0.022 0.046 0.011 
 57   BBA_57    (0)    1 :  0.858 0.012 0.018 0.009 0.008 0.007 0.009 0.011 0.010 0.019 0.017 0.011 0.011 
 58   BBA_58    (0)    1 :  0.736 0.030 0.059 0.013 0.028 0.009 0.018 0.014 0.018 0.007 0.032 0.018 0.018 
 59   BBA_59    (0)    1 :  0.850 0.011 0.016 0.008 0.012 0.004 0.008 0.032 0.012 0.020 0.007 0.007 0.012 
 60   BBA_60    (0)    1 :  0.594 0.019 0.080 0.031 0.026 0.072 0.017 0.048 0.056 0.010 0.007 0.028 0.010 
 61   BBA_61    (0)    1 :  0.926 0.013 0.006 0.009 0.006 0.003 0.005 0.008 0.005 0.004 0.004 0.007 0.005 
 62   BBA_62    (0)    1 :  0.851 0.013 0.032 0.009 0.007 0.010 0.014 0.022 0.010 0.007 0.008 0.010 0.006 
 63   BBA_63    (0)    1 :  0.847 0.019 0.011 0.010 0.026 0.003 0.018 0.020 0.012 0.005 0.016 0.007 0.005 
 64   BBA_64    (0)    1 :  0.931 0.005 0.006 0.006 0.005 0.007 0.008 0.005 0.007 0.006 0.004 0.004 0.006 
 65   BBA_65    (0)    1 :  0.740 0.016 0.011 0.031 0.026 0.015 0.032 0.033 0.018 0.030 0.020 0.008 0.021 
 66   BBA_66    (0)    1 :  0.368 0.073 0.022 0.009 0.161 0.011 0.212 0.009 0.023 0.065 0.007 0.026 0.014 
 67   BBA_67    (0)    1 :  0.888 0.008 0.008 0.015 0.011 0.006 0.012 0.007 0.009 0.008 0.010 0.008 0.011 
 68   BBA_68    (0)    1 :  0.208 0.036 0.423 0.119 0.019 0.038 0.078 0.007 0.008 0.008 0.010 0.011 0.035 
 69    BDN_1    (0)    2 :  0.005 0.022 0.010 0.028 0.023 0.012 0.017 0.099 0.024 0.557 0.019 0.013 0.170 
 70    BDN_2    (0)    2 :  0.026 0.170 0.014 0.028 0.012 0.008 0.066 0.063 0.174 0.133 0.045 0.106 0.156 
 71    BDN_3    (0)    2 :  0.023 0.161 0.020 0.019 0.040 0.338 0.018 0.057 0.039 0.018 0.025 0.035 0.208 
 72    BDN_4   (13)    2 :  0.016 0.036 0.012 0.140 0.439 0.007 0.018 0.050 0.022 0.045 0.025 0.034 0.156 
 73    BDN_5   (13)    2 :  0.017 0.275 0.016 0.016 0.072 0.017 0.019 0.067 0.023 0.029 0.095 0.327 0.027 
 74    BDN_6    (6)    2 :  0.010 0.174 0.010 0.112 0.024 0.093 0.051 0.024 0.186 0.049 0.009 0.143 0.117 
 75    BDN_7    (0)    2 :  0.007 0.052 0.029 0.390 0.012 0.015 0.073 0.027 0.318 0.018 0.034 0.016 0.008 
 76    BDN_8    (6)    2 :  0.008 0.028 0.010 0.007 0.027 0.018 0.026 0.117 0.351 0.073 0.021 0.165 0.149 
 77    BDN_9    (0)    2 :  0.022 0.027 0.503 0.027 0.034 0.005 0.011 0.018 0.013 0.031 0.025 0.011 0.273 
 78   BDN_10    (0)    2 :  0.053 0.057 0.310 0.162 0.023 0.004 0.027 0.021 0.018 0.018 0.068 0.010 0.226 
 79   BDN_11    (0)    2 :  0.006 0.091 0.015 0.253 0.088 0.015 0.118 0.229 0.070 0.014 0.038 0.048 0.018 
 80   BDN_12    (0)    2 :  0.010 0.077 0.007 0.246 0.011 0.005 0.053 0.054 0.069 0.351 0.023 0.027 0.068 
 81   BDN_13   (13)    2 :  0.019 0.047 0.018 0.111 0.102 0.034 0.011 0.031 0.018 0.231 0.113 0.098 0.168 
 82   BDN_14    (0)    2 :  0.035 0.052 0.019 0.028 0.052 0.007 0.046 0.028 0.058 0.504 0.011 0.101 0.057 
 83   BDN_15    (6)    2 :  0.014 0.099 0.018 0.053 0.009 0.049 0.031 0.360 0.055 0.182 0.010 0.057 0.063 
 84   BDN_16    (6)    2 :  0.054 0.033 0.075 0.330 0.097 0.010 0.226 0.043 0.045 0.013 0.015 0.040 0.020 
 85   BDN_17   (13)    2 :  0.006 0.023 0.024 0.385 0.013 0.310 0.009 0.021 0.010 0.088 0.076 0.014 0.021 
 86   BDN_18    (0)    2 :  0.016 0.108 0.032 0.032 0.069 0.004 0.040 0.220 0.064 0.136 0.027 0.149 0.104 
 87   BDN_19    (0)    2 :  0.041 0.024 0.029 0.276 0.012 0.007 0.028 0.050 0.011 0.020 0.310 0.069 0.123 
 88   BDN_20   (13)    2 :  0.042 0.197 0.060 0.041 0.063 0.167 0.046 0.170 0.048 0.084 0.031 0.035 0.015 
 89   BDN_21   (13)    2 :  0.031 0.072 0.048 0.579 0.016 0.019 0.029 0.026 0.013 0.019 0.104 0.031 0.012 
 90   BDN_22    (6)    2 :  0.079 0.051 0.545 0.044 0.007 0.028 0.039 0.040 0.021 0.018 0.015 0.021 0.092 
 91   BDN_23    (0)    2 :  0.035 0.032 0.055 0.056 0.030 0.007 0.108 0.495 0.015 0.023 0.031 0.098 0.016 
 92   BDN_24    (0)    2 :  0.027 0.027 0.012 0.130 0.012 0.014 0.021 0.169 0.094 0.151 0.160 0.036 0.146 
 93   BDN_25   (13)    2 :  0.037 0.023 0.015 0.082 0.015 0.010 0.052 0.286 0.123 0.129 0.167 0.039 0.023 
 94   BDN_26    (0)    2 :  0.017 0.012 0.041 0.077 0.006 0.140 0.050 0.535 0.010 0.061 0.014 0.010 0.027 
 95   BDN_27    (0)    2 :  0.030 0.063 0.007 0.058 0.020 0.004 0.015 0.123 0.023 0.066 0.126 0.022 0.442 
 96   BDN_28   (13)    2 :  0.016 0.126 0.018 0.175 0.139 0.009 0.085 0.035 0.095 0.057 0.109 0.044 0.093 
 97   BDN_29    (0)    2 :  0.008 0.133 0.159 0.015 0.013 0.036 0.058 0.483 0.014 0.012 0.011 0.015 0.043 
 98   BDN_30    (0)    2 :  0.018 0.031 0.044 0.440 0.015 0.067 0.026 0.012 0.010 0.195 0.028 0.089 0.025 
 99   BDN_31    (0)    2 :  0.040 0.013 0.028 0.748 0.034 0.004 0.012 0.022 0.022 0.010 0.021 0.021 0.024 
100   BDN_32    (0)    2 :  0.014 0.279 0.219 0.012 0.010 0.007 0.023 0.024 0.079 0.012 0.012 0.012 0.297 
101   BDN_33    (0)    2 :  0.009 0.026 0.008 0.665 0.006 0.016 0.010 0.021 0.025 0.038 0.060 0.021 0.095 
102   BDN_34    (0)    2 :  0.010 0.020 0.006 0.237 0.450 0.004 0.021 0.027 0.025 0.142 0.015 0.033 0.012 
103   BDN_35    (0)    2 :  0.041 0.021 0.009 0.013 0.011 0.004 0.014 0.026 0.016 0.052 0.517 0.029 0.248 
104   BDN_36    (0)    2 :  0.042 0.159 0.015 0.096 0.014 0.014 0.137 0.162 0.049 0.015 0.034 0.063 0.200 
105   BDN_37    (0)    2 :  0.014 0.023 0.030 0.291 0.017 0.016 0.023 0.052 0.021 0.024 0.213 0.210 0.066 
106   BDN_38    (0)    2 :  0.016 0.012 0.039 0.029 0.016 0.278 0.024 0.054 0.101 0.027 0.217 0.161 0.028 
107   BDN_39    (0)    2 :  0.052 0.068 0.012 0.017 0.036 0.003 0.020 0.025 0.078 0.031 0.589 0.040 0.029 
108   BDN_40    (0)    2 :  0.006 0.024 0.007 0.019 0.010 0.011 0.133 0.056 0.038 0.274 0.404 0.011 0.007 
109   BDN_41    (0)    2 :  0.014 0.285 0.018 0.038 0.069 0.019 0.034 0.067 0.048 0.040 0.028 0.041 0.299 
110   BDN_42   (13)    2 :  0.015 0.093 0.018 0.321 0.068 0.005 0.023 0.210 0.037 0.049 0.019 0.120 0.022 
111   BDN_43    (6)    2 :  0.012 0.077 0.016 0.016 0.398 0.007 0.027 0.088 0.156 0.035 0.077 0.033 0.058 
112   BDN_44    (0)    2 :  0.032 0.104 0.152 0.032 0.014 0.014 0.050 0.146 0.211 0.157 0.020 0.050 0.018 
113   BDN_45    (0)    2 :  0.011 0.022 0.013 0.012 0.020 0.017 0.128 0.298 0.053 0.309 0.031 0.066 0.021 
114   BDN_46   (13)    2 :  0.026 0.034 0.034 0.030 0.039 0.008 0.014 0.008 0.075 0.437 0.017 0.197 0.081 
115   BDN_47    (0)    2 :  0.018 0.185 0.113 0.017 0.120 0.029 0.041 0.185 0.046 0.039 0.010 0.057 0.141 
116   BDN_48    (0)    2 :  0.015 0.089 0.020 0.016 0.056 0.005 0.044 0.040 0.196 0.013 0.029 0.451 0.027 
117   BDN_49    (0)    2 :  0.017 0.014 0.014 0.013 0.030 0.003 0.024 0.177 0.041 0.019 0.610 0.026 0.010 
118   BDN_50    (0)    2 :  0.025 0.026 0.016 0.062 0.040 0.005 0.010 0.406 0.053 0.163 0.030 0.041 0.122 
119   BDN_51    (0)    2 :  0.024 0.034 0.029 0.076 0.016 0.006 0.031 0.117 0.112 0.106 0.037 0.069 0.342 
120   BDN_52    (0)    2 :  0.011 0.135 0.010 0.227 0.022 0.011 0.012 0.107 0.064 0.266 0.087 0.029 0.018 
121   BDN_53    (0)    2 :  0.019 0.168 0.181 0.031 0.102 0.006 0.059 0.081 0.247 0.018 0.039 0.037 0.011 
122   BDN_54   (13)    2 :  0.602 0.031 0.031 0.149 0.016 0.018 0.016 0.021 0.013 0.016 0.008 0.059 0.019 
123   BDN_55    (6)    2 :  0.017 0.032 0.062 0.424 0.009 0.004 0.039 0.017 0.270 0.041 0.018 0.053 0.016 
124   BDN_56   (13)    2 :  0.013 0.028 0.015 0.014 0.044 0.003 0.029 0.463 0.041 0.028 0.231 0.019 0.072 
125   BDN_57    (6)    2 :  0.017 0.104 0.064 0.021 0.019 0.062 0.104 0.111 0.089 0.041 0.128 0.079 0.161 
126   BDN_58    (6)    2 :  0.026 0.036 0.019 0.321 0.009 0.018 0.037 0.024 0.052 0.038 0.023 0.012 0.386 
127   BDN_59    (6)    2 :  0.055 0.015 0.021 0.055 0.014 0.060 0.056 0.653 0.021 0.008 0.016 0.010 0.015 
128   BDN_60    (6)    2 :  0.015 0.042 0.007 0.532 0.033 0.031 0.008 0.051 0.017 0.015 0.025 0.017 0.208 
129   BDN_61    (0)    2 :  0.022 0.057 0.012 0.021 0.176 0.011 0.017 0.162 0.157 0.085 0.161 0.037 0.082 
130   BDN_62    (0)    2 :  0.032 0.017 0.013 0.148 0.036 0.004 0.040 0.428 0.137 0.028 0.008 0.013 0.095 
131   BDN_63    (6)    2 :  0.036 0.077 0.019 0.014 0.022 0.155 0.046 0.021 0.034 0.142 0.036 0.045 0.354 
132   BDN_64    (0)    2 :  0.023 0.062 0.036 0.022 0.035 0.006 0.012 0.102 0.014 0.008 0.180 0.478 0.022 
133   BDN_65    (0)    2 :  0.025 0.176 0.347 0.027 0.016 0.052 0.022 0.051 0.094 0.062 0.019 0.076 0.031 
134   BDN_66   (13)    2 :  0.044 0.028 0.017 0.020 0.028 0.005 0.072 0.037 0.013 0.012 0.613 0.088 0.021 
135   BDN_67    (0)    2 :  0.047 0.034 0.064 0.033 0.019 0.010 0.069 0.008 0.101 0.011 0.125 0.423 0.058 
136   BDN_68    (6)    2 :  0.011 0.038 0.020 0.020 0.018 0.081 0.047 0.018 0.467 0.060 0.027 0.154 0.039 
137   BDN_69    (0)    2 :  0.008 0.329 0.023 0.030 0.021 0.007 0.078 0.131 0.116 0.116 0.018 0.034 0.089 
138   BDN_70    (6)    2 :  0.014 0.048 0.025 0.682 0.013 0.012 0.030 0.015 0.043 0.019 0.029 0.053 0.018 
139   BDN_71    (6)    2 :  0.108 0.026 0.008 0.023 0.024 0.008 0.017 0.182 0.018 0.029 0.248 0.024 0.286 
140   BDN_72    (0)    2 :  0.035 0.074 0.026 0.011 0.028 0.005 0.012 0.018 0.705 0.012 0.018 0.026 0.031 
141   BDN_73    (0)    2 :  0.031 0.075 0.010 0.010 0.154 0.007 0.039 0.017 0.565 0.039 0.014 0.019 0.020 
142   BDN_74    (0)    2 :  0.015 0.104 0.018 0.161 0.009 0.012 0.195 0.192 0.114 0.026 0.032 0.092 0.031 
143   BDN_75    (0)    2 :  0.009 0.015 0.019 0.020 0.018 0.026 0.007 0.028 0.016 0.044 0.041 0.009 0.748 
144   BDN_76    (0)    2 :  0.067 0.061 0.035 0.112 0.032 0.010 0.009 0.009 0.041 0.054 0.041 0.499 0.030 
145   BDNB_1    (0)    3 :  0.008 0.026 0.008 0.048 0.033 0.021 0.010 0.029 0.037 0.632 0.090 0.050 0.010 
146   BDNB_2    (0)    3 :  0.039 0.065 0.016 0.231 0.035 0.010 0.095 0.020 0.135 0.107 0.110 0.032 0.106 
147   BDNB_3    (0)    3 :  0.008 0.030 0.155 0.017 0.010 0.019 0.292 0.050 0.174 0.033 0.172 0.022 0.017 
148   BDNB_4    (0)    3 :  0.011 0.068 0.007 0.039 0.029 0.009 0.014 0.047 0.051 0.232 0.164 0.079 0.252 
149   BDNB_5    (0)    3 :  0.030 0.243 0.043 0.462 0.086 0.007 0.010 0.025 0.018 0.015 0.010 0.022 0.031 
150   BDNB_6    (0)    3 :  0.131 0.158 0.052 0.256 0.013 0.046 0.034 0.099 0.044 0.031 0.061 0.015 0.060 
151   BDNB_7    (0)    3 :  0.023 0.051 0.040 0.054 0.051 0.023 0.021 0.018 0.048 0.086 0.145 0.038 0.404 
152   BDNB_8    (0)    3 :  0.015 0.231 0.057 0.028 0.012 0.076 0.096 0.170 0.082 0.043 0.056 0.117 0.017 
153   BDNB_9    (0)    3 :  0.006 0.025 0.026 0.846 0.010 0.008 0.017 0.009 0.017 0.010 0.012 0.008 0.007 
154  BDNB_10    (0)    3 :  0.035 0.105 0.125 0.501 0.016 0.008 0.020 0.033 0.060 0.026 0.027 0.026 0.018 
155  BDNB_11    (0)    3 :  0.012 0.082 0.009 0.027 0.016 0.004 0.011 0.008 0.021 0.011 0.042 0.029 0.728 
156  BDNB_12    (0)    3 :  0.008 0.030 0.005 0.018 0.011 0.003 0.012 0.010 0.014 0.008 0.011 0.010 0.858 
157  BDNB_13    (0)    3 :  0.049 0.174 0.029 0.166 0.068 0.008 0.025 0.094 0.019 0.056 0.247 0.037 0.026 
158  BDNB_14    (0)    3 :  0.187 0.018 0.063 0.187 0.009 0.008 0.200 0.148 0.015 0.028 0.053 0.074 0.011 
159  BDNB_15    (0)    3 :  0.007 0.019 0.005 0.006 0.010 0.004 0.012 0.026 0.872 0.006 0.013 0.013 0.008 
160  BDNB_16    (0)    3 :  0.225 0.127 0.209 0.045 0.024 0.009 0.056 0.039 0.091 0.042 0.017 0.089 0.029 
161  BDNB_17    (6)    3 :  0.031 0.039 0.018 0.089 0.013 0.022 0.022 0.010 0.023 0.197 0.010 0.025 0.501 
162  BDNB_18    (0)    3 :  0.074 0.053 0.013 0.024 0.029 0.041 0.017 0.014 0.019 0.029 0.022 0.032 0.634 
163  BDNB_19    (0)    3 :  0.029 0.016 0.011 0.023 0.021 0.005 0.008 0.008 0.012 0.015 0.016 0.020 0.817 
164  BDNB_20    (0)    3 :  0.048 0.064 0.029 0.592 0.054 0.052 0.026 0.044 0.029 0.023 0.013 0.016 0.011 
165  BDNB_21    (0)    3 :  0.005 0.019 0.007 0.009 0.011 0.008 0.041 0.789 0.010 0.013 0.006 0.041 0.041 
166  BDNB_22    (0)    3 :  0.033 0.495 0.015 0.024 0.151 0.007 0.021 0.014 0.014 0.038 0.013 0.116 0.058 
167  BDNB_23    (0)    3 :  0.009 0.016 0.006 0.010 0.012 0.005 0.012 0.784 0.021 0.015 0.021 0.020 0.070 
168  BDNB_24    (0)    3 :  0.145 0.058 0.066 0.113 0.230 0.005 0.022 0.132 0.020 0.028 0.029 0.010 0.141 
169  BDNB_25    (0)    3 :  0.017 0.035 0.046 0.079 0.013 0.008 0.022 0.157 0.038 0.468 0.016 0.021 0.080 
170  BDNB_26    (0)    3 :  0.013 0.396 0.016 0.075 0.027 0.008 0.009 0.051 0.309 0.022 0.047 0.008 0.017 
171  BDNB_27    (0)    3 :  0.081 0.460 0.012 0.026 0.011 0.004 0.006 0.124 0.023 0.014 0.196 0.035 0.006 
172  BDNB_28    (0)    3 :  0.083 0.130 0.017 0.258 0.121 0.013 0.017 0.030 0.040 0.012 0.230 0.016 0.033 
173  BDNB_29    (0)    3 :  0.041 0.079 0.048 0.076 0.011 0.186 0.052 0.059 0.343 0.038 0.017 0.018 0.032 
174  BDNB_30    (0)    3 :  0.041 0.054 0.520 0.123 0.075 0.050 0.016 0.032 0.027 0.008 0.016 0.013 0.025 
175  BDNB_31    (0)    3 :  0.057 0.109 0.064 0.063 0.065 0.008 0.152 0.053 0.031 0.090 0.028 0.265 0.014 
176  BDNB_32    (0)    3 :  0.013 0.012 0.023 0.417 0.023 0.005 0.011 0.330 0.011 0.060 0.011 0.062 0.021 
177  BDNB_33    (0)    3 :  0.103 0.039 0.061 0.191 0.012 0.021 0.027 0.039 0.025 0.028 0.017 0.412 0.026 
178  BDNB_34    (0)    3 :  0.040 0.067 0.080 0.313 0.025 0.005 0.030 0.185 0.025 0.058 0.037 0.022 0.112 
179  BDNB_35    (0)    3 :  0.011 0.036 0.011 0.767 0.018 0.003 0.038 0.037 0.021 0.009 0.014 0.024 0.012 
180  BDNB_36    (0)    3 :  0.047 0.017 0.481 0.051 0.111 0.017 0.041 0.112 0.044 0.012 0.015 0.043 0.010 
181  BDNB_37    (0)    3 :  0.005 0.024 0.005 0.307 0.007 0.128 0.072 0.013 0.040 0.020 0.365 0.007 0.006 
182  BDNB_38    (0)    3 :  0.060 0.472 0.024 0.046 0.025 0.037 0.014 0.160 0.021 0.026 0.019 0.042 0.054 
183  BDNB_39    (0)    3 :  0.015 0.090 0.014 0.011 0.013 0.036 0.009 0.471 0.116 0.008 0.189 0.017 0.010 
184  BDNB_40    (0)    3 :  0.011 0.092 0.012 0.444 0.010 0.043 0.019 0.050 0.016 0.010 0.094 0.032 0.168 
185  BDNB_41    (0)    3 :  0.007 0.311 0.054 0.036 0.020 0.029 0.010 0.012 0.008 0.036 0.029 0.038 0.410 
186  BDNB_42    (0)    3 :  0.091 0.560 0.011 0.011 0.083 0.007 0.021 0.103 0.017 0.019 0.007 0.030 0.040 
187  BDNB_43    (0)    3 :  0.012 0.030 0.018 0.019 0.042 0.009 0.008 0.032 0.013 0.017 0.017 0.018 0.765 
188  BDNB_44    (0)    3 :  0.022 0.120 0.037 0.550 0.053 0.008 0.032 0.024 0.042 0.039 0.034 0.020 0.019 
189  BDNB_45    (0)    3 :  0.018 0.025 0.093 0.416 0.051 0.106 0.028 0.049 0.020 0.020 0.021 0.141 0.013 
190  BDNB_46    (0)    3 :  0.016 0.028 0.060 0.698 0.057 0.007 0.026 0.014 0.010 0.010 0.008 0.046 0.020 
191  BDNB_47    (0)    3 :  0.008 0.037 0.019 0.714 0.011 0.008 0.021 0.008 0.016 0.011 0.007 0.130 0.009 
192  BDNB_48    (0)    3 :  0.015 0.046 0.031 0.079 0.027 0.015 0.018 0.436 0.011 0.019 0.017 0.071 0.215 
193  BDNB_49    (0)    3 :  0.039 0.245 0.017 0.016 0.034 0.034 0.009 0.035 0.137 0.029 0.033 0.167 0.203 
194  BDNB_50    (0)    3 :  0.026 0.184 0.009 0.015 0.018 0.011 0.018 0.185 0.018 0.024 0.019 0.033 0.440 
195  BDNB_51    (0)    3 :  0.012 0.060 0.017 0.371 0.010 0.013 0.163 0.014 0.034 0.098 0.014 0.164 0.030 
196  BDNB_52    (0)    3 :  0.010 0.070 0.012 0.193 0.021 0.006 0.119 0.103 0.161 0.034 0.251 0.014 0.008 
197  BDNB_53    (0)    3 :  0.104 0.049 0.017 0.049 0.041 0.036 0.024 0.024 0.035 0.036 0.033 0.049 0.504 
198  BDNB_54    (0)    3 :  0.016 0.537 0.006 0.036 0.021 0.009 0.012 0.118 0.010 0.028 0.041 0.010 0.157 
199  BDNB_55    (0)    3 :  0.094 0.146 0.070 0.026 0.014 0.005 0.019 0.445 0.016 0.019 0.102 0.022 0.024 
200  BDNB_56    (6)    3 :  0.015 0.076 0.080 0.238 0.011 0.020 0.191 0.010 0.055 0.064 0.147 0.025 0.068 
201  BDNB_57    (0)    3 :  0.212 0.156 0.161 0.171 0.011 0.013 0.020 0.094 0.012 0.010 0.012 0.114 0.013 
202  BDNB_58    (0)    3 :  0.017 0.038 0.009 0.497 0.016 0.004 0.151 0.099 0.013 0.038 0.035 0.073 0.010 
203  BDNB_59    (0)    3 :  0.026 0.162 0.110 0.086 0.116 0.024 0.022 0.140 0.049 0.035 0.024 0.165 0.041 
204  BDNB_60    (0)    3 :  0.087 0.163 0.014 0.015 0.173 0.011 0.014 0.027 0.019 0.029 0.016 0.068 0.365 
205  BDNB_61    (0)    3 :  0.010 0.074 0.094 0.365 0.123 0.004 0.009 0.098 0.007 0.036 0.092 0.073 0.014 
206  BDNB_62    (0)    3 :  0.015 0.402 0.012 0.048 0.012 0.012 0.022 0.072 0.266 0.013 0.064 0.007 0.056 
207  BDNB_63    (0)    3 :  0.029 0.444 0.012 0.191 0.016 0.004 0.012 0.009 0.006 0.037 0.200 0.029 0.011 
208  BDNB_64    (6)    3 :  0.011 0.200 0.078 0.076 0.083 0.008 0.011 0.018 0.015 0.100 0.013 0.049 0.339 
209  BDNB_65    (0)    3 :  0.010 0.015 0.010 0.800 0.061 0.004 0.008 0.030 0.007 0.021 0.016 0.010 0.009 
210  BDNB_66    (0)    3 :  0.025 0.015 0.007 0.017 0.010 0.006 0.011 0.005 0.008 0.010 0.011 0.016 0.858 
211  BDNB_67    (0)    3 :  0.017 0.079 0.033 0.105 0.064 0.019 0.086 0.011 0.051 0.067 0.289 0.048 0.128 
212  BDNB_68    (0)    3 :  0.051 0.047 0.048 0.279 0.099 0.007 0.017 0.086 0.042 0.074 0.187 0.043 0.020 
213  BDNB_69    (0)    3 :  0.010 0.034 0.027 0.401 0.078 0.005 0.172 0.054 0.021 0.027 0.128 0.031 0.013 
214  BDNB_70    (0)    3 :  0.026 0.039 0.012 0.024 0.141 0.012 0.007 0.011 0.007 0.044 0.020 0.011 0.647 
215  BDNB_71    (0)    3 :  0.028 0.152 0.038 0.030 0.051 0.006 0.010 0.054 0.019 0.012 0.553 0.027 0.020 
216  BDNB_72    (0)    3 :  0.012 0.124 0.026 0.371 0.086 0.005 0.016 0.032 0.044 0.212 0.011 0.046 0.016 
217  BDNB_73    (0)    3 :  0.021 0.191 0.051 0.031 0.028 0.003 0.022 0.058 0.039 0.123 0.036 0.014 0.384 
218  BDNB_74    (0)    3 :  0.024 0.014 0.009 0.022 0.012 0.005 0.007 0.006 0.010 0.007 0.018 0.016 0.851 
219  BDNB_75    (0)    3 :  0.009 0.021 0.010 0.011 0.029 0.014 0.040 0.722 0.011 0.040 0.020 0.018 0.055 
220    BSB_1    (0)    4 :  0.063 0.013 0.243 0.104 0.016 0.016 0.135 0.079 0.210 0.042 0.010 0.024 0.046 
221    BSB_2    (0)    4 :  0.268 0.018 0.090 0.460 0.023 0.006 0.036 0.008 0.013 0.031 0.016 0.023 0.007 
222    BSB_3    (0)    4 :  0.009 0.192 0.038 0.035 0.482 0.009 0.087 0.021 0.011 0.006 0.040 0.041 0.030 
223    BSB_4    (0)    4 :  0.374 0.073 0.252 0.078 0.013 0.008 0.015 0.077 0.008 0.020 0.027 0.019 0.037 
224    BSB_5    (0)    4 :  0.527 0.023 0.180 0.035 0.050 0.009 0.015 0.024 0.013 0.011 0.020 0.064 0.027 
225    BSB_6    (0)    4 :  0.785 0.010 0.048 0.009 0.015 0.010 0.024 0.012 0.011 0.019 0.030 0.010 0.018 
226    BSB_7   (33)    4 :  0.025 0.138 0.287 0.102 0.019 0.140 0.079 0.033 0.046 0.057 0.024 0.020 0.030 
227    BSB_8    (0)    4 :  0.070 0.177 0.035 0.020 0.028 0.059 0.457 0.037 0.053 0.024 0.010 0.017 0.012 
228    BSB_9    (0)    4 :  0.039 0.258 0.063 0.021 0.358 0.007 0.013 0.021 0.028 0.011 0.010 0.149 0.023 
229   BSB_10    (0)    4 :  0.045 0.033 0.124 0.547 0.053 0.012 0.042 0.045 0.020 0.023 0.027 0.016 0.012 
230   BSB_11    (0)    4 :  0.017 0.021 0.377 0.029 0.063 0.145 0.110 0.041 0.016 0.009 0.065 0.078 0.029 
231   BSB_12    (0)    4 :  0.038 0.025 0.136 0.172 0.068 0.080 0.054 0.242 0.089 0.015 0.012 0.055 0.016 
232   BSB_13    (0)    4 :  0.011 0.053 0.582 0.145 0.013 0.019 0.034 0.010 0.015 0.022 0.067 0.009 0.020 
233   BSB_14    (0)    4 :  0.024 0.034 0.435 0.300 0.031 0.009 0.014 0.010 0.014 0.040 0.008 0.016 0.066 
234   BSB_15    (0)    4 :  0.076 0.014 0.129 0.049 0.005 0.050 0.014 0.190 0.060 0.014 0.007 0.066 0.326 
235   BSB_16    (6)    4 :  0.233 0.084 0.201 0.100 0.067 0.006 0.031 0.082 0.020 0.047 0.022 0.094 0.014 
236   BSB_17    (0)    4 :  0.137 0.011 0.058 0.659 0.007 0.008 0.017 0.010 0.008 0.013 0.046 0.016 0.011 
237   BSB_18    (0)    4 :  0.264 0.247 0.078 0.010 0.072 0.035 0.076 0.018 0.009 0.011 0.024 0.111 0.045 
238   BSB_19    (0)    4 :  0.012 0.012 0.690 0.013 0.009 0.010 0.012 0.199 0.006 0.007 0.012 0.009 0.007 
239   BSB_20    (0)    4 :  0.195 0.046 0.172 0.024 0.005 0.020 0.034 0.015 0.029 0.100 0.030 0.274 0.055 
240   BSB_21    (0)    4 :  0.037 0.015 0.275 0.385 0.010 0.005 0.008 0.006 0.065 0.015 0.150 0.016 0.012 
241   BSB_22    (0)    4 :  0.013 0.039 0.380 0.019 0.378 0.006 0.057 0.008 0.020 0.013 0.010 0.044 0.014 
242   BSB_23    (0)    4 :  0.276 0.052 0.288 0.089 0.079 0.014 0.008 0.038 0.010 0.056 0.028 0.039 0.024 
243   BSB_24    (0)    4 :  0.353 0.010 0.406 0.131 0.010 0.019 0.013 0.011 0.009 0.007 0.008 0.011 0.012 
244   BSB_25    (0)    4 :  0.082 0.021 0.583 0.047 0.060 0.011 0.009 0.029 0.015 0.010 0.015 0.102 0.016 
245   BSB_26    (0)    4 :  0.078 0.024 0.698 0.046 0.020 0.006 0.009 0.011 0.022 0.028 0.012 0.026 0.019 
246   BSB_27    (0)    4 :  0.064 0.026 0.405 0.028 0.010 0.005 0.016 0.139 0.019 0.036 0.018 0.108 0.125 
247   BSB_28    (0)    4 :  0.030 0.170 0.022 0.220 0.353 0.035 0.046 0.010 0.009 0.036 0.009 0.028 0.031 
248   BSB_29    (0)    4 :  0.038 0.009 0.848 0.009 0.007 0.028 0.005 0.005 0.007 0.008 0.006 0.020 0.010 
249   BSB_30    (0)    4 :  0.181 0.081 0.117 0.199 0.092 0.007 0.026 0.013 0.028 0.028 0.021 0.194 0.014 
250   BSB_31    (0)    4 :  0.022 0.100 0.014 0.011 0.022 0.026 0.120 0.119 0.028 0.023 0.246 0.018 0.251 
251   BSB_32    (0)    4 :  0.802 0.031 0.032 0.021 0.013 0.005 0.007 0.008 0.021 0.013 0.013 0.022 0.010 
252   BSB_33    (0)    4 :  0.072 0.399 0.159 0.029 0.020 0.017 0.082 0.030 0.053 0.009 0.027 0.068 0.035 
253   BSB_34    (0)    4 :  0.098 0.058 0.586 0.021 0.013 0.014 0.024 0.023 0.024 0.041 0.011 0.066 0.021 
254   BSB_35    (0)    4 :  0.886 0.011 0.013 0.011 0.011 0.004 0.007 0.013 0.005 0.009 0.005 0.019 0.005 
255   BSB_36    (0)    4 :  0.131 0.013 0.299 0.036 0.009 0.024 0.041 0.134 0.015 0.049 0.023 0.056 0.171 
256   BSB_37    (0)    4 :  0.011 0.008 0.795 0.044 0.008 0.007 0.016 0.006 0.013 0.043 0.024 0.016 0.008 
257   BSB_38   (60)    4 :  0.005 0.008 0.006 0.005 0.009 0.006 0.006 0.060 0.026 0.005 0.804 0.006 0.054 
258   BSB_39    (0)    4 :  0.016 0.473 0.051 0.032 0.016 0.079 0.019 0.147 0.087 0.016 0.029 0.010 0.025 
259   BSB_40    (0)    4 :  0.031 0.019 0.615 0.011 0.010 0.004 0.019 0.053 0.168 0.012 0.016 0.025 0.016 
260   BSB_41    (0)    4 :  0.034 0.045 0.227 0.321 0.048 0.068 0.064 0.035 0.016 0.063 0.041 0.023 0.015 
261   BSB_42    (0)    4 :  0.136 0.013 0.211 0.027 0.016 0.094 0.050 0.026 0.092 0.038 0.034 0.239 0.023 
262   BSB_43    (0)    4 :  0.041 0.009 0.382 0.022 0.006 0.007 0.008 0.012 0.013 0.007 0.023 0.008 0.463 
263   BSB_44    (0)    4 :  0.073 0.013 0.352 0.016 0.200 0.175 0.012 0.013 0.021 0.023 0.015 0.030 0.057 
264   BSB_45    (0)    4 :  0.047 0.122 0.100 0.394 0.020 0.006 0.060 0.089 0.035 0.019 0.036 0.049 0.023 
265   BSB_46    (0)    4 :  0.072 0.035 0.125 0.475 0.022 0.044 0.018 0.025 0.040 0.014 0.084 0.014 0.032 
266   BSB_47    (0)    4 :  0.508 0.036 0.100 0.046 0.009 0.046 0.019 0.026 0.020 0.077 0.031 0.053 0.030 
267   BSB_48    (0)    4 :  0.059 0.035 0.090 0.036 0.011 0.009 0.132 0.250 0.100 0.017 0.056 0.158 0.049 
268   BSB_49    (0)    4 :  0.088 0.024 0.080 0.015 0.010 0.016 0.047 0.045 0.465 0.013 0.063 0.118 0.016 
