

----------------------------------------------------
STRUCTURE by Pritchard, Stephens and Donnelly (2000)
     and Falush, Stephens and Pritchard (2003)
       Code by Pritchard, Falush and Hubisz
             Version 2.3.4 (Jul 2012)
----------------------------------------------------



Command line arguments:   structure -m /global/home/hpc3579/salmon/mainparamsnewfoundlandfiles/mainparamsnewfoundland15 -e /global/home/hpc3579/salmon/extraparams_newfoundlandfile -K 15 
Input File:    /global/home/hpc3579/salmon/NewfoundlandStruc.txt

Run parameters:
   5235 individuals
   15 loci
   15 populations assumed
   100000 Burn-in period
   1000000 Reps


--------------------------------------------
Proportion of membership of each pre-defined
 population in each of the 15 clusters

Given    Inferred Clusters                                                                                           Number of
 Pop       1      2      3      4      5      6      7      8      9     10     11     12     13     14     15      Individuals

  1:     0.017  0.012  0.021  0.011  0.036  0.014  0.024  0.753  0.015  0.014  0.016  0.014  0.016  0.022  0.016       68
  2:     0.080  0.063  0.089  0.055  0.034  0.040  0.035  0.036  0.061  0.091  0.075  0.034  0.215  0.039  0.054       76
  3:     0.076  0.043  0.078  0.055  0.029  0.038  0.057  0.053  0.046  0.054  0.048  0.020  0.284  0.033  0.087       75
  4:     0.043  0.032  0.063  0.081  0.060  0.053  0.100  0.226  0.047  0.043  0.031  0.033  0.056  0.053  0.080       78
  5:     0.025  0.050  0.039  0.031  0.023  0.024  0.033  0.025  0.040  0.060  0.499  0.019  0.042  0.057  0.034       80
  6:     0.602  0.018  0.021  0.017  0.023  0.040  0.017  0.024  0.026  0.037  0.038  0.017  0.047  0.033  0.038       77
  7:     0.702  0.022  0.020  0.011  0.017  0.016  0.015  0.017  0.019  0.025  0.037  0.015  0.029  0.024  0.029       99
  8:     0.037  0.052  0.069  0.020  0.025  0.022  0.036  0.049  0.043  0.174  0.259  0.028  0.041  0.085  0.062       78
  9:     0.046  0.028  0.012  0.015  0.021  0.015  0.015  0.017  0.015  0.027  0.025  0.016  0.704  0.021  0.024       74
 10:     0.022  0.024  0.702  0.013  0.019  0.017  0.018  0.031  0.026  0.023  0.016  0.014  0.020  0.030  0.026      100
 11:     0.024  0.031  0.300  0.026  0.029  0.027  0.063  0.170  0.043  0.061  0.050  0.039  0.052  0.025  0.057      100
 12:     0.054  0.042  0.049  0.021  0.019  0.032  0.035  0.027  0.056  0.058  0.394  0.024  0.054  0.087  0.047       75
 13:     0.052  0.064  0.047  0.030  0.024  0.027  0.031  0.025  0.055  0.058  0.430  0.011  0.054  0.060  0.031       77
 14:     0.040  0.040  0.041  0.026  0.027  0.031  0.041  0.030  0.067  0.066  0.384  0.031  0.051  0.059  0.066       82
 15:     0.022  0.047  0.034  0.021  0.017  0.026  0.036  0.032  0.041  0.044  0.502  0.017  0.041  0.061  0.059       75
 16:     0.107  0.060  0.120  0.133  0.028  0.030  0.043  0.037  0.058  0.064  0.040  0.025  0.162  0.026  0.068       56
 17:     0.034  0.057  0.035  0.026  0.014  0.029  0.017  0.020  0.045  0.042  0.496  0.015  0.059  0.056  0.055       70
 18:     0.689  0.023  0.016  0.014  0.014  0.022  0.016  0.014  0.016  0.029  0.023  0.021  0.040  0.021  0.042       82
 19:     0.016  0.017  0.037  0.025  0.069  0.020  0.050  0.598  0.021  0.018  0.022  0.016  0.031  0.030  0.030       75
 20:     0.025  0.045  0.257  0.017  0.040  0.027  0.026  0.308  0.054  0.029  0.058  0.017  0.027  0.035  0.037       57
 21:     0.015  0.013  0.015  0.035  0.774  0.012  0.014  0.028  0.015  0.013  0.014  0.013  0.014  0.014  0.012      111
 22:     0.024  0.022  0.042  0.012  0.042  0.028  0.516  0.071  0.035  0.030  0.033  0.039  0.031  0.042  0.032       88
 23:     0.070  0.050  0.073  0.048  0.058  0.040  0.023  0.028  0.038  0.045  0.053  0.030  0.263  0.093  0.088       69
 24:     0.028  0.032  0.019  0.011  0.017  0.015  0.011  0.009  0.030  0.058  0.136  0.010  0.019  0.576  0.029       75
 25:     0.029  0.035  0.058  0.023  0.062  0.024  0.045  0.503  0.041  0.035  0.033  0.013  0.034  0.030  0.035      100
 26:     0.484  0.020  0.108  0.015  0.019  0.032  0.033  0.013  0.033  0.062  0.052  0.012  0.046  0.051  0.022       76
 27:     0.036  0.051  0.059  0.053  0.037  0.038  0.028  0.458  0.036  0.035  0.029  0.018  0.025  0.036  0.061       84
 28:     0.019  0.028  0.039  0.012  0.079  0.040  0.125  0.460  0.053  0.025  0.026  0.013  0.025  0.030  0.027       74
 29:     0.008  0.036  0.008  0.143  0.019  0.009  0.700  0.022  0.008  0.008  0.007  0.007  0.010  0.007  0.008       51
 30:     0.022  0.017  0.018  0.024  0.682  0.016  0.039  0.041  0.023  0.014  0.022  0.023  0.022  0.015  0.021       75
 31:     0.010  0.011  0.012  0.008  0.010  0.010  0.010  0.012  0.010  0.012  0.014  0.846  0.012  0.010  0.013       71
 32:     0.067  0.050  0.037  0.030  0.016  0.039  0.027  0.036  0.079  0.054  0.378  0.029  0.048  0.042  0.067       66
 33:     0.040  0.026  0.035  0.035  0.022  0.462  0.060  0.020  0.040  0.050  0.034  0.015  0.067  0.035  0.059       81
 34:     0.044  0.027  0.068  0.031  0.037  0.041  0.027  0.028  0.045  0.047  0.039  0.020  0.045  0.045  0.455       50
 35:     0.052  0.418  0.039  0.031  0.019  0.017  0.021  0.019  0.036  0.078  0.088  0.015  0.050  0.068  0.050       50
 36:     0.020  0.031  0.030  0.015  0.011  0.015  0.026  0.016  0.052  0.032  0.026  0.015  0.026  0.667  0.018      100
 37:     0.024  0.027  0.029  0.032  0.016  0.565  0.027  0.026  0.048  0.028  0.028  0.017  0.036  0.023  0.075       94
 38:     0.019  0.023  0.017  0.023  0.011  0.024  0.017  0.017  0.015  0.728  0.018  0.013  0.022  0.024  0.027      100
 39:     0.046  0.044  0.078  0.051  0.026  0.058  0.026  0.033  0.049  0.046  0.064  0.017  0.044  0.057  0.360       50
 40:     0.051  0.178  0.054  0.040  0.037  0.037  0.032  0.034  0.149  0.101  0.079  0.022  0.073  0.050  0.063       98
 41:     0.017  0.036  0.015  0.012  0.012  0.012  0.013  0.027  0.712  0.021  0.018  0.029  0.019  0.021  0.036       50
 42:     0.014  0.016  0.024  0.018  0.010  0.780  0.014  0.021  0.017  0.013  0.016  0.010  0.017  0.009  0.021       99
 43:     0.058  0.144  0.055  0.035  0.033  0.039  0.025  0.029  0.123  0.182  0.084  0.019  0.073  0.061  0.040       99
 44:     0.035  0.051  0.052  0.047  0.023  0.038  0.030  0.024  0.064  0.041  0.044  0.019  0.054  0.044  0.434      100
 45:     0.032  0.066  0.131  0.046  0.013  0.068  0.036  0.036  0.063  0.136  0.074  0.017  0.064  0.056  0.161       48
 46:     0.031  0.026  0.043  0.026  0.018  0.542  0.028  0.037  0.032  0.070  0.041  0.007  0.031  0.028  0.039       28
 47:     0.033  0.025  0.089  0.063  0.046  0.047  0.029  0.031  0.050  0.079  0.049  0.037  0.068  0.097  0.258       50
 48:     0.062  0.025  0.052  0.363  0.020  0.077  0.025  0.023  0.025  0.034  0.031  0.020  0.058  0.048  0.137      100
 49:     0.039  0.029  0.054  0.038  0.014  0.040  0.026  0.023  0.088  0.034  0.057  0.022  0.062  0.036  0.438       50
 50:     0.034  0.057  0.026  0.020  0.026  0.494  0.033  0.018  0.024  0.092  0.053  0.016  0.040  0.039  0.030       41
 51:     0.051  0.041  0.051  0.027  0.024  0.035  0.029  0.027  0.089  0.054  0.049  0.021  0.055  0.040  0.407       50
 52:     0.019  0.764  0.017  0.015  0.014  0.014  0.012  0.014  0.026  0.033  0.014  0.012  0.017  0.015  0.014      100
 53:     0.034  0.034  0.020  0.012  0.026  0.019  0.020  0.018  0.656  0.038  0.035  0.015  0.019  0.037  0.017       98
 54:     0.056  0.046  0.044  0.060  0.031  0.093  0.064  0.024  0.069  0.131  0.041  0.021  0.073  0.140  0.106      100
 55:     0.009  0.010  0.010  0.007  0.009  0.009  0.016  0.010  0.009  0.012  0.009  0.863  0.009  0.009  0.009       95
 56:     0.030  0.497  0.058  0.047  0.024  0.020  0.023  0.031  0.049  0.043  0.057  0.010  0.057  0.032  0.021       50
 57:     0.052  0.044  0.083  0.078  0.042  0.056  0.033  0.115  0.051  0.043  0.046  0.019  0.087  0.045  0.207       70
 58:     0.032  0.024  0.032  0.025  0.019  0.481  0.052  0.021  0.040  0.039  0.041  0.017  0.043  0.059  0.077      100
 59:     0.040  0.072  0.068  0.030  0.029  0.036  0.034  0.028  0.062  0.040  0.040  0.013  0.104  0.058  0.345       50
 60:     0.014  0.050  0.020  0.726  0.009  0.012  0.013  0.016  0.019  0.023  0.020  0.006  0.041  0.015  0.016       50
 61:     0.024  0.069  0.087  0.035  0.031  0.041  0.029  0.029  0.089  0.159  0.070  0.022  0.113  0.056  0.148      100
 62:     0.019  0.024  0.018  0.014  0.014  0.602  0.025  0.016  0.026  0.086  0.025  0.021  0.032  0.051  0.027       41
 63:     0.032  0.035  0.040  0.042  0.016  0.479  0.046  0.021  0.035  0.051  0.031  0.014  0.052  0.050  0.057      100
 64:     0.018  0.061  0.058  0.361  0.021  0.029  0.024  0.021  0.052  0.118  0.039  0.017  0.067  0.061  0.052       50
 65:     0.029  0.041  0.030  0.026  0.037  0.443  0.049  0.023  0.046  0.046  0.065  0.023  0.062  0.044  0.037      100
 66:     0.040  0.035  0.039  0.049  0.012  0.047  0.052  0.024  0.053  0.053  0.037  0.035  0.045  0.034  0.447       49
 67:     0.063  0.040  0.063  0.048  0.025  0.059  0.032  0.031  0.087  0.048  0.059  0.035  0.133  0.040  0.238      100
 68:     0.029  0.109  0.067  0.050  0.023  0.101  0.047  0.032  0.153  0.170  0.032  0.013  0.046  0.037  0.090       50
 69:     0.030  0.082  0.073  0.241  0.017  0.033  0.024  0.019  0.052  0.120  0.054  0.013  0.123  0.042  0.077      100
--------------------------------------------

Allele-freq. divergence among pops (Net nucleotide distance),
computed using point estimates of P.

      1       2       3       4       5       6       7       8       9      10      11      12      13      14      15      
 1      -    0.0328  0.0291  0.0391  0.0485  0.0432  0.0423  0.0529  0.0274  0.0238  0.0224  0.0731  0.0224  0.0252  0.0283  
 2   0.0328     -    0.0252  0.0241  0.0538  0.0459  0.0394  0.0426  0.0210  0.0255  0.0234  0.0716  0.0245  0.0322  0.0271  
 3   0.0291  0.0252     -    0.0258  0.0350  0.0334  0.0272  0.0305  0.0209  0.0254  0.0202  0.0683  0.0175  0.0252  0.0170  
 4   0.0391  0.0241  0.0258     -    0.0579  0.0383  0.0346  0.0478  0.0233  0.0270  0.0302  0.0764  0.0251  0.0359  0.0214  
 5   0.0485  0.0538  0.0350  0.0579     -    0.0630  0.0429  0.0264  0.0419  0.0537  0.0447  0.0735  0.0379  0.0465  0.0435  
 6   0.0432  0.0459  0.0334  0.0383  0.0630     -    0.0316  0.0599  0.0370  0.0311  0.0358  0.0850  0.0319  0.0352  0.0263  
 7   0.0423  0.0394  0.0272  0.0346  0.0429  0.0316     -    0.0424  0.0253  0.0329  0.0309  0.0623  0.0296  0.0324  0.0295  
 8   0.0529  0.0426  0.0305  0.0478  0.0264  0.0599  0.0424     -    0.0374  0.0466  0.0382  0.0745  0.0366  0.0480  0.0377  
 9   0.0274  0.0210  0.0209  0.0233  0.0419  0.0370  0.0253  0.0374     -    0.0242  0.0169  0.0608  0.0175  0.0222  0.0178  
10   0.0238  0.0255  0.0254  0.0270  0.0537  0.0311  0.0329  0.0466  0.0242     -    0.0188  0.0675  0.0234  0.0224  0.0264  
11   0.0224  0.0234  0.0202  0.0302  0.0447  0.0358  0.0309  0.0382  0.0169  0.0188     -    0.0648  0.0171  0.0228  0.0219  
12   0.0731  0.0716  0.0683  0.0764  0.0735  0.0850  0.0623  0.0745  0.0608  0.0675  0.0648     -    0.0673  0.0633  0.0698  
13   0.0224  0.0245  0.0175  0.0251  0.0379  0.0319  0.0296  0.0366  0.0175  0.0234  0.0171  0.0673     -    0.0236  0.0177  
14   0.0252  0.0322  0.0252  0.0359  0.0465  0.0352  0.0324  0.0480  0.0222  0.0224  0.0228  0.0633  0.0236     -    0.0273  
15   0.0283  0.0271  0.0170  0.0214  0.0435  0.0263  0.0295  0.0377  0.0178  0.0264  0.0219  0.0698  0.0177  0.0273     -    

Average distances (expected heterozygosity) between individuals in same cluster:
cluster  1  : 0.8394 
cluster  2  : 0.8493 
cluster  3  : 0.8564 
cluster  4  : 0.8482 
cluster  5  : 0.8147 
cluster  6  : 0.8606 
cluster  7  : 0.8585 
cluster  8  : 0.8340 
cluster  9  : 0.8643 
cluster 10  : 0.8648 
cluster 11  : 0.8658 
cluster 12  : 0.7814 
cluster 13  : 0.8630 
cluster 14  : 0.8699 
cluster 15  : 0.8560 

--------------------------------------------
Estimated Ln Prob of Data   = -387020.4
Mean value of ln likelihood = -378626.9
Variance of ln likelihood   = 16787.0
Mean value of alpha         = 0.0483

Mean value of Fst_1         = 0.0344
Mean value of Fst_2         = 0.0358
Mean value of Fst_3         = 0.0305
Mean value of Fst_4         = 0.0336
Mean value of Fst_5         = 0.0672
Mean value of Fst_6         = 0.0302
Mean value of Fst_7         = 0.0431
Mean value of Fst_8         = 0.0404
Mean value of Fst_9         = 0.0293
Mean value of Fst_10         = 0.0218
Mean value of Fst_11         = 0.0211
Mean value of Fst_12         = 0.1455
Mean value of Fst_13         = 0.0221
Mean value of Fst_14         = 0.0256
Mean value of Fst_15         = 0.0164


Inferred ancestry of individuals:
        Label (%Miss) Pop:  Inferred clusters
  1    BBA_1    (0)    1 :  0.007 0.008 0.008 0.008 0.012 0.010 0.026 0.878 0.004 0.006 0.006 0.004 0.006 0.010 0.006 
  2    BBA_2    (0)    1 :  0.004 0.005 0.006 0.005 0.006 0.008 0.004 0.901 0.014 0.004 0.006 0.003 0.005 0.010 0.016 
  3    BBA_3    (0)    1 :  0.011 0.006 0.005 0.010 0.034 0.006 0.034 0.834 0.006 0.006 0.007 0.006 0.015 0.012 0.008 
  4    BBA_4    (0)    1 :  0.013 0.038 0.057 0.009 0.023 0.013 0.010 0.702 0.012 0.013 0.008 0.018 0.020 0.030 0.033 
  5    BBA_5    (0)    1 :  0.006 0.005 0.007 0.004 0.010 0.004 0.005 0.916 0.006 0.006 0.006 0.004 0.008 0.006 0.006 
  6    BBA_6    (0)    1 :  0.014 0.007 0.016 0.009 0.015 0.009 0.006 0.843 0.006 0.017 0.013 0.004 0.011 0.013 0.017 
  7    BBA_7    (0)    1 :  0.006 0.004 0.004 0.006 0.011 0.005 0.007 0.895 0.007 0.005 0.006 0.012 0.012 0.013 0.008 
  8    BBA_8    (0)    1 :  0.024 0.013 0.011 0.007 0.021 0.005 0.023 0.754 0.016 0.010 0.024 0.013 0.051 0.017 0.011 
  9    BBA_9    (0)    1 :  0.006 0.004 0.005 0.004 0.006 0.005 0.005 0.938 0.003 0.004 0.004 0.003 0.004 0.004 0.005 
 10   BBA_10    (0)    1 :  0.031 0.007 0.014 0.006 0.010 0.012 0.018 0.844 0.006 0.009 0.009 0.004 0.015 0.007 0.008 
 11   BBA_11    (0)    1 :  0.007 0.016 0.033 0.011 0.027 0.027 0.012 0.776 0.007 0.045 0.008 0.004 0.011 0.007 0.009 
 12   BBA_12    (0)    1 :  0.006 0.005 0.007 0.004 0.009 0.004 0.010 0.915 0.005 0.005 0.005 0.004 0.007 0.005 0.007 
 13   BBA_13    (0)    1 :  0.042 0.006 0.011 0.012 0.008 0.014 0.024 0.661 0.090 0.017 0.009 0.004 0.030 0.013 0.060 
 14   BBA_14    (0)    1 :  0.017 0.015 0.009 0.014 0.022 0.011 0.023 0.763 0.014 0.022 0.027 0.018 0.025 0.007 0.014 
 15   BBA_15    (0)    1 :  0.018 0.006 0.007 0.011 0.006 0.016 0.007 0.820 0.006 0.027 0.025 0.003 0.011 0.009 0.028 
 16   BBA_16    (0)    1 :  0.012 0.005 0.009 0.007 0.012 0.011 0.011 0.864 0.006 0.005 0.005 0.031 0.008 0.007 0.006 
 17   BBA_17    (0)    1 :  0.012 0.013 0.009 0.011 0.094 0.029 0.011 0.534 0.006 0.011 0.006 0.228 0.015 0.010 0.010 
 18   BBA_18    (0)    1 :  0.005 0.005 0.006 0.008 0.024 0.007 0.008 0.891 0.005 0.005 0.006 0.004 0.011 0.005 0.009 
 19   BBA_19    (0)    1 :  0.009 0.006 0.007 0.004 0.009 0.005 0.012 0.891 0.007 0.008 0.008 0.009 0.009 0.008 0.008 
 20   BBA_20    (0)    1 :  0.011 0.008 0.016 0.008 0.484 0.009 0.012 0.328 0.012 0.009 0.019 0.004 0.020 0.033 0.027 
 21   BBA_21    (0)    1 :  0.047 0.010 0.038 0.013 0.175 0.011 0.008 0.503 0.014 0.023 0.018 0.017 0.019 0.088 0.017 
 22   BBA_22    (0)    1 :  0.027 0.010 0.149 0.009 0.108 0.036 0.017 0.477 0.008 0.017 0.019 0.055 0.014 0.019 0.037 
 23   BBA_23    (0)    1 :  0.005 0.006 0.005 0.004 0.007 0.005 0.004 0.925 0.005 0.004 0.007 0.009 0.004 0.005 0.005 
 24   BBA_24    (0)    1 :  0.011 0.014 0.008 0.005 0.007 0.013 0.009 0.862 0.015 0.008 0.007 0.010 0.012 0.011 0.007 
 25   BBA_25    (0)    1 :  0.005 0.003 0.006 0.006 0.020 0.005 0.025 0.887 0.007 0.005 0.006 0.007 0.007 0.006 0.006 
 26   BBA_26    (0)    1 :  0.077 0.015 0.076 0.017 0.011 0.034 0.027 0.393 0.031 0.055 0.146 0.012 0.011 0.012 0.084 
 27   BBA_27    (0)    1 :  0.009 0.006 0.006 0.005 0.004 0.005 0.004 0.926 0.005 0.006 0.006 0.004 0.005 0.004 0.006 
 28   BBA_28    (0)    1 :  0.007 0.006 0.005 0.005 0.009 0.006 0.005 0.905 0.008 0.005 0.008 0.004 0.007 0.010 0.010 
 29   BBA_29    (0)    1 :  0.027 0.018 0.014 0.010 0.063 0.011 0.102 0.596 0.009 0.027 0.020 0.040 0.022 0.027 0.013 
 30   BBA_30    (0)    1 :  0.006 0.005 0.005 0.003 0.006 0.007 0.004 0.916 0.006 0.007 0.008 0.007 0.006 0.006 0.008 
 31   BBA_31    (0)    1 :  0.016 0.011 0.020 0.007 0.052 0.012 0.009 0.676 0.017 0.020 0.019 0.005 0.111 0.010 0.015 
 32   BBA_32    (0)    1 :  0.011 0.046 0.011 0.016 0.056 0.010 0.015 0.566 0.177 0.009 0.014 0.008 0.012 0.023 0.024 
 33   BBA_33    (0)    1 :  0.091 0.109 0.025 0.034 0.112 0.017 0.218 0.208 0.026 0.053 0.019 0.021 0.023 0.025 0.017 
 34   BBA_34    (0)    1 :  0.036 0.009 0.029 0.007 0.020 0.058 0.354 0.300 0.023 0.025 0.028 0.021 0.014 0.063 0.014 
 35   BBA_35    (0)    1 :  0.012 0.011 0.013 0.009 0.071 0.011 0.133 0.555 0.016 0.019 0.046 0.006 0.020 0.038 0.038 
 36   BBA_36    (0)    1 :  0.036 0.008 0.006 0.006 0.011 0.007 0.005 0.832 0.008 0.013 0.009 0.009 0.011 0.031 0.008 
 37   BBA_37    (0)    1 :  0.049 0.009 0.021 0.009 0.009 0.022 0.021 0.749 0.006 0.018 0.028 0.007 0.022 0.007 0.024 
 38   BBA_38    (0)    1 :  0.024 0.040 0.422 0.019 0.150 0.021 0.010 0.082 0.054 0.015 0.026 0.047 0.018 0.045 0.027 
 39   BBA_39    (0)    1 :  0.008 0.009 0.031 0.008 0.089 0.013 0.030 0.733 0.007 0.014 0.010 0.004 0.008 0.016 0.020 
 40   BBA_40    (0)    1 :  0.010 0.007 0.013 0.004 0.009 0.009 0.006 0.847 0.009 0.008 0.013 0.037 0.011 0.009 0.007 
 41   BBA_41    (0)    1 :  0.029 0.008 0.022 0.005 0.008 0.010 0.008 0.802 0.007 0.012 0.020 0.006 0.028 0.014 0.020 
 42   BBA_42    (0)    1 :  0.026 0.023 0.007 0.032 0.006 0.013 0.014 0.781 0.008 0.009 0.027 0.004 0.016 0.027 0.008 
 43   BBA_43    (0)    1 :  0.005 0.005 0.006 0.004 0.006 0.007 0.004 0.926 0.006 0.005 0.005 0.003 0.005 0.007 0.006 
 44   BBA_44    (0)    1 :  0.006 0.006 0.006 0.004 0.006 0.005 0.007 0.922 0.005 0.005 0.006 0.005 0.006 0.005 0.006 
 45   BBA_45    (0)    1 :  0.006 0.005 0.004 0.004 0.008 0.004 0.004 0.927 0.004 0.005 0.008 0.006 0.005 0.004 0.005 
 46   BBA_46    (0)    1 :  0.004 0.004 0.004 0.003 0.005 0.004 0.003 0.947 0.004 0.004 0.004 0.003 0.004 0.004 0.004 
 47   BBA_47    (0)    1 :  0.007 0.009 0.017 0.006 0.005 0.009 0.007 0.889 0.008 0.004 0.005 0.013 0.006 0.005 0.009 
 48   BBA_48    (0)    1 :  0.008 0.006 0.008 0.005 0.005 0.017 0.007 0.850 0.007 0.011 0.041 0.006 0.009 0.009 0.011 
 49   BBA_49    (0)    1 :  0.033 0.019 0.013 0.044 0.027 0.008 0.031 0.520 0.040 0.009 0.012 0.010 0.066 0.135 0.033 
 50   BBA_50    (0)    1 :  0.007 0.005 0.009 0.007 0.051 0.008 0.011 0.772 0.024 0.013 0.020 0.017 0.009 0.026 0.020 
 51   BBA_51    (0)    1 :  0.009 0.009 0.036 0.017 0.034 0.009 0.017 0.655 0.019 0.008 0.010 0.009 0.013 0.135 0.021 
 52   BBA_52    (0)    1 :  0.036 0.009 0.007 0.005 0.012 0.010 0.013 0.813 0.014 0.017 0.018 0.005 0.013 0.010 0.017 
 53   BBA_53    (0)    1 :  0.009 0.008 0.010 0.007 0.010 0.006 0.006 0.885 0.009 0.008 0.007 0.006 0.009 0.010 0.010 
 54   BBA_54    (0)    1 :  0.010 0.006 0.009 0.016 0.013 0.013 0.027 0.771 0.028 0.014 0.013 0.015 0.033 0.007 0.026 
 55   BBA_55    (0)    1 :  0.020 0.015 0.016 0.024 0.008 0.038 0.038 0.511 0.042 0.085 0.085 0.015 0.054 0.034 0.014 
 56   BBA_56    (0)    1 :  0.021 0.005 0.014 0.012 0.013 0.007 0.012 0.835 0.007 0.008 0.011 0.004 0.023 0.008 0.019 
 57   BBA_57    (0)    1 :  0.009 0.011 0.007 0.011 0.007 0.005 0.007 0.896 0.008 0.008 0.007 0.005 0.007 0.007 0.006 
 58   BBA_58    (0)    1 :  0.008 0.005 0.009 0.018 0.007 0.014 0.008 0.861 0.010 0.015 0.009 0.006 0.012 0.009 0.010 
 59   BBA_59    (0)    1 :  0.014 0.012 0.006 0.005 0.005 0.008 0.007 0.891 0.008 0.006 0.008 0.004 0.012 0.007 0.008 
 60   BBA_60    (0)    1 :  0.014 0.011 0.018 0.005 0.024 0.018 0.023 0.759 0.006 0.009 0.026 0.040 0.024 0.010 0.014 
 61   BBA_61    (0)    1 :  0.007 0.004 0.006 0.005 0.009 0.004 0.004 0.920 0.005 0.005 0.005 0.003 0.006 0.005 0.012 
 62   BBA_62    (0)    1 :  0.017 0.006 0.009 0.006 0.016 0.006 0.010 0.865 0.005 0.008 0.009 0.011 0.010 0.012 0.010 
 63   BBA_63    (0)    1 :  0.017 0.005 0.007 0.009 0.008 0.024 0.022 0.834 0.005 0.009 0.010 0.003 0.011 0.021 0.016 
 64   BBA_64    (0)    1 :  0.005 0.005 0.004 0.004 0.007 0.005 0.004 0.923 0.006 0.005 0.006 0.006 0.005 0.008 0.005 
 65   BBA_65    (0)    1 :  0.012 0.013 0.006 0.008 0.031 0.017 0.018 0.786 0.011 0.023 0.010 0.012 0.024 0.018 0.010 
 66   BBA_66    (0)    1 :  0.007 0.027 0.011 0.005 0.005 0.099 0.010 0.620 0.010 0.012 0.014 0.008 0.011 0.131 0.029 
 67   BBA_67    (0)    1 :  0.005 0.005 0.006 0.007 0.005 0.008 0.009 0.905 0.008 0.006 0.006 0.005 0.011 0.008 0.005 
 68   BBA_68    (0)    1 :  0.007 0.007 0.014 0.097 0.301 0.018 0.047 0.241 0.032 0.012 0.007 0.041 0.015 0.111 0.051 
 69    BDN_1    (0)    2 :  0.104 0.457 0.015 0.055 0.007 0.019 0.041 0.005 0.183 0.024 0.022 0.012 0.024 0.015 0.017 
 70    BDN_2    (0)    2 :  0.035 0.059 0.055 0.014 0.009 0.008 0.026 0.016 0.029 0.020 0.072 0.007 0.584 0.030 0.035 
 71    BDN_3    (0)    2 :  0.060 0.017 0.022 0.029 0.008 0.033 0.033 0.035 0.220 0.021 0.034 0.335 0.018 0.014 0.121 
 72    BDN_4   (13)    2 :  0.024 0.030 0.049 0.012 0.006 0.268 0.027 0.027 0.036 0.032 0.014 0.006 0.432 0.013 0.021 
 73    BDN_5   (13)    2 :  0.046 0.022 0.085 0.013 0.020 0.050 0.019 0.012 0.013 0.267 0.017 0.016 0.333 0.015 0.074 
 74    BDN_6    (6)    2 :  0.018 0.030 0.086 0.038 0.011 0.024 0.013 0.010 0.139 0.024 0.152 0.080 0.178 0.060 0.136 
 75    BDN_7    (0)    2 :  0.031 0.021 0.120 0.061 0.010 0.014 0.053 0.008 0.007 0.041 0.279 0.022 0.089 0.119 0.127 
 76    BDN_8    (6)    2 :  0.077 0.039 0.048 0.008 0.006 0.022 0.008 0.012 0.170 0.312 0.223 0.016 0.018 0.019 0.021 
 77    BDN_9    (0)    2 :  0.013 0.025 0.013 0.061 0.325 0.041 0.020 0.034 0.265 0.012 0.015 0.004 0.131 0.012 0.028 
 78   BDN_10    (0)    2 :  0.017 0.015 0.012 0.082 0.013 0.024 0.047 0.424 0.115 0.030 0.018 0.005 0.137 0.027 0.034 
 79   BDN_11    (0)    2 :  0.060 0.010 0.124 0.039 0.007 0.069 0.025 0.006 0.015 0.021 0.043 0.014 0.371 0.110 0.085 
 80   BDN_12    (0)    2 :  0.035 0.145 0.061 0.054 0.014 0.008 0.011 0.005 0.016 0.014 0.036 0.004 0.525 0.032 0.040 
 81   BDN_13   (13)    2 :  0.014 0.040 0.045 0.049 0.010 0.035 0.013 0.013 0.030 0.504 0.010 0.022 0.189 0.007 0.021 
 82   BDN_14    (0)    2 :  0.023 0.432 0.077 0.017 0.010 0.042 0.025 0.084 0.057 0.019 0.043 0.007 0.087 0.043 0.035 
 83   BDN_15    (6)    2 :  0.256 0.202 0.042 0.034 0.015 0.009 0.009 0.009 0.084 0.007 0.058 0.046 0.076 0.025 0.128 
 84   BDN_16    (6)    2 :  0.057 0.011 0.212 0.012 0.151 0.085 0.030 0.026 0.022 0.047 0.045 0.011 0.041 0.214 0.037 
 85   BDN_17   (13)    2 :  0.020 0.072 0.018 0.437 0.013 0.011 0.019 0.008 0.017 0.012 0.008 0.317 0.024 0.008 0.017 
 86   BDN_18    (0)    2 :  0.033 0.036 0.042 0.015 0.006 0.035 0.007 0.022 0.030 0.034 0.027 0.003 0.653 0.024 0.031 
 87   BDN_19    (0)    2 :  0.031 0.018 0.047 0.025 0.015 0.010 0.404 0.034 0.034 0.051 0.009 0.007 0.282 0.018 0.015 
 88   BDN_20   (13)    2 :  0.197 0.064 0.041 0.014 0.063 0.052 0.027 0.018 0.014 0.081 0.037 0.158 0.038 0.033 0.162 
 89   BDN_21   (13)    2 :  0.013 0.019 0.031 0.037 0.021 0.011 0.383 0.028 0.009 0.025 0.016 0.019 0.213 0.032 0.144 
 90   BDN_22    (6)    2 :  0.039 0.018 0.028 0.026 0.119 0.006 0.025 0.349 0.068 0.009 0.023 0.030 0.176 0.048 0.036 
 91   BDN_23    (0)    2 :  0.409 0.014 0.159 0.035 0.033 0.021 0.056 0.062 0.011 0.010 0.013 0.006 0.069 0.081 0.017 
 92   BDN_24    (0)    2 :  0.114 0.050 0.035 0.029 0.005 0.010 0.012 0.045 0.044 0.203 0.052 0.014 0.352 0.014 0.021 
 93   BDN_25   (13)    2 :  0.097 0.072 0.070 0.050 0.016 0.011 0.034 0.029 0.013 0.070 0.087 0.009 0.382 0.044 0.015 
 94   BDN_26    (0)    2 :  0.104 0.029 0.015 0.014 0.047 0.005 0.011 0.008 0.014 0.007 0.009 0.147 0.533 0.048 0.010 
 95   BDN_27    (0)    2 :  0.023 0.013 0.007 0.008 0.005 0.008 0.009 0.009 0.016 0.066 0.009 0.004 0.806 0.006 0.009 
 96   BDN_28   (13)    2 :  0.032 0.032 0.041 0.432 0.017 0.069 0.019 0.014 0.061 0.017 0.063 0.009 0.040 0.083 0.074 
 97   BDN_29    (0)    2 :  0.494 0.013 0.013 0.012 0.014 0.013 0.013 0.044 0.070 0.027 0.012 0.044 0.060 0.058 0.113 
 98   BDN_30    (0)    2 :  0.014 0.295 0.256 0.018 0.062 0.019 0.020 0.020 0.026 0.060 0.011 0.075 0.025 0.030 0.069 
 99   BDN_31    (0)    2 :  0.038 0.013 0.272 0.031 0.022 0.035 0.083 0.062 0.014 0.016 0.040 0.005 0.326 0.018 0.026 
100   BDN_32    (0)    2 :  0.027 0.012 0.009 0.029 0.127 0.010 0.013 0.013 0.434 0.009 0.116 0.007 0.016 0.021 0.157 
101   BDN_33    (0)    2 :  0.017 0.027 0.079 0.013 0.020 0.005 0.022 0.006 0.038 0.638 0.034 0.022 0.027 0.009 0.043 
102   BDN_34    (0)    2 :  0.031 0.139 0.194 0.014 0.006 0.459 0.010 0.009 0.010 0.034 0.022 0.004 0.020 0.022 0.025 
103   BDN_35    (0)    2 :  0.010 0.032 0.014 0.008 0.009 0.007 0.011 0.024 0.025 0.080 0.009 0.004 0.746 0.010 0.010 
104   BDN_36    (0)    2 :  0.028 0.007 0.037 0.011 0.021 0.008 0.027 0.008 0.016 0.019 0.022 0.011 0.673 0.086 0.026 
105   BDN_37    (0)    2 :  0.049 0.022 0.286 0.288 0.070 0.015 0.030 0.009 0.064 0.049 0.021 0.017 0.032 0.021 0.026 
106   BDN_38    (0)    2 :  0.050 0.018 0.194 0.057 0.044 0.015 0.010 0.009 0.021 0.219 0.066 0.254 0.016 0.018 0.011 
107   BDN_39    (0)    2 :  0.024 0.030 0.024 0.418 0.010 0.026 0.010 0.060 0.017 0.162 0.098 0.003 0.040 0.013 0.064 
108   BDN_40    (0)    2 :  0.077 0.315 0.023 0.142 0.006 0.010 0.026 0.006 0.007 0.052 0.037 0.012 0.165 0.108 0.014 
109   BDN_41    (0)    2 :  0.056 0.028 0.028 0.059 0.010 0.063 0.012 0.019 0.210 0.019 0.046 0.019 0.127 0.031 0.272 
110   BDN_42   (13)    2 :  0.186 0.044 0.217 0.025 0.028 0.100 0.015 0.010 0.020 0.094 0.030 0.006 0.052 0.022 0.151 
111   BDN_43    (6)    2 :  0.050 0.018 0.015 0.029 0.018 0.241 0.016 0.009 0.028 0.226 0.088 0.007 0.200 0.020 0.035 
112   BDN_44    (0)    2 :  0.118 0.141 0.053 0.026 0.052 0.013 0.019 0.025 0.016 0.018 0.182 0.016 0.191 0.055 0.076 
113   BDN_45    (0)    2 :  0.303 0.209 0.032 0.013 0.010 0.016 0.010 0.012 0.018 0.214 0.034 0.015 0.037 0.065 0.013 
114   BDN_46   (13)    2 :  0.007 0.326 0.307 0.011 0.025 0.031 0.035 0.019 0.083 0.025 0.062 0.008 0.023 0.011 0.026 
115   BDN_47    (0)    2 :  0.255 0.034 0.032 0.017 0.022 0.121 0.016 0.023 0.220 0.019 0.041 0.030 0.015 0.036 0.120 
116   BDN_48    (0)    2 :  0.032 0.011 0.377 0.015 0.010 0.051 0.029 0.019 0.021 0.016 0.238 0.004 0.068 0.047 0.060 
117   BDN_49    (0)    2 :  0.288 0.036 0.031 0.040 0.010 0.051 0.082 0.031 0.012 0.183 0.093 0.003 0.085 0.035 0.021 
118   BDN_50    (0)    2 :  0.082 0.039 0.027 0.012 0.008 0.018 0.009 0.021 0.013 0.022 0.021 0.004 0.706 0.006 0.012 
119   BDN_51    (0)    2 :  0.048 0.082 0.095 0.012 0.016 0.013 0.033 0.019 0.181 0.008 0.094 0.006 0.332 0.030 0.030 
120   BDN_52    (0)    2 :  0.055 0.179 0.036 0.044 0.007 0.017 0.009 0.013 0.010 0.065 0.038 0.013 0.423 0.009 0.082 
121   BDN_53    (0)    2 :  0.093 0.013 0.036 0.026 0.032 0.083 0.067 0.029 0.009 0.177 0.209 0.005 0.044 0.047 0.130 
122   BDN_54   (13)    2 :  0.009 0.010 0.091 0.011 0.093 0.011 0.010 0.069 0.011 0.005 0.008 0.012 0.633 0.009 0.017 
123   BDN_55    (6)    2 :  0.014 0.043 0.349 0.045 0.105 0.010 0.017 0.015 0.014 0.098 0.193 0.004 0.030 0.026 0.037 
124   BDN_56   (13)    2 :  0.185 0.015 0.013 0.018 0.020 0.039 0.010 0.008 0.027 0.217 0.033 0.003 0.359 0.029 0.022 
125   BDN_57    (6)    2 :  0.063 0.014 0.020 0.021 0.048 0.011 0.031 0.017 0.026 0.562 0.032 0.048 0.017 0.044 0.046 
126   BDN_58    (6)    2 :  0.045 0.036 0.032 0.023 0.018 0.010 0.089 0.045 0.252 0.120 0.071 0.023 0.107 0.046 0.081 
127   BDN_59    (6)    2 :  0.539 0.008 0.016 0.007 0.051 0.016 0.028 0.030 0.013 0.033 0.022 0.061 0.101 0.055 0.022 
128   BDN_60    (6)    2 :  0.026 0.014 0.021 0.026 0.007 0.024 0.023 0.009 0.037 0.059 0.013 0.047 0.666 0.006 0.021 
129   BDN_61    (0)    2 :  0.039 0.029 0.069 0.005 0.010 0.043 0.058 0.009 0.022 0.613 0.046 0.007 0.024 0.008 0.017 
130   BDN_62    (0)    2 :  0.211 0.020 0.024 0.012 0.044 0.026 0.008 0.011 0.066 0.022 0.073 0.004 0.445 0.024 0.010 
131   BDN_63    (6)    2 :  0.019 0.130 0.021 0.019 0.016 0.021 0.018 0.044 0.332 0.015 0.038 0.162 0.044 0.055 0.066 
132   BDN_64    (0)    2 :  0.103 0.008 0.307 0.321 0.023 0.030 0.032 0.022 0.023 0.015 0.015 0.006 0.036 0.012 0.045 
133   BDN_65    (0)    2 :  0.036 0.057 0.081 0.073 0.316 0.015 0.022 0.011 0.035 0.033 0.093 0.049 0.105 0.018 0.055 
134   BDN_66   (13)    2 :  0.033 0.011 0.073 0.104 0.016 0.040 0.054 0.050 0.021 0.244 0.019 0.006 0.168 0.135 0.026 
135   BDN_67    (0)    2 :  0.008 0.012 0.117 0.121 0.020 0.028 0.009 0.305 0.070 0.078 0.073 0.008 0.023 0.094 0.034 
136   BDN_68    (6)    2 :  0.012 0.058 0.209 0.008 0.011 0.016 0.033 0.014 0.031 0.031 0.346 0.090 0.070 0.044 0.027 
137   BDN_69    (0)    2 :  0.033 0.046 0.015 0.009 0.012 0.014 0.013 0.006 0.021 0.025 0.043 0.006 0.640 0.031 0.086 
138   BDN_70    (6)    2 :  0.017 0.026 0.292 0.083 0.019 0.017 0.085 0.016 0.017 0.028 0.063 0.012 0.173 0.048 0.104 
139   BDN_71    (6)    2 :  0.024 0.014 0.009 0.012 0.025 0.013 0.018 0.011 0.026 0.017 0.015 0.006 0.787 0.012 0.012 
140   BDN_72    (0)    2 :  0.015 0.011 0.017 0.013 0.031 0.023 0.026 0.016 0.021 0.015 0.727 0.005 0.026 0.010 0.044 
141   BDN_73    (0)    2 :  0.019 0.033 0.014 0.013 0.028 0.164 0.010 0.011 0.015 0.039 0.521 0.007 0.051 0.035 0.040 
142   BDN_74    (0)    2 :  0.195 0.020 0.144 0.089 0.020 0.009 0.023 0.018 0.025 0.024 0.108 0.012 0.040 0.208 0.065 
143   BDN_75    (0)    2 :  0.013 0.039 0.009 0.014 0.013 0.018 0.011 0.011 0.184 0.156 0.013 0.038 0.458 0.006 0.016 
144   BDN_76    (0)    2 :  0.008 0.041 0.498 0.037 0.015 0.029 0.019 0.129 0.018 0.012 0.041 0.010 0.073 0.009 0.061 
145   BDNB_1    (0)    3 :  0.023 0.471 0.088 0.142 0.009 0.025 0.015 0.007 0.008 0.022 0.040 0.019 0.105 0.009 0.015 
146   BDNB_2    (0)    3 :  0.013 0.063 0.047 0.046 0.011 0.033 0.052 0.032 0.054 0.081 0.078 0.008 0.357 0.081 0.046 
147   BDNB_3    (0)    3 :  0.026 0.018 0.017 0.034 0.024 0.008 0.061 0.024 0.013 0.083 0.156 0.022 0.228 0.258 0.028 
148   BDNB_4    (0)    3 :  0.030 0.142 0.038 0.220 0.008 0.023 0.048 0.007 0.121 0.032 0.040 0.007 0.241 0.012 0.031 
149   BDNB_5    (0)    3 :  0.016 0.016 0.056 0.012 0.019 0.074 0.023 0.027 0.022 0.012 0.016 0.008 0.506 0.009 0.184 
150   BDNB_6    (0)    3 :  0.030 0.018 0.011 0.071 0.188 0.009 0.023 0.014 0.026 0.042 0.028 0.030 0.415 0.015 0.079 
151   BDNB_7    (0)    3 :  0.011 0.026 0.017 0.011 0.006 0.011 0.756 0.011 0.055 0.012 0.013 0.011 0.034 0.013 0.012 
152   BDNB_8    (0)    3 :  0.179 0.031 0.100 0.017 0.010 0.010 0.011 0.051 0.008 0.081 0.045 0.066 0.152 0.081 0.159 
153   BDNB_9    (0)    3 :  0.018 0.006 0.047 0.690 0.018 0.008 0.023 0.033 0.006 0.016 0.034 0.012 0.037 0.018 0.033 
154  BDNB_10    (0)    3 :  0.023 0.022 0.043 0.068 0.180 0.021 0.018 0.064 0.016 0.143 0.038 0.009 0.093 0.019 0.243 
155  BDNB_11    (0)    3 :  0.007 0.008 0.021 0.020 0.006 0.013 0.035 0.009 0.024 0.009 0.013 0.004 0.803 0.009 0.021 
156  BDNB_12    (0)    3 :  0.011 0.007 0.012 0.012 0.005 0.011 0.014 0.006 0.050 0.011 0.012 0.004 0.813 0.011 0.021 
157  BDNB_13    (0)    3 :  0.044 0.040 0.033 0.025 0.051 0.032 0.090 0.016 0.011 0.192 0.015 0.008 0.314 0.015 0.116 
158  BDNB_14    (0)    3 :  0.112 0.023 0.147 0.150 0.121 0.008 0.019 0.144 0.011 0.023 0.013 0.008 0.050 0.154 0.016 
159  BDNB_15    (0)    3 :  0.019 0.005 0.010 0.008 0.006 0.009 0.006 0.005 0.007 0.020 0.862 0.004 0.012 0.010 0.017 
160  BDNB_16    (0)    3 :  0.041 0.032 0.072 0.045 0.137 0.022 0.016 0.308 0.022 0.021 0.109 0.008 0.045 0.048 0.075 
161  BDNB_17    (6)    3 :  0.012 0.275 0.051 0.008 0.011 0.012 0.095 0.031 0.212 0.022 0.025 0.021 0.153 0.022 0.051 
162  BDNB_18    (0)    3 :  0.006 0.010 0.013 0.016 0.008 0.014 0.007 0.021 0.018 0.009 0.008 0.031 0.811 0.010 0.015 
163  BDNB_19    (0)    3 :  0.006 0.010 0.014 0.012 0.008 0.012 0.026 0.011 0.018 0.006 0.008 0.005 0.847 0.007 0.009 
164  BDNB_20    (0)    3 :  0.068 0.028 0.111 0.016 0.048 0.086 0.025 0.045 0.009 0.021 0.048 0.053 0.227 0.028 0.186 
165  BDNB_21    (0)    3 :  0.733 0.013 0.019 0.010 0.006 0.011 0.004 0.006 0.043 0.006 0.011 0.008 0.060 0.052 0.017 
166  BDNB_22    (0)    3 :  0.013 0.035 0.062 0.015 0.018 0.146 0.007 0.024 0.017 0.022 0.011 0.007 0.377 0.017 0.229 
167  BDNB_23    (0)    3 :  0.706 0.012 0.021 0.013 0.006 0.012 0.015 0.008 0.038 0.067 0.020 0.005 0.054 0.010 0.013 
168  BDNB_24    (0)    3 :  0.077 0.015 0.011 0.040 0.036 0.140 0.037 0.115 0.036 0.035 0.015 0.005 0.395 0.015 0.027 
169  BDNB_25    (0)    3 :  0.143 0.405 0.020 0.036 0.021 0.013 0.040 0.012 0.102 0.059 0.036 0.008 0.048 0.019 0.038 
170  BDNB_26    (0)    3 :  0.071 0.019 0.011 0.067 0.012 0.024 0.032 0.011 0.011 0.074 0.240 0.008 0.136 0.009 0.273 
171  BDNB_27    (0)    3 :  0.114 0.014 0.023 0.035 0.030 0.009 0.018 0.027 0.004 0.178 0.014 0.004 0.044 0.005 0.479 
172  BDNB_28    (0)    3 :  0.014 0.010 0.022 0.154 0.100 0.099 0.028 0.021 0.024 0.022 0.028 0.014 0.390 0.014 0.061 
173  BDNB_29    (0)    3 :  0.049 0.022 0.017 0.044 0.072 0.010 0.022 0.023 0.015 0.045 0.251 0.191 0.117 0.060 0.061 
174  BDNB_30    (0)    3 :  0.020 0.008 0.022 0.011 0.013 0.071 0.042 0.516 0.015 0.027 0.024 0.086 0.077 0.019 0.049 
175  BDNB_31    (0)    3 :  0.044 0.063 0.077 0.013 0.016 0.060 0.017 0.303 0.014 0.086 0.025 0.007 0.046 0.106 0.124 
176  BDNB_32    (0)    3 :  0.296 0.076 0.255 0.007 0.009 0.045 0.075 0.012 0.014 0.017 0.009 0.005 0.140 0.010 0.031 
177  BDNB_33    (0)    3 :  0.027 0.021 0.235 0.041 0.020 0.012 0.009 0.441 0.036 0.018 0.019 0.018 0.040 0.022 0.041 
178  BDNB_34    (0)    3 :  0.047 0.025 0.018 0.018 0.018 0.012 0.007 0.116 0.021 0.029 0.013 0.004 0.595 0.028 0.047 
179  BDNB_35    (0)    3 :  0.040 0.009 0.135 0.047 0.026 0.051 0.006 0.012 0.012 0.022 0.039 0.005 0.415 0.050 0.132 
180  BDNB_36    (0)    3 :  0.134 0.011 0.066 0.012 0.189 0.101 0.161 0.094 0.006 0.052 0.043 0.020 0.057 0.038 0.016 
181  BDNB_37    (0)    3 :  0.013 0.022 0.020 0.032 0.005 0.007 0.007 0.006 0.006 0.452 0.067 0.173 0.068 0.093 0.029 
182  BDNB_38    (0)    3 :  0.023 0.007 0.010 0.005 0.011 0.007 0.008 0.007 0.005 0.006 0.007 0.018 0.873 0.005 0.010 
183  BDNB_39    (0)    3 :  0.226 0.008 0.020 0.030 0.026 0.015 0.018 0.010 0.010 0.053 0.185 0.042 0.280 0.009 0.069 
184  BDNB_40    (0)    3 :  0.083 0.011 0.059 0.092 0.011 0.011 0.160 0.015 0.200 0.027 0.016 0.026 0.143 0.022 0.122 
185  BDNB_41    (0)    3 :  0.010 0.029 0.050 0.048 0.016 0.020 0.035 0.013 0.335 0.031 0.008 0.029 0.041 0.009 0.326 
186  BDNB_42    (0)    3 :  0.058 0.010 0.011 0.007 0.036 0.026 0.006 0.008 0.010 0.005 0.010 0.005 0.768 0.012 0.029 
187  BDNB_43    (0)    3 :  0.024 0.020 0.028 0.009 0.013 0.038 0.021 0.015 0.126 0.015 0.014 0.008 0.641 0.007 0.021 
188  BDNB_44    (0)    3 :  0.024 0.051 0.026 0.288 0.025 0.067 0.113 0.034 0.025 0.037 0.049 0.011 0.049 0.053 0.147 
189  BDNB_45    (0)    3 :  0.031 0.018 0.369 0.042 0.014 0.051 0.016 0.121 0.012 0.010 0.019 0.166 0.067 0.032 0.034 
190  BDNB_46    (0)    3 :  0.014 0.012 0.213 0.023 0.089 0.111 0.017 0.033 0.021 0.015 0.011 0.009 0.345 0.046 0.038 
191  BDNB_47    (0)    3 :  0.009 0.017 0.576 0.015 0.009 0.015 0.023 0.024 0.008 0.013 0.027 0.007 0.113 0.026 0.119 
192  BDNB_48    (0)    3 :  0.320 0.013 0.125 0.021 0.009 0.022 0.008 0.034 0.160 0.022 0.009 0.014 0.180 0.016 0.046 
193  BDNB_49    (0)    3 :  0.021 0.019 0.104 0.033 0.018 0.031 0.032 0.031 0.066 0.022 0.125 0.034 0.343 0.008 0.113 
194  BDNB_50    (0)    3 :  0.037 0.015 0.017 0.010 0.018 0.012 0.008 0.008 0.031 0.008 0.009 0.008 0.778 0.013 0.029 
195  BDNB_51    (0)    3 :  0.007 0.020 0.733 0.025 0.012 0.007 0.014 0.007 0.012 0.008 0.013 0.012 0.034 0.082 0.014 
196  BDNB_52    (0)    3 :  0.080 0.028 0.017 0.015 0.012 0.017 0.033 0.007 0.006 0.470 0.135 0.005 0.043 0.081 0.051 
197  BDNB_53    (0)    3 :  0.008 0.014 0.017 0.008 0.007 0.011 0.006 0.027 0.011 0.007 0.012 0.021 0.824 0.015 0.011 
198  BDNB_54    (0)    3 :  0.018 0.007 0.005 0.009 0.004 0.008 0.007 0.007 0.007 0.010 0.006 0.006 0.883 0.006 0.016 
199  BDNB_55    (0)    3 :  0.352 0.016 0.018 0.029 0.025 0.014 0.097 0.125 0.028 0.060 0.018 0.004 0.094 0.018 0.103 
200  BDNB_56    (6)    3 :  0.010 0.045 0.038 0.021 0.017 0.010 0.473 0.028 0.035 0.094 0.035 0.014 0.056 0.064 0.060 
201  BDNB_57    (0)    3 :  0.082 0.008 0.118 0.022 0.084 0.011 0.012 0.390 0.011 0.017 0.011 0.013 0.094 0.016 0.110 
202  BDNB_58    (0)    3 :  0.045 0.027 0.145 0.023 0.006 0.021 0.013 0.021 0.009 0.033 0.012 0.004 0.452 0.124 0.066 
203  BDNB_59    (0)    3 :  0.067 0.025 0.319 0.012 0.021 0.082 0.018 0.029 0.031 0.076 0.035 0.024 0.125 0.014 0.121 
204  BDNB_60    (0)    3 :  0.006 0.010 0.015 0.007 0.006 0.026 0.005 0.026 0.012 0.005 0.013 0.006 0.840 0.006 0.017 
205  BDNB_61    (0)    3 :  0.061 0.048 0.215 0.079 0.015 0.164 0.057 0.039 0.015 0.018 0.007 0.004 0.118 0.010 0.152 
206  BDNB_62    (0)    3 :  0.040 0.008 0.007 0.021 0.012 0.009 0.010 0.009 0.027 0.458 0.097 0.009 0.024 0.016 0.254 
207  BDNB_63    (0)    3 :  0.008 0.038 0.035 0.190 0.023 0.013 0.080 0.010 0.008 0.017 0.005 0.003 0.027 0.011 0.530 
208  BDNB_64    (6)    3 :  0.012 0.062 0.037 0.066 0.022 0.070 0.016 0.012 0.322 0.014 0.012 0.008 0.036 0.011 0.301 
209  BDNB_65    (0)    3 :  0.026 0.024 0.035 0.016 0.007 0.074 0.199 0.015 0.007 0.031 0.009 0.004 0.501 0.009 0.042 
210  BDNB_66    (0)    3 :  0.004 0.007 0.010 0.009 0.008 0.008 0.011 0.009 0.016 0.006 0.006 0.006 0.887 0.008 0.007 
211  BDNB_67    (0)    3 :  0.008 0.040 0.060 0.074 0.009 0.034 0.417 0.025 0.106 0.082 0.031 0.013 0.020 0.046 0.037 
212  BDNB_68    (0)    3 :  0.073 0.059 0.200 0.044 0.046 0.106 0.107 0.022 0.018 0.075 0.039 0.007 0.133 0.014 0.058 
213  BDNB_69    (0)    3 :  0.043 0.030 0.070 0.045 0.010 0.079 0.206 0.018 0.013 0.037 0.020 0.005 0.154 0.196 0.075 
214  BDNB_70    (0)    3 :  0.010 0.062 0.014 0.016 0.020 0.203 0.011 0.012 0.199 0.021 0.006 0.014 0.371 0.008 0.034 
215  BDNB_71    (0)    3 :  0.048 0.010 0.011 0.418 0.017 0.053 0.009 0.088 0.014 0.105 0.021 0.006 0.066 0.008 0.124 
216  BDNB_72    (0)    3 :  0.013 0.203 0.083 0.021 0.012 0.078 0.012 0.013 0.011 0.018 0.035 0.005 0.394 0.014 0.086 
217  BDNB_73    (0)    3 :  0.058 0.110 0.012 0.093 0.011 0.028 0.063 0.030 0.306 0.022 0.037 0.003 0.097 0.020 0.109 
218  BDNB_74    (0)    3 :  0.005 0.005 0.013 0.007 0.009 0.008 0.026 0.009 0.012 0.007 0.008 0.005 0.874 0.005 0.008 
219  BDNB_75    (0)    3 :  0.516 0.041 0.013 0.021 0.007 0.030 0.009 0.013 0.048 0.020 0.011 0.013 0.200 0.043 0.015 
220    BSB_1    (0)    4 :  0.095 0.037 0.041 0.012 0.081 0.019 0.015 0.093 0.106 0.066 0.233 0.018 0.018 0.148 0.019 
221    BSB_2    (0)    4 :  0.008 0.048 0.064 0.105 0.329 0.047 0.011 0.146 0.008 0.035 0.017 0.007 0.017 0.072 0.086 
222    BSB_3    (0)    4 :  0.020 0.006 0.045 0.011 0.021 0.413 0.143 0.008 0.023 0.048 0.010 0.008 0.015 0.062 0.166 
223    BSB_4    (0)    4 :  0.013 0.014 0.014 0.026 0.324 0.009 0.015 0.181 0.022 0.017 0.006 0.007 0.283 0.010 0.060 
224    BSB_5    (0)    4 :  0.023 0.011 0.046 0.018 0.043 0.045 0.038 0.634 0.032 0.023 0.013 0.009 0.027 0.015 0.024 
225    BSB_6    (0)    4 :  0.010 0.012 0.009 0.015 0.035 0.016 0.041 0.770 0.011 0.024 0.011 0.008 0.006 0.021 0.011 
226    BSB_7   (33)    4 :  0.030 0.049 0.016 0.014 0.040 0.016 0.014 0.151 0.026 0.078 0.037 0.133 0.032 0.052 0.312 
227    BSB_8    (0)    4 :  0.015 0.018 0.014 0.006 0.051 0.022 0.031 0.021 0.013 0.017 0.033 0.050 0.221 0.408 0.081 
