

----------------------------------------------------
STRUCTURE by Pritchard, Stephens and Donnelly (2000)
     and Falush, Stephens and Pritchard (2003)
       Code by Pritchard, Falush and Hubisz
             Version 2.3.4 (Jul 2012)
----------------------------------------------------



Command line arguments:   structure -m /global/home/hpc3579/salmon/mainparamsnewfoundlandfiles/mainparamsnewfoundland10 -e /global/home/hpc3579/salmon/extraparams_newfoundlandfile -K 10 
Input File:    /global/home/hpc3579/salmon/NewfoundlandStruc.txt

Run parameters:
   5235 individuals
   15 loci
   10 populations assumed
   100000 Burn-in period
   1000000 Reps


--------------------------------------------
Proportion of membership of each pre-defined
 population in each of the 10 clusters

Given    Inferred Clusters                                                        Number of
 Pop       1      2      3      4      5      6      7      8      9     10      Individuals

  1:     0.021  0.018  0.043  0.024  0.016  0.023  0.023  0.029  0.795  0.007       68
  2:     0.066  0.018  0.186  0.131  0.132  0.158  0.091  0.128  0.057  0.033       76
  3:     0.069  0.015  0.222  0.068  0.119  0.132  0.067  0.231  0.061  0.017       75
  4:     0.081  0.032  0.130  0.054  0.063  0.066  0.063  0.138  0.308  0.066       78
  5:     0.036  0.015  0.071  0.612  0.067  0.039  0.069  0.043  0.036  0.013       80
  6:     0.051  0.011  0.040  0.049  0.026  0.703  0.034  0.040  0.027  0.019       77
  7:     0.019  0.015  0.025  0.056  0.015  0.778  0.026  0.034  0.019  0.012       99
  8:     0.050  0.020  0.125  0.373  0.065  0.051  0.168  0.074  0.056  0.019       78
  9:     0.044  0.018  0.045  0.066  0.086  0.542  0.072  0.072  0.040  0.015       74
 10:     0.029  0.013  0.716  0.029  0.031  0.035  0.050  0.048  0.039  0.010      100
 11:     0.032  0.024  0.541  0.053  0.046  0.032  0.053  0.092  0.105  0.021      100
 12:     0.040  0.019  0.073  0.530  0.049  0.089  0.097  0.055  0.032  0.016       75
 13:     0.035  0.011  0.071  0.544  0.065  0.076  0.108  0.054  0.027  0.009       77
 14:     0.049  0.022  0.089  0.475  0.048  0.071  0.127  0.065  0.037  0.019       82
 15:     0.034  0.016  0.059  0.640  0.051  0.029  0.064  0.067  0.027  0.011       75
 16:     0.047  0.016  0.172  0.065  0.161  0.185  0.103  0.181  0.044  0.026       56
 17:     0.036  0.015  0.048  0.606  0.052  0.043  0.098  0.070  0.022  0.009       70
 18:     0.028  0.010  0.022  0.033  0.025  0.780  0.023  0.051  0.015  0.013       82
 19:     0.024  0.021  0.093  0.026  0.022  0.020  0.038  0.052  0.695  0.010       75
 20:     0.027  0.011  0.587  0.051  0.031  0.024  0.060  0.028  0.169  0.013       57
 21:     0.016  0.020  0.021  0.021  0.018  0.024  0.019  0.016  0.807  0.037      111
 22:     0.071  0.109  0.116  0.094  0.043  0.050  0.121  0.074  0.306  0.016       88
 23:     0.052  0.026  0.413  0.093  0.056  0.119  0.068  0.121  0.035  0.017       69
 24:     0.028  0.013  0.026  0.698  0.044  0.072  0.058  0.034  0.016  0.011       75
 25:     0.034  0.014  0.169  0.038  0.058  0.039  0.056  0.050  0.534  0.008      100
 26:     0.041  0.015  0.084  0.079  0.039  0.647  0.048  0.021  0.019  0.007       76
 27:     0.051  0.013  0.256  0.037  0.048  0.045  0.064  0.074  0.385  0.028       84
 28:     0.055  0.014  0.094  0.043  0.034  0.024  0.055  0.033  0.639  0.010       74
 29:     0.022  0.045  0.020  0.017  0.590  0.019  0.017  0.024  0.097  0.149       51
 30:     0.019  0.017  0.037  0.036  0.022  0.034  0.022  0.039  0.742  0.033       75
 31:     0.009  0.008  0.012  0.012  0.011  0.010  0.010  0.010  0.011  0.906       71
 32:     0.062  0.024  0.057  0.440  0.063  0.099  0.119  0.082  0.037  0.016       66
 33:     0.602  0.017  0.056  0.059  0.055  0.052  0.044  0.077  0.028  0.010       81
 34:     0.053  0.017  0.137  0.088  0.046  0.063  0.078  0.466  0.033  0.018       50
 35:     0.024  0.013  0.091  0.155  0.214  0.074  0.331  0.066  0.023  0.009       50
 36:     0.021  0.020  0.042  0.053  0.034  0.026  0.753  0.024  0.019  0.008      100
 37:     0.693  0.016  0.041  0.031  0.040  0.028  0.040  0.075  0.025  0.011       94
 38:     0.073  0.022  0.067  0.087  0.481  0.075  0.080  0.082  0.021  0.012      100
 39:     0.080  0.011  0.105  0.097  0.050  0.057  0.081  0.459  0.045  0.016       50
 40:     0.056  0.023  0.113  0.128  0.168  0.082  0.296  0.079  0.043  0.012       98
 41:     0.025  0.016  0.042  0.051  0.049  0.030  0.659  0.072  0.034  0.022       50
 42:     0.849  0.008  0.026  0.014  0.022  0.015  0.014  0.026  0.017  0.010       99
 43:     0.057  0.018  0.140  0.132  0.134  0.102  0.317  0.052  0.034  0.016       99
 44:     0.053  0.013  0.092  0.081  0.086  0.047  0.089  0.496  0.026  0.017      100
 45:     0.096  0.019  0.193  0.105  0.102  0.049  0.080  0.325  0.021  0.010       48
 46:     0.678  0.010  0.053  0.056  0.037  0.039  0.040  0.043  0.039  0.006       28
 47:     0.072  0.038  0.101  0.070  0.055  0.045  0.132  0.417  0.055  0.015       50
 48:     0.093  0.017  0.079  0.048  0.037  0.073  0.027  0.591  0.021  0.014      100
 49:     0.052  0.011  0.101  0.083  0.060  0.071  0.072  0.511  0.018  0.022       50
 50:     0.661  0.020  0.042  0.070  0.052  0.043  0.044  0.034  0.024  0.010       41
 51:     0.053  0.020  0.081  0.091  0.049  0.086  0.104  0.454  0.044  0.018       50
 52:     0.029  0.016  0.052  0.033  0.678  0.035  0.078  0.042  0.025  0.012      100
 53:     0.027  0.017  0.033  0.055  0.043  0.044  0.702  0.031  0.038  0.009       98
 54:     0.146  0.025  0.074  0.109  0.116  0.087  0.184  0.210  0.038  0.010      100
 55:     0.008  0.923  0.009  0.009  0.009  0.010  0.008  0.008  0.009  0.007       95
 56:     0.026  0.007  0.082  0.080  0.526  0.055  0.124  0.042  0.049  0.009       50
 57:     0.076  0.017  0.202  0.078  0.066  0.073  0.062  0.292  0.103  0.033       70
 58:     0.613  0.016  0.042  0.058  0.044  0.046  0.077  0.074  0.023  0.008      100
 59:     0.045  0.015  0.135  0.082  0.084  0.070  0.087  0.420  0.051  0.010       50
 60:     0.014  0.007  0.017  0.020  0.874  0.013  0.018  0.020  0.012  0.005       50
 61:     0.066  0.015  0.171  0.110  0.079  0.047  0.322  0.141  0.032  0.018      100
 62:     0.735  0.015  0.028  0.048  0.045  0.023  0.054  0.025  0.016  0.011       41
 63:     0.630  0.015  0.050  0.048  0.058  0.045  0.050  0.072  0.021  0.010      100
 64:     0.053  0.013  0.076  0.051  0.473  0.032  0.124  0.139  0.021  0.018       50
 65:     0.594  0.028  0.041  0.075  0.052  0.049  0.066  0.048  0.038  0.009      100
 66:     0.061  0.016  0.050  0.068  0.089  0.058  0.057  0.556  0.019  0.026       49
 67:     0.092  0.017  0.111  0.101  0.067  0.093  0.089  0.362  0.035  0.032      100
 68:     0.186  0.011  0.124  0.054  0.177  0.042  0.205  0.145  0.038  0.018       50
 69:     0.046  0.009  0.097  0.071  0.495  0.047  0.077  0.120  0.021  0.016      100
--------------------------------------------

Allele-freq. divergence among pops (Net nucleotide distance),
computed using point estimates of P.

      1       2       3       4       5       6       7       8       9      10      
 1      -    0.1022  0.0235  0.0228  0.0272  0.0287  0.0239  0.0187  0.0460  0.0921  
 2   0.1022     -    0.0880  0.0887  0.0975  0.0974  0.0843  0.0930  0.0982  0.1315  
 3   0.0235  0.0880     -    0.0112  0.0134  0.0172  0.0105  0.0108  0.0177  0.0750  
 4   0.0228  0.0887  0.0112     -    0.0146  0.0123  0.0081  0.0157  0.0309  0.0736  
 5   0.0272  0.0975  0.0134  0.0146     -    0.0211  0.0123  0.0188  0.0367  0.0788  
 6   0.0287  0.0974  0.0172  0.0123  0.0211     -    0.0140  0.0191  0.0373  0.0797  
 7   0.0239  0.0843  0.0105  0.0081  0.0123  0.0140     -    0.0141  0.0292  0.0691  
 8   0.0187  0.0930  0.0108  0.0157  0.0188  0.0191  0.0141     -    0.0312  0.0806  
 9   0.0460  0.0982  0.0177  0.0309  0.0367  0.0373  0.0292  0.0312     -    0.0775  
10   0.0921  0.1315  0.0750  0.0736  0.0788  0.0797  0.0691  0.0806  0.0775     -    

Average distances (expected heterozygosity) between individuals in same cluster:
cluster  1  : 0.8689 
cluster  2  : 0.7136 
cluster  3  : 0.8693 
cluster  4  : 0.8757 
cluster  5  : 0.8658 
cluster  6  : 0.8542 
cluster  7  : 0.8793 
cluster  8  : 0.8600 
cluster  9  : 0.8414 
cluster 10  : 0.7836 

--------------------------------------------
Estimated Ln Prob of Data   = -389513.2
Mean value of ln likelihood = -383669.7
Variance of ln likelihood   = 11687.0
Mean value of alpha         = 0.0455

Mean value of Fst_1         = 0.0202
Mean value of Fst_2         = 0.1818
Mean value of Fst_3         = 0.0138
Mean value of Fst_4         = 0.0135
Mean value of Fst_5         = 0.0166
Mean value of Fst_6         = 0.0214
Mean value of Fst_7         = 0.0133
Mean value of Fst_8         = 0.0122
Mean value of Fst_9         = 0.0297
Mean value of Fst_10         = 0.1436


Inferred ancestry of individuals:
        Label (%Miss) Pop:  Inferred clusters
  1    BBA_1    (0)    1 :  0.013 0.004 0.017 0.011 0.021 0.010 0.006 0.008 0.907 0.003 
  2    BBA_2    (0)    1 :  0.011 0.004 0.008 0.012 0.006 0.005 0.015 0.017 0.919 0.003 
  3    BBA_3    (0)    1 :  0.006 0.006 0.006 0.006 0.007 0.013 0.008 0.010 0.933 0.004 
  4    BBA_4    (0)    1 :  0.015 0.027 0.070 0.011 0.015 0.019 0.031 0.074 0.733 0.006 
  5    BBA_5    (0)    1 :  0.005 0.006 0.010 0.008 0.005 0.008 0.008 0.006 0.941 0.003 
  6    BBA_6    (0)    1 :  0.010 0.003 0.068 0.019 0.011 0.018 0.009 0.023 0.834 0.005 
  7    BBA_7    (0)    1 :  0.006 0.017 0.006 0.007 0.005 0.008 0.010 0.011 0.925 0.005 
  8    BBA_8    (0)    1 :  0.006 0.005 0.024 0.030 0.013 0.041 0.017 0.012 0.813 0.038 
  9    BBA_9    (0)    1 :  0.007 0.005 0.006 0.005 0.005 0.008 0.004 0.005 0.953 0.003 
 10   BBA_10    (0)    1 :  0.015 0.006 0.015 0.012 0.009 0.071 0.007 0.010 0.852 0.003 
 11   BBA_11    (0)    1 :  0.023 0.005 0.060 0.009 0.046 0.010 0.009 0.011 0.822 0.004 
 12   BBA_12    (0)    1 :  0.005 0.005 0.011 0.006 0.007 0.008 0.006 0.010 0.938 0.003 
 13   BBA_13    (0)    1 :  0.013 0.005 0.034 0.010 0.007 0.052 0.084 0.527 0.263 0.004 
 14   BBA_14    (0)    1 :  0.011 0.020 0.009 0.016 0.017 0.020 0.012 0.011 0.878 0.008 
 15   BBA_15    (0)    1 :  0.026 0.003 0.017 0.148 0.018 0.051 0.010 0.103 0.619 0.004 
 16   BBA_16    (0)    1 :  0.016 0.096 0.012 0.006 0.006 0.013 0.006 0.008 0.834 0.004 
 17   BBA_17    (0)    1 :  0.030 0.109 0.011 0.008 0.015 0.016 0.008 0.023 0.758 0.023 
 18   BBA_18    (0)    1 :  0.006 0.003 0.007 0.006 0.006 0.005 0.004 0.007 0.951 0.004 
 19   BBA_19    (0)    1 :  0.005 0.006 0.008 0.008 0.007 0.010 0.007 0.007 0.936 0.006 
 20   BBA_20    (0)    1 :  0.006 0.004 0.017 0.010 0.006 0.007 0.008 0.010 0.929 0.003 
 21   BBA_21    (0)    1 :  0.013 0.016 0.076 0.025 0.013 0.050 0.028 0.014 0.744 0.020 
 22   BBA_22    (0)    1 :  0.033 0.014 0.219 0.017 0.010 0.022 0.009 0.030 0.610 0.035 
 23   BBA_23    (0)    1 :  0.006 0.008 0.007 0.010 0.005 0.006 0.005 0.007 0.942 0.005 
 24   BBA_24    (0)    1 :  0.031 0.020 0.017 0.011 0.014 0.018 0.024 0.009 0.852 0.004 
 25   BBA_25    (0)    1 :  0.004 0.009 0.005 0.005 0.004 0.004 0.005 0.007 0.953 0.003 
 26   BBA_26    (0)    1 :  0.027 0.011 0.573 0.099 0.092 0.052 0.017 0.062 0.058 0.009 
 27   BBA_27    (0)    1 :  0.009 0.004 0.013 0.009 0.012 0.028 0.009 0.010 0.900 0.008 
 28   BBA_28    (0)    1 :  0.006 0.006 0.007 0.013 0.005 0.007 0.008 0.009 0.934 0.003 
 29   BBA_29    (0)    1 :  0.011 0.027 0.015 0.016 0.019 0.028 0.012 0.013 0.849 0.009 
 30   BBA_30    (0)    1 :  0.012 0.007 0.010 0.013 0.005 0.008 0.009 0.008 0.924 0.004 
 31   BBA_31    (0)    1 :  0.011 0.005 0.076 0.013 0.010 0.018 0.014 0.013 0.837 0.003 
 32   BBA_32    (0)    1 :  0.009 0.008 0.012 0.015 0.015 0.010 0.036 0.015 0.874 0.005 
 33   BBA_33    (0)    1 :  0.022 0.029 0.030 0.032 0.069 0.098 0.033 0.030 0.649 0.007 
 34   BBA_34    (0)    1 :  0.117 0.052 0.040 0.054 0.019 0.039 0.048 0.016 0.596 0.017 
 35   BBA_35    (0)    1 :  0.012 0.009 0.016 0.043 0.015 0.012 0.025 0.028 0.836 0.004 
 36   BBA_36    (0)    1 :  0.008 0.009 0.008 0.016 0.011 0.034 0.012 0.008 0.890 0.004 
 37   BBA_37    (0)    1 :  0.035 0.010 0.040 0.028 0.009 0.113 0.008 0.039 0.712 0.005 
 38   BBA_38    (0)    1 :  0.033 0.145 0.309 0.037 0.057 0.033 0.057 0.020 0.307 0.003 
 39   BBA_39    (0)    1 :  0.012 0.005 0.017 0.010 0.008 0.007 0.008 0.014 0.915 0.003 
 40   BBA_40    (0)    1 :  0.013 0.053 0.039 0.018 0.007 0.013 0.013 0.007 0.823 0.012 
 41   BBA_41    (0)    1 :  0.014 0.005 0.059 0.036 0.013 0.051 0.014 0.027 0.769 0.012 
 42   BBA_42    (0)    1 :  0.041 0.005 0.041 0.066 0.050 0.045 0.042 0.022 0.683 0.005 
 43   BBA_43    (0)    1 :  0.009 0.003 0.008 0.008 0.005 0.006 0.008 0.008 0.942 0.002 
 44   BBA_44    (0)    1 :  0.007 0.007 0.008 0.008 0.007 0.009 0.006 0.006 0.939 0.003 
 45   BBA_45    (0)    1 :  0.005 0.006 0.006 0.009 0.004 0.006 0.004 0.005 0.951 0.003 
 46   BBA_46    (0)    1 :  0.005 0.003 0.005 0.006 0.005 0.006 0.005 0.005 0.957 0.002 
 47   BBA_47    (0)    1 :  0.022 0.009 0.092 0.009 0.010 0.013 0.010 0.025 0.792 0.019 
 48   BBA_48    (0)    1 :  0.028 0.006 0.014 0.102 0.010 0.015 0.012 0.020 0.785 0.007 
 49   BBA_49    (0)    1 :  0.015 0.072 0.059 0.057 0.027 0.089 0.092 0.099 0.485 0.003 
 50   BBA_50    (0)    1 :  0.008 0.015 0.016 0.054 0.007 0.010 0.018 0.034 0.829 0.008 
 51   BBA_51    (0)    1 :  0.010 0.005 0.236 0.014 0.009 0.009 0.062 0.021 0.624 0.011 
 52   BBA_52    (0)    1 :  0.011 0.004 0.009 0.022 0.009 0.038 0.013 0.019 0.872 0.004 
 53   BBA_53    (0)    1 :  0.010 0.005 0.083 0.016 0.012 0.017 0.025 0.023 0.800 0.010 
 54   BBA_54    (0)    1 :  0.015 0.004 0.012 0.011 0.014 0.014 0.016 0.027 0.868 0.020 
 55   BBA_55    (0)    1 :  0.084 0.066 0.073 0.120 0.123 0.047 0.287 0.035 0.159 0.005 
 56   BBA_56    (0)    1 :  0.008 0.003 0.027 0.013 0.013 0.025 0.008 0.027 0.870 0.006 
 57   BBA_57    (0)    1 :  0.008 0.006 0.011 0.009 0.017 0.011 0.011 0.008 0.913 0.005 
 58   BBA_58    (0)    1 :  0.022 0.006 0.015 0.017 0.015 0.014 0.016 0.025 0.863 0.008 
 59   BBA_59    (0)    1 :  0.011 0.004 0.010 0.011 0.013 0.027 0.009 0.010 0.901 0.004 
 60   BBA_60    (0)    1 :  0.021 0.113 0.026 0.035 0.009 0.020 0.009 0.014 0.745 0.008 
 61   BBA_61    (0)    1 :  0.007 0.003 0.010 0.006 0.004 0.008 0.006 0.028 0.925 0.004 
 62   BBA_62    (0)    1 :  0.007 0.015 0.011 0.014 0.008 0.025 0.006 0.011 0.901 0.004 
 63   BBA_63    (0)    1 :  0.022 0.003 0.009 0.014 0.009 0.019 0.008 0.014 0.901 0.002 
 64   BBA_64    (0)    1 :  0.006 0.008 0.006 0.010 0.005 0.006 0.008 0.006 0.940 0.005 
 65   BBA_65    (0)    1 :  0.036 0.013 0.012 0.022 0.043 0.042 0.029 0.019 0.776 0.009 
 66   BBA_66    (0)    1 :  0.302 0.012 0.058 0.111 0.019 0.011 0.095 0.046 0.341 0.005 
 67   BBA_67    (0)    1 :  0.016 0.007 0.018 0.011 0.014 0.009 0.017 0.011 0.893 0.004 
 68   BBA_68    (0)    1 :  0.021 0.050 0.015 0.011 0.010 0.008 0.067 0.113 0.700 0.006 
 69    BDN_1    (0)    2 :  0.023 0.027 0.020 0.024 0.148 0.089 0.623 0.036 0.006 0.003 
 70    BDN_2    (0)    2 :  0.014 0.004 0.178 0.172 0.136 0.103 0.216 0.139 0.023 0.014 
 71    BDN_3    (0)    2 :  0.075 0.060 0.069 0.052 0.028 0.098 0.100 0.276 0.036 0.206 
 72    BDN_4   (13)    2 :  0.461 0.005 0.215 0.020 0.032 0.097 0.079 0.067 0.015 0.010 
 73    BDN_5   (13)    2 :  0.091 0.015 0.248 0.040 0.239 0.188 0.030 0.108 0.025 0.017 
 74    BDN_6    (6)    2 :  0.022 0.008 0.108 0.192 0.015 0.021 0.124 0.416 0.008 0.086 
 75    BDN_7    (0)    2 :  0.013 0.015 0.082 0.721 0.032 0.026 0.015 0.077 0.010 0.010 
 76    BDN_8    (6)    2 :  0.024 0.012 0.096 0.436 0.034 0.110 0.253 0.012 0.008 0.015 
 77    BDN_9    (0)    2 :  0.064 0.005 0.028 0.032 0.124 0.042 0.098 0.103 0.498 0.005 
 78   BDN_10    (0)    2 :  0.034 0.003 0.069 0.020 0.086 0.032 0.141 0.279 0.330 0.006 
 79   BDN_11    (0)    2 :  0.089 0.011 0.076 0.102 0.039 0.270 0.029 0.367 0.007 0.009 
 80   BDN_12    (0)    2 :  0.012 0.004 0.105 0.100 0.101 0.075 0.043 0.547 0.009 0.004 
 81   BDN_13   (13)    2 :  0.109 0.025 0.319 0.014 0.312 0.033 0.083 0.078 0.015 0.012 
 82   BDN_14    (0)    2 :  0.120 0.014 0.240 0.076 0.085 0.063 0.278 0.087 0.035 0.003 
 83   BDN_15    (6)    2 :  0.011 0.027 0.039 0.072 0.047 0.480 0.042 0.238 0.016 0.028 
 84   BDN_16    (6)    2 :  0.100 0.016 0.565 0.091 0.017 0.048 0.030 0.056 0.074 0.004 
 85   BDN_17   (13)    2 :  0.027 0.128 0.069 0.018 0.119 0.035 0.034 0.157 0.020 0.392 
 86   BDN_18    (0)    2 :  0.081 0.003 0.142 0.051 0.123 0.233 0.258 0.084 0.020 0.004 
 87   BDN_19    (0)    2 :  0.009 0.013 0.756 0.012 0.100 0.033 0.011 0.038 0.024 0.003 
 88   BDN_20   (13)    2 :  0.091 0.080 0.083 0.070 0.126 0.232 0.035 0.185 0.057 0.041 
 89   BDN_21   (13)    2 :  0.021 0.049 0.067 0.019 0.150 0.035 0.015 0.603 0.037 0.005 
 90   BDN_22    (6)    2 :  0.007 0.018 0.064 0.037 0.019 0.059 0.061 0.055 0.666 0.014 
 91   BDN_23    (0)    2 :  0.043 0.005 0.144 0.057 0.054 0.566 0.017 0.037 0.070 0.007 
 92   BDN_24    (0)    2 :  0.012 0.016 0.146 0.041 0.357 0.229 0.133 0.040 0.020 0.007 
 93   BDN_25   (13)    2 :  0.014 0.010 0.165 0.168 0.219 0.353 0.020 0.020 0.024 0.007 
 94   BDN_26    (0)    2 :  0.007 0.004 0.018 0.016 0.058 0.528 0.016 0.029 0.024 0.300 
 95   BDN_27    (0)    2 :  0.024 0.005 0.070 0.020 0.209 0.268 0.293 0.089 0.018 0.004 
 96   BDN_28   (13)    2 :  0.112 0.012 0.059 0.233 0.090 0.033 0.072 0.372 0.013 0.004 
 97   BDN_29    (0)    2 :  0.016 0.006 0.020 0.019 0.012 0.648 0.088 0.104 0.028 0.058 
 98   BDN_30    (0)    2 :  0.020 0.124 0.393 0.013 0.138 0.015 0.115 0.141 0.032 0.008 
 99   BDN_31    (0)    2 :  0.031 0.005 0.828 0.025 0.018 0.030 0.008 0.021 0.031 0.003 
100   BDN_32    (0)    2 :  0.012 0.008 0.012 0.492 0.017 0.029 0.131 0.205 0.088 0.007 
101   BDN_33    (0)    2 :  0.007 0.017 0.338 0.043 0.253 0.052 0.097 0.174 0.009 0.010 
102   BDN_34    (0)    2 :  0.610 0.003 0.102 0.026 0.122 0.034 0.018 0.072 0.008 0.004 
103   BDN_35    (0)    2 :  0.014 0.007 0.110 0.015 0.566 0.050 0.187 0.020 0.028 0.003 
104   BDN_36    (0)    2 :  0.014 0.006 0.190 0.095 0.051 0.219 0.096 0.277 0.032 0.021 
105   BDN_37    (0)    2 :  0.018 0.007 0.670 0.022 0.121 0.039 0.021 0.070 0.015 0.018 
106   BDN_38    (0)    2 :  0.023 0.006 0.224 0.055 0.154 0.039 0.027 0.012 0.019 0.443 
107   BDN_39    (0)    2 :  0.031 0.004 0.186 0.200 0.254 0.036 0.028 0.164 0.033 0.064 
108   BDN_40    (0)    2 :  0.010 0.006 0.054 0.107 0.542 0.102 0.012 0.012 0.006 0.149 
109   BDN_41    (0)    2 :  0.124 0.005 0.133 0.070 0.035 0.101 0.112 0.366 0.015 0.039 
110   BDN_42   (13)    2 :  0.099 0.003 0.323 0.050 0.035 0.296 0.025 0.144 0.014 0.010 
111   BDN_43    (6)    2 :  0.465 0.012 0.025 0.170 0.090 0.095 0.051 0.074 0.014 0.004 
112   BDN_44    (0)    2 :  0.019 0.024 0.118 0.373 0.057 0.228 0.054 0.059 0.064 0.004 
113   BDN_45    (0)    2 :  0.027 0.022 0.069 0.079 0.164 0.461 0.134 0.024 0.012 0.007 
114   BDN_46   (13)    2 :  0.039 0.006 0.546 0.052 0.137 0.008 0.141 0.031 0.030 0.009 
115   BDN_47    (0)    2 :  0.179 0.045 0.056 0.075 0.022 0.272 0.175 0.130 0.037 0.010 
116   BDN_48    (0)    2 :  0.124 0.005 0.233 0.338 0.053 0.087 0.044 0.084 0.028 0.004 
117   BDN_49    (0)    2 :  0.037 0.004 0.027 0.075 0.509 0.305 0.010 0.013 0.016 0.003 
118   BDN_50    (0)    2 :  0.036 0.004 0.161 0.028 0.087 0.608 0.024 0.029 0.019 0.004 
119   BDN_51    (0)    2 :  0.019 0.003 0.338 0.185 0.217 0.117 0.055 0.027 0.025 0.014 
120   BDN_52    (0)    2 :  0.018 0.008 0.047 0.023 0.583 0.087 0.014 0.201 0.010 0.007 
121   BDN_53    (0)    2 :  0.129 0.009 0.041 0.404 0.032 0.131 0.018 0.177 0.054 0.003 
122   BDN_54   (13)    2 :  0.014 0.007 0.163 0.012 0.012 0.023 0.011 0.039 0.703 0.017 
123   BDN_55    (6)    2 :  0.010 0.003 0.347 0.302 0.055 0.021 0.022 0.168 0.066 0.006 
124   BDN_56   (13)    2 :  0.066 0.004 0.025 0.056 0.243 0.506 0.050 0.033 0.013 0.003 
125   BDN_57    (6)    2 :  0.024 0.082 0.079 0.111 0.096 0.112 0.398 0.057 0.033 0.009 
126   BDN_58    (6)    2 :  0.013 0.009 0.084 0.077 0.054 0.049 0.354 0.290 0.043 0.027 
127   BDN_59    (6)    2 :  0.013 0.085 0.030 0.031 0.012 0.748 0.012 0.020 0.034 0.015 
128   BDN_60    (6)    2 :  0.038 0.032 0.176 0.016 0.039 0.103 0.037 0.529 0.014 0.016 
129   BDN_61    (0)    2 :  0.173 0.006 0.165 0.098 0.283 0.170 0.052 0.017 0.014 0.023 
130   BDN_62    (0)    2 :  0.062 0.005 0.069 0.136 0.019 0.573 0.056 0.049 0.026 0.003 
131   BDN_63    (6)    2 :  0.036 0.013 0.149 0.106 0.169 0.038 0.226 0.064 0.041 0.158 
132   BDN_64    (0)    2 :  0.087 0.006 0.537 0.020 0.057 0.112 0.017 0.123 0.033 0.007 
133   BDN_65    (0)    2 :  0.023 0.033 0.084 0.201 0.079 0.099 0.064 0.172 0.226 0.020 
134   BDN_66   (13)    2 :  0.077 0.005 0.065 0.039 0.574 0.053 0.029 0.109 0.044 0.006 
135   BDN_67    (0)    2 :  0.019 0.009 0.725 0.108 0.035 0.007 0.030 0.018 0.044 0.005 
136   BDN_68    (6)    2 :  0.019 0.028 0.178 0.592 0.061 0.019 0.046 0.028 0.011 0.020 
137   BDN_69    (0)    2 :  0.030 0.006 0.208 0.204 0.055 0.186 0.101 0.191 0.011 0.007 
138   BDN_70    (6)    2 :  0.019 0.022 0.563 0.148 0.036 0.016 0.021 0.152 0.018 0.005 
139   BDN_71    (6)    2 :  0.034 0.010 0.073 0.019 0.228 0.381 0.130 0.064 0.053 0.009 
140   BDN_72    (0)    2 :  0.040 0.005 0.022 0.776 0.014 0.030 0.019 0.053 0.035 0.006 
141   BDN_73    (0)    2 :  0.257 0.012 0.042 0.537 0.025 0.027 0.041 0.036 0.020 0.004 
142   BDN_74    (0)    2 :  0.010 0.007 0.184 0.385 0.039 0.187 0.029 0.137 0.015 0.007 
143   BDN_75    (0)    2 :  0.053 0.019 0.068 0.016 0.350 0.069 0.302 0.083 0.015 0.025 
144   BDN_76    (0)    2 :  0.042 0.016 0.643 0.034 0.132 0.010 0.017 0.044 0.057 0.004 
145   BDNB_1    (0)    3 :  0.015 0.004 0.043 0.016 0.842 0.023 0.009 0.016 0.007 0.024 
146   BDNB_2    (0)    3 :  0.044 0.009 0.129 0.218 0.217 0.028 0.233 0.086 0.030 0.006 
147   BDNB_3    (0)    3 :  0.011 0.009 0.027 0.220 0.078 0.054 0.477 0.038 0.070 0.016 
148   BDNB_4    (0)    3 :  0.022 0.005 0.042 0.052 0.701 0.038 0.039 0.081 0.008 0.011 
149   BDNB_5    (0)    3 :  0.098 0.003 0.219 0.016 0.012 0.024 0.017 0.553 0.043 0.015 
150   BDNB_6    (0)    3 :  0.014 0.012 0.042 0.062 0.133 0.168 0.043 0.335 0.159 0.034 
151   BDNB_7    (0)    3 :  0.070 0.154 0.061 0.043 0.453 0.021 0.100 0.071 0.025 0.003 
152   BDNB_8    (0)    3 :  0.012 0.028 0.324 0.143 0.100 0.215 0.017 0.123 0.020 0.018 
153   BDNB_9    (0)    3 :  0.009 0.014 0.078 0.017 0.010 0.018 0.011 0.811 0.023 0.009 
154  BDNB_10    (0)    3 :  0.023 0.004 0.159 0.064 0.047 0.052 0.019 0.499 0.114 0.019 
155  BDNB_11    (0)    3 :  0.051 0.005 0.312 0.046 0.069 0.014 0.062 0.422 0.015 0.005 
156  BDNB_12    (0)    3 :  0.045 0.006 0.132 0.058 0.034 0.034 0.287 0.390 0.010 0.004 
157  BDNB_13    (0)    3 :  0.092 0.008 0.057 0.026 0.214 0.069 0.015 0.476 0.039 0.004 
158  BDNB_14    (0)    3 :  0.008 0.012 0.465 0.049 0.050 0.141 0.022 0.017 0.234 0.004 
159  BDNB_15    (0)    3 :  0.011 0.005 0.011 0.906 0.011 0.027 0.007 0.011 0.006 0.004 
160  BDNB_16    (0)    3 :  0.027 0.015 0.089 0.079 0.030 0.038 0.058 0.182 0.478 0.005 
161  BDNB_17    (6)    3 :  0.023 0.110 0.331 0.052 0.069 0.021 0.309 0.055 0.025 0.004 
162  BDNB_18    (0)    3 :  0.070 0.020 0.507 0.039 0.051 0.025 0.060 0.178 0.036 0.014 
163  BDNB_19    (0)    3 :  0.111 0.010 0.403 0.022 0.122 0.019 0.075 0.206 0.027 0.005 
164  BDNB_20    (0)    3 :  0.097 0.028 0.174 0.039 0.024 0.065 0.015 0.423 0.124 0.013 
165  BDNB_21    (0)    3 :  0.011 0.011 0.014 0.018 0.008 0.881 0.029 0.017 0.006 0.005 
166  BDNB_22    (0)    3 :  0.212 0.009 0.425 0.022 0.021 0.017 0.017 0.253 0.018 0.004 
167  BDNB_23    (0)    3 :  0.011 0.005 0.019 0.025 0.015 0.848 0.055 0.011 0.007 0.004 
168  BDNB_24    (0)    3 :  0.415 0.005 0.033 0.016 0.041 0.160 0.057 0.100 0.167 0.005 
169  BDNB_25    (0)    3 :  0.016 0.007 0.085 0.073 0.148 0.372 0.167 0.082 0.037 0.010 
170  BDNB_26    (0)    3 :  0.024 0.005 0.010 0.152 0.040 0.048 0.011 0.690 0.014 0.007 
171  BDNB_27    (0)    3 :  0.013 0.003 0.087 0.020 0.162 0.150 0.011 0.500 0.043 0.011 
172  BDNB_28    (0)    3 :  0.212 0.025 0.072 0.051 0.285 0.045 0.034 0.186 0.085 0.005 
173  BDNB_29    (0)    3 :  0.012 0.017 0.027 0.240 0.026 0.065 0.052 0.346 0.048 0.166 
174  BDNB_30    (0)    3 :  0.113 0.041 0.056 0.033 0.019 0.041 0.025 0.187 0.457 0.028 
175  BDNB_31    (0)    3 :  0.067 0.016 0.485 0.099 0.055 0.060 0.033 0.103 0.080 0.002 
176  BDNB_32    (0)    3 :  0.045 0.008 0.631 0.012 0.036 0.217 0.011 0.026 0.010 0.003 
177  BDNB_33    (0)    3 :  0.012 0.033 0.555 0.026 0.025 0.039 0.045 0.137 0.123 0.004 
178  BDNB_34    (0)    3 :  0.033 0.004 0.327 0.041 0.073 0.212 0.048 0.196 0.061 0.006 
179  BDNB_35    (0)    3 :  0.036 0.002 0.477 0.042 0.018 0.061 0.010 0.326 0.019 0.009 
180  BDNB_36    (0)    3 :  0.134 0.006 0.134 0.095 0.020 0.147 0.012 0.026 0.382 0.044 
181  BDNB_37    (0)    3 :  0.009 0.006 0.021 0.088 0.610 0.018 0.010 0.039 0.005 0.195 
182  BDNB_38    (0)    3 :  0.032 0.039 0.380 0.019 0.031 0.197 0.018 0.245 0.033 0.006 
183  BDNB_39    (0)    3 :  0.015 0.020 0.018 0.065 0.072 0.731 0.009 0.038 0.014 0.016 
184  BDNB_40    (0)    3 :  0.013 0.020 0.092 0.028 0.056 0.082 0.045 0.637 0.015 0.013 
185  BDNB_41    (0)    3 :  0.023 0.010 0.131 0.008 0.058 0.013 0.170 0.547 0.014 0.024 
186  BDNB_42    (0)    3 :  0.238 0.008 0.054 0.046 0.012 0.248 0.029 0.316 0.044 0.004 
187  BDNB_43    (0)    3 :  0.116 0.010 0.417 0.015 0.051 0.128 0.177 0.050 0.027 0.009 
188  BDNB_44    (0)    3 :  0.078 0.010 0.049 0.046 0.070 0.033 0.059 0.616 0.031 0.007 
189  BDNB_45    (0)    3 :  0.064 0.032 0.537 0.022 0.026 0.050 0.023 0.153 0.045 0.049 
190  BDNB_46    (0)    3 :  0.087 0.003 0.588 0.014 0.014 0.023 0.023 0.181 0.049 0.018 
191  BDNB_47    (0)    3 :  0.013 0.004 0.635 0.019 0.010 0.008 0.009 0.283 0.012 0.007 
192  BDNB_48    (0)    3 :  0.032 0.004 0.142 0.012 0.025 0.523 0.123 0.071 0.024 0.044 
193  BDNB_49    (0)    3 :  0.048 0.020 0.240 0.261 0.067 0.078 0.062 0.170 0.033 0.022 
194  BDNB_50    (0)    3 :  0.029 0.007 0.114 0.046 0.030 0.461 0.070 0.210 0.022 0.011 
195  BDNB_51    (0)    3 :  0.011 0.028 0.683 0.142 0.031 0.012 0.030 0.048 0.010 0.005 
196  BDNB_52    (0)    3 :  0.020 0.007 0.053 0.257 0.331 0.159 0.016 0.140 0.013 0.004 
197  BDNB_53    (0)    3 :  0.048 0.044 0.604 0.054 0.053 0.032 0.033 0.086 0.041 0.004 
198  BDNB_54    (0)    3 :  0.028 0.019 0.102 0.010 0.116 0.222 0.059 0.431 0.011 0.003 
199  BDNB_55    (0)    3 :  0.014 0.003 0.032 0.024 0.123 0.507 0.025 0.142 0.122 0.009 
200  BDNB_56    (6)    3 :  0.015 0.019 0.265 0.134 0.225 0.010 0.142 0.165 0.019 0.007 
201  BDNB_57    (0)    3 :  0.011 0.005 0.220 0.012 0.012 0.080 0.013 0.170 0.460 0.016 
202  BDNB_58    (0)    3 :  0.018 0.003 0.529 0.028 0.061 0.110 0.018 0.217 0.011 0.005 
203  BDNB_59    (0)    3 :  0.073 0.004 0.572 0.023 0.024 0.103 0.056 0.051 0.027 0.067 
204  BDNB_60    (0)    3 :  0.217 0.012 0.505 0.035 0.023 0.036 0.018 0.113 0.036 0.006 
205  BDNB_61    (0)    3 :  0.128 0.004 0.375 0.006 0.210 0.104 0.015 0.124 0.029 0.004 
206  BDNB_62    (0)    3 :  0.011 0.004 0.009 0.192 0.024 0.071 0.022 0.635 0.012 0.019 
207  BDNB_63    (0)    3 :  0.013 0.003 0.024 0.006 0.172 0.009 0.008 0.743 0.018 0.005 
208  BDNB_64    (6)    3 :  0.069 0.005 0.055 0.013 0.042 0.019 0.082 0.688 0.020 0.008 
209  BDNB_65    (0)    3 :  0.226 0.004 0.186 0.016 0.085 0.069 0.013 0.372 0.022 0.006 
210  BDNB_66    (0)    3 :  0.048 0.013 0.464 0.019 0.037 0.012 0.166 0.211 0.025 0.006 
211  BDNB_67    (0)    3 :  0.068 0.010 0.046 0.021 0.228 0.010 0.498 0.061 0.014 0.044 
212  BDNB_68    (0)    3 :  0.116 0.004 0.087 0.032 0.523 0.094 0.016 0.065 0.055 0.008 
213  BDNB_69    (0)    3 :  0.135 0.005 0.332 0.047 0.234 0.106 0.036 0.086 0.016 0.004 
214  BDNB_70    (0)    3 :  0.491 0.005 0.030 0.008 0.157 0.018 0.138 0.094 0.025 0.033 
215  BDNB_71    (0)    3 :  0.095 0.006 0.076 0.026 0.335 0.114 0.020 0.231 0.090 0.007 
216  BDNB_72    (0)    3 :  0.167 0.010 0.293 0.063 0.052 0.036 0.029 0.331 0.017 0.003 
217  BDNB_73    (0)    3 :  0.037 0.004 0.015 0.060 0.357 0.084 0.166 0.247 0.026 0.003 
218  BDNB_74    (0)    3 :  0.042 0.012 0.655 0.018 0.033 0.011 0.063 0.142 0.021 0.003 
219  BDNB_75    (0)    3 :  0.026 0.027 0.015 0.015 0.046 0.800 0.035 0.020 0.009 0.006 
220    BSB_1    (0)    4 :  0.021 0.013 0.079 0.274 0.024 0.111 0.244 0.023 0.201 0.010 
221    BSB_2    (0)    4 :  0.059 0.006 0.095 0.043 0.072 0.009 0.013 0.235 0.460 0.008 
222    BSB_3    (0)    4 :  0.786 0.016 0.026 0.011 0.018 0.023 0.049 0.053 0.014 0.004 
223    BSB_4    (0)    4 :  0.011 0.007 0.059 0.007 0.037 0.073 0.022 0.100 0.680 0.005 
224    BSB_5    (0)    4 :  0.043 0.005 0.045 0.013 0.016 0.021 0.016 0.025 0.803 0.011 
225    BSB_6    (0)    4 :  0.011 0.007 0.011 0.010 0.023 0.010 0.016 0.008 0.897 0.005 
226    BSB_7   (33)    4 :  0.022 0.040 0.045 0.054 0.040 0.041 0.073 0.314 0.153 0.217 
227    BSB_8    (0)    4 :  0.036 0.232 0.061 0.424 0.016 0.070 0.029 0.080 0.047 0.006 
228    BSB_9    (0)    4 :  0.623 0.008 0.136 0.033 0.014 0.026 0.018 0.085 0.052 0.004 
229   BSB_10    (0)    4 :  0.136 0.006 0.053 0.030 0.069 0.067 0.054 0.449 0.112 0.025 
230   BSB_11    (0)    4 :  0.076 0.296 0.138 0.029 0.029 0.059 0.045 0.027 0.298 0.004 
231   BSB_12    (0)    4 :  0.077 0.112 0.099 0.087 0.015 0.313 0.030 0.154 0.097 0.017 
232   BSB_13    (0)    4 :  0.015 0.007 0.034 0.029 0.154 0.014 0.063 0.541 0.110 0.032 
233   BSB_14    (0)    4 :  0.048 0.006 0.143 0.016 0.035 0.011 0.045 0.480 0.204 0.011 
234   BSB_15    (0)    4 :  0.005 0.032 0.125 0.065 0.013 0.356 0.118 0.031 0.214 0.041 
235   BSB_16    (6)    4 :  0.057 0.004 0.310 0.019 0.035 0.067 0.029 0.097 0.375 0.007 
236   BSB_17    (0)    4 :  0.017 0.014 0.198 0.022 0.098 0.013 0.025 0.136 0.473 0.004 
237   BSB_18    (0)    4 :  0.084 0.070 0.123 0.023 0.031 0.022 0.112 0.249 0.281 0.004 
238   BSB_19    (0)    4 :  0.008 0.009 0.036 0.007 0.021 0.327 0.027 0.019 0.526 0.020 
239   BSB_20    (0)    4 :  0.006 0.054 0.173 0.043 0.104 0.019 0.153 0.061 0.382 0.005 
240   BSB_21    (0)    4 :  0.018 0.013 0.109 0.050 0.267 0.008 0.015 0.276 0.239 0.004 
241   BSB_22    (0)    4 :  0.726 0.010 0.060 0.024 0.014 0.010 0.045 0.044 0.063 0.004 
242   BSB_23    (0)    4 :  0.088 0.020 0.053 0.009 0.064 0.039 0.023 0.070 0.627 0.007 
243   BSB_24    (0)    4 :  0.009 0.048 0.017 0.009 0.007 0.009 0.009 0.021 0.867 0.004 
244   BSB_25    (0)    4 :  0.046 0.024 0.094 0.009 0.012 0.022 0.011 0.021 0.756 0.005 
245   BSB_26    (0)    4 :  0.025 0.008 0.088 0.017 0.024 0.013 0.021 0.044 0.754 0.005 
246   BSB_27    (0)    4 :  0.011 0.017 0.293 0.015 0.039 0.145 0.136 0.036 0.306 0.003 
247   BSB_28    (0)    4 :  0.408 0.014 0.025 0.012 0.014 0.010 0.020 0.425 0.029 0.043 
248   BSB_29    (0)    4 :  0.012 0.010 0.040 0.009 0.014 0.006 0.012 0.017 0.827 0.053 
249   BSB_30    (0)    4 :  0.120 0.007 0.541 0.034 0.035 0.012 0.015 0.049 0.182 0.005 
250   BSB_31    (0)    4 :  0.031 0.008 0.024 0.047 0.318 0.148 0.368 0.025 0.015 0.017 
251   BSB_32    (0)    4 :  0.011 0.004 0.029 0.018 0.012 0.007 0.008 0.020 0.886 0.005 
252   BSB_33    (0)    4 :  0.038 0.018 0.085 0.068 0.047 0.049 0.085 0.360 0.242 0.009 
253   BSB_34    (0)    4 :  0.015 0.014 0.183 0.020 0.019 0.023 0.078 0.051 0.588 0.010 
254   BSB_35    (0)    4 :  0.012 0.003 0.022 0.007 0.008 0.016 0.007 0.013 0.908 0.005 
255   BSB_36    (0)    4 :  0.010 0.014 0.244 0.018 0.028 0.113 0.137 0.029 0.393 0.015 
256   BSB_37    (0)    4 :  0.015 0.013 0.042 0.029 0.091 0.008 0.025 0.024 0.749 0.004 
257   BSB_38   (60)    4 :  0.009 0.013 0.006 0.020 0.007 0.090 0.029 0.008 0.005 0.815 
258   BSB_39    (0)    4 :  0.022 0.059 0.022 0.082 0.056 0.312 0.030 0.357 0.033 0.025 
259   BSB_40    (0)    4 :  0.015 0.004 0.069 0.226 0.028 0.109 0.036 0.020 0.486 0.006 
260   BSB_41    (0)    4 :  0.123 0.010 0.176 0.033 0.127 0.050 0.029 0.217 0.116 0.120 
261   BSB_42    (0)    4 :  0.020 0.092 0.257 0.145 0.068 0.039 0.043 0.017 0.295 0.024 
262   BSB_43    (0)    4 :  0.014 0.010 0.052 0.019 0.031 0.033 0.435 0.024 0.376 0.007 
263   BSB_44    (0)    4 :  0.233 0.056 0.070 0.013 0.021 0.015 0.191 0.012 0.304 0.084 
264   BSB_45    (0)    4 :  0.025 0.010 0.193 0.053 0.041 0.128 0.050 0.363 0.134 0.003 
265   BSB_46    (0)    4 :  0.019 0.032 0.022 0.026 0.045 0.017 0.013 0.662 0.156 0.008 
266   BSB_47    (0)    4 :  0.010 0.050 0.236 0.027 0.067 0.028 0.020 0.048 0.505 0.010 
267   BSB_48    (0)    4 :  0.012 0.007 0.240 0.189 0.054 0.301 0.048 0.047 0.091 0.012 
268   BSB_49    (0)    4 :  0.013 0.011 0.108 0.447 0.045 0.081 0.080 0.029 0.169 0.016 
269   BSB_50   (60)    4 :  0.007 0.004 0.005 0.020 0.006 0.006 0.057 0.005 0.005 0.884 
270   BSB_51    (0)    4 :  0.028 0.007 0.158 0.260 0.036 0.155 0.185 0.089 0.075 0.007 
271   BSB_52    (0)    4 :  0.085 0.012 0.091 0.018 0.049 0.015 0.024 0.466 0.235 0.005 
272   BSB_53    (0)    4 :  0.016 0.005 0.218 0.010 0.029 0.017 0.030 0.240 0.422 0.012 
273   BSB_54    (0)    4 :  0.011 0.006 0.088 0.137 0.012 0.018 0.014 0.677 0.028 0.010 
274   BSB_55    (0)    4 :  0.359 0.013 0.138 0.058 0.023 0.029 0.211 0.048 0.115 0.007 
275   BSB_56    (0)    4 :  0.150 0.003 0.120 0.021 0.307 0.022 0.022 0.227 0.068 0.060 
276   BSB_57    (0)    4 :  0.125 0.510 0.099 0.054 0.019 0.009 0.042 0.090 0.046 0.006 
277   BSB_58    (0)    4 :  0.046 0.009 0.635 0.026 0.038 0.127 0.035 0.065 0.015 0.004 
278   BSB_59    (0)    4 :  0.018 0.049 0.101 0.024 0.021 0.023 0.016 0.027 0.669 0.053 
279   BSB_60   (60)    4 :  0.006 0.004 0.005 0.007 0.008 0.008 0.004 0.008 0.010 0.940 
280   BSB_61    (0)    4 :  0.011 0.009 0.057 0.022 0.033 0.019 0.041 0.033 0.699 0.076 
281   BSB_62    (0)    4 :  0.034 0.025 0.073 0.019 0.086 0.008 0.220 0.014 0.518 0.003 
282   BSB_63    (0)    4 :  0.243 0.013 0.269 0.010 0.052 0.010 0.008 0.063 0.328 0.004 
283   BSB_64    (0)    4 :  0.059 0.042 0.211 0.012 0.023 0.037 0.064 0.039 0.444 0.069 
284   BSB_65    (0)    4 :  0.091 0.065 0.178 0.044 0.041 0.032 0.028 0.151 0.350 0.022 
285   BSB_66    (0)    4 :  0.005 0.041 0.290 0.095 0.118 0.100 0.029 0.023 0.285 0.015 
286   BSB_67    (0)    4 :  0.020 0.017 0.074 0.016 0.030 0.046 0.110 0.469 0.178 0.041 
287   BSB_68    (0)    4 :  0.069 0.004 0.043 0.012 0.013 0.759 0.008 0.036 0.017 0.038 
288   BSB_69    (0)    4 :  0.124 0.010 0.192 0.046 0.522 0.039 0.026 0.030 0.009 0.003 
289   BSB_70    (0)    4 :  0.395 0.006 0.071 0.021 0.127 0.014 0.014 0.326 0.015 0.010 
290   BSB_71    (0)    4 :  0.025 0.003 0.036 0.008 0.098 0.008 0.034 0.076 0.705 0.008 
291   BSB_72    (0)    4 :  0.014 0.026 0.076 0.029 0.437 0.022 0.238 0.101 0.028 0.029 
292   BSB_73    (0)    4 :  0.031 0.006 0.317 0.194 0.019 0.015 0.026 0.300 0.087 0.005 
293   BSB_74    (0)    4 :  0.046 0.018 0.414 0.054 0.054 0.014 0.084 0.093 0.214 0.010 
294   BSB_75    (0)    4 :  0.020 0.004 0.147 0.021 0.136 0.096 0.063 0.101 0.391 0.020 
295   BSB_76    (0)    4 :  0.029 0.016 0.021 0.009 0.033 0.014 0.025 0.339 0.503 0.011 
296   BSB_77   (53)    4 :  0.004 0.004 0.003 0.004 0.003 0.003 0.004 0.004 0.003 0.967 
297   BSB_78    (0)    4 :  0.025 0.004 0.584 0.029 0.066 0.007 0.019 0.116 0.065 0.086 
298    CCR_1    (0)    5 :  0.008 0.006 0.022 0.656 0.027 0.048 0.110 0.041 0.030 0.051 
299    CCR_2    (0)    5 :  0.038 0.004 0.024 0.859 0.007 0.006 0.041 0.005 0.008 0.007 
300    CCR_3    (0)    5 :  0.048 0.005 0.029 0.425 0.376 0.026 0.036 0.024 0.021 0.010 
301    CCR_4    (0)    5 :  0.073 0.007 0.020 0.599 0.056 0.087 0.033 0.028 0.009 0.088 
302    CCR_5    (0)    5 :  0.022 0.018 0.017 0.491 0.012 0.013 0.400 0.010 0.010 0.006 
303    CCR_6    (0)    5 :  0.006 0.005 0.020 0.859 0.008 0.022 0.056 0.008 0.013 0.004 
304    CCR_7    (0)    5 :  0.034 0.004 0.035 0.809 0.038 0.014 0.028 0.009 0.027 0.003 
305    CCR_8    (0)    5 :  0.090 0.011 0.206 0.029 0.400 0.067 0.041 0.106 0.037 0.012 
306    CCR_9    (0)    5 :  0.008 0.005 0.027 0.898 0.009 0.014 0.017 0.009 0.010 0.003 
307   CCR_10    (0)    5 :  0.014 0.004 0.340 0.065 0.445 0.034 0.016 0.052 0.024 0.007 
308   CCR_11    (0)    5 :  0.013 0.005 0.011 0.786 0.060 0.055 0.014 0.020 0.010 0.026 
309   CCR_12    (0)    5 :  0.012 0.008 0.008 0.826 0.015 0.007 0.098 0.009 0.012 0.005 
310   CCR_13    (0)    5 :  0.017 0.004 0.097 0.738 0.050 0.015 0.044 0.024 0.006 0.004 
311   CCR_14    (0)    5 :  0.041 0.060 0.071 0.256 0.410 0.022 0.104 0.011 0.018 0.006 
312   CCR_15    (0)    5 :  0.018 0.003 0.106 0.256 0.143 0.304 0.106 0.050 0.007 0.007 
313   CCR_16    (0)    5 :  0.202 0.018 0.096 0.235 0.107 0.018 0.088 0.183 0.046 0.007 
314   CCR_17    (0)    5 :  0.016 0.003 0.069 0.304 0.477 0.014 0.074 0.025 0.007 0.011 
315   CCR_18    (0)    5 :  0.248 0.004 0.022 0.280 0.047 0.016 0.177 0.196 0.007 0.003 
316   CCR_19    (0)    5 :  0.012 0.005 0.053 0.741 0.090 0.045 0.020 0.009 0.021 0.005 
317   CCR_20    (0)    5 :  0.009 0.016 0.037 0.749 0.029 0.014 0.031 0.018 0.087 0.011 
318   CCR_21    (0)    5 :  0.009 0.006 0.013 0.886 0.007 0.012 0.008 0.017 0.019 0.022 
319   CCR_22    (0)    5 :  0.023 0.004 0.024 0.794 0.011 0.049 0.019 0.040 0.033 0.004 
320   CCR_23    (0)    5 :  0.026 0.062 0.015 0.816 0.012 0.013 0.011 0.014 0.006 0.024 
321   CCR_24    (0)    5 :  0.006 0.005 0.013 0.924 0.010 0.011 0.010 0.011 0.007 0.003 
322   CCR_25    (0)    5 :  0.019 0.012 0.290 0.085 0.375 0.045 0.062 0.037 0.060 0.015 
323   CCR_26    (0)    5 :  0.007 0.004 0.553 0.289 0.025 0.017 0.011 0.031 0.052 0.010 
324   CCR_27    (0)    5 :  0.012 0.003 0.011 0.907 0.029 0.010 0.010 0.007 0.009 0.003 
325   CCR_28    (0)    5 :  0.012 0.021 0.022 0.819 0.008 0.009 0.010 0.018 0.029 0.052 
326   CCR_29    (0)    5 :  0.005 0.006 0.012 0.907 0.020 0.017 0.009 0.010 0.009 0.005 
327   CCR_30    (0)    5 :  0.015 0.012 0.060 0.555 0.093 0.207 0.022 0.018 0.007 0.010 
328   CCR_31    (0)    5 :  0.015 0.004 0.780 0.049 0.015 0.012 0.024 0.069 0.026 0.005 
329   CCR_32    (0)    5 :  0.007 0.157 0.076 0.541 0.008 0.012 0.069 0.023 0.073 0.034 
330   CCR_33    (0)    5 :  0.028 0.025 0.059 0.473 0.037 0.036 0.278 0.050 0.011 0.003 
331   CCR_34    (0)    5 :  0.013 0.024 0.015 0.885 0.016 0.009 0.014 0.012 0.010 0.003 
332   CCR_35    (0)    5 :  0.037 0.004 0.011 0.500 0.257 0.042 0.014 0.079 0.042 0.013 
333   CCR_36    (0)    5 :  0.072 0.005 0.232 0.350 0.084 0.023 0.034 0.175 0.009 0.016 
334   CCR_37    (0)    5 :  0.013 0.008 0.069 0.165 0.014 0.040 0.049 0.012 0.626 0.004 
335   CCR_38    (0)    5 :  0.016 0.006 0.034 0.849 0.008 0.015 0.044 0.010 0.012 0.007 
336   CCR_39    (0)    5 :  0.014 0.005 0.009 0.884 0.031 0.026 0.012 0.008 0.007 0.005 
337   CCR_40    (0)    5 :  0.055 0.006 0.317 0.083 0.011 0.014 0.342 0.037 0.129 0.005 
338   CCR_41    (0)    5 :  0.016 0.016 0.016 0.821 0.027 0.030 0.017 0.037 0.014 0.006 
339   CCR_42    (0)    5 :  0.011 0.004 0.026 0.885 0.010 0.008 0.016 0.008 0.017 0.015 
340   CCR_43    (0)    5 :  0.017 0.019 0.015 0.458 0.021 0.033 0.024 0.381 0.007 0.025 
341   CCR_44    (0)    5 :  0.064 0.116 0.186 0.283 0.021 0.068 0.089 0.031 0.111 0.032 
342   CCR_45    (0)    5 :  0.009 0.010 0.056 0.702 0.032 0.049 0.049 0.018 0.013 0.062 
343   CCR_46    (0)    5 :  0.006 0.010 0.039 0.827 0.009 0.012 0.024 0.039 0.015 0.018 
344   CCR_47    (0)    5 :  0.009 0.011 0.020 0.736 0.017 0.019 0.115 0.032 0.033 0.008 
345   CCR_48    (0)    5 :  0.028 0.047 0.019 0.385 0.229 0.084 0.154 0.040 0.008 0.007 
346   CCR_49    (0)    5 :  0.049 0.038 0.062 0.481 0.036 0.034 0.224 0.019 0.043 0.014 
347   CCR_50    (0)    5 :  0.026 0.013 0.009 0.886 0.015 0.007 0.011 0.011 0.014 0.008 
