

----------------------------------------------------
STRUCTURE by Pritchard, Stephens and Donnelly (2000)
     and Falush, Stephens and Pritchard (2003)
       Code by Pritchard, Falush and Hubisz
             Version 2.3.4 (Jul 2012)
----------------------------------------------------



Command line arguments:   structure -m /global/home/hpc3579/salmon/mainparamsnewfoundlandfiles/mainparamsnewfoundland7 -e /global/home/hpc3579/salmon/extraparams_newfoundlandfile -K 7 
Input File:    /global/home/hpc3579/salmon/NewfoundlandStruc.txt

Run parameters:
   5235 individuals
   15 loci
   7 populations assumed
   100000 Burn-in period
   1000000 Reps


--------------------------------------------
Proportion of membership of each pre-defined
 population in each of the 7 clusters

Given    Inferred Clusters                                   Number of
 Pop       1      2      3      4      5      6      7      Individuals

  1:     0.849  0.031  0.028  0.017  0.032  0.026  0.018       68
  2:     0.084  0.141  0.226  0.039  0.202  0.088  0.220       76
  3:     0.092  0.080  0.191  0.024  0.331  0.092  0.190       75
  4:     0.412  0.073  0.084  0.041  0.174  0.100  0.116       78
  5:     0.053  0.643  0.080  0.024  0.072  0.047  0.080       80
  6:     0.034  0.047  0.756  0.020  0.054  0.059  0.030       77
  7:     0.026  0.045  0.834  0.018  0.035  0.024  0.019       99
  8:     0.087  0.438  0.095  0.042  0.129  0.082  0.127       78
  9:     0.043  0.079  0.627  0.024  0.074  0.056  0.097       74
 10:     0.180  0.175  0.109  0.022  0.308  0.086  0.121      100
 11:     0.387  0.105  0.061  0.049  0.249  0.050  0.100      100
 12:     0.049  0.602  0.129  0.028  0.075  0.053  0.065       75
 13:     0.047  0.578  0.122  0.013  0.076  0.048  0.115       77
 14:     0.061  0.536  0.116  0.039  0.103  0.071  0.074       82
 15:     0.040  0.672  0.053  0.022  0.104  0.044  0.065       75
 16:     0.071  0.080  0.269  0.031  0.243  0.075  0.231       56
 17:     0.032  0.660  0.073  0.017  0.096  0.043  0.079       70
 18:     0.018  0.029  0.820  0.022  0.055  0.034  0.023       82
 19:     0.803  0.031  0.022  0.018  0.070  0.025  0.030       75
 20:     0.533  0.139  0.049  0.021  0.122  0.061  0.075       57
 21:     0.826  0.025  0.034  0.025  0.021  0.023  0.047      111
 22:     0.466  0.146  0.060  0.090  0.094  0.091  0.054       88
 23:     0.088  0.121  0.338  0.037  0.235  0.075  0.107       69
 24:     0.021  0.693  0.131  0.019  0.049  0.040  0.048       75
 25:     0.673  0.050  0.051  0.016  0.080  0.048  0.082      100
 26:     0.023  0.113  0.727  0.014  0.026  0.052  0.044       76
 27:     0.547  0.063  0.055  0.021  0.134  0.069  0.111       84
 28:     0.738  0.058  0.032  0.017  0.049  0.065  0.041       74
 29:     0.125  0.024  0.029  0.039  0.030  0.030  0.724       51
 30:     0.791  0.036  0.042  0.041  0.045  0.023  0.023       75
 31:     0.015  0.017  0.014  0.908  0.017  0.014  0.016       71
 32:     0.050  0.496  0.140  0.036  0.104  0.087  0.088       66
 33:     0.036  0.059  0.064  0.016  0.087  0.679  0.059       81
 34:     0.042  0.097  0.096  0.024  0.592  0.072  0.077       50
 35:     0.037  0.280  0.131  0.019  0.122  0.038  0.373       50
 36:     0.053  0.631  0.054  0.026  0.056  0.048  0.131      100
 37:     0.031  0.034  0.035  0.018  0.083  0.753  0.046       94
 38:     0.031  0.130  0.144  0.028  0.151  0.099  0.416      100
 39:     0.061  0.121  0.078  0.019  0.557  0.097  0.066       50
 40:     0.076  0.276  0.138  0.028  0.123  0.081  0.277       98
 41:     0.042  0.128  0.049  0.051  0.114  0.049  0.567       50
 42:     0.022  0.014  0.017  0.011  0.030  0.883  0.022       99
 43:     0.057  0.266  0.188  0.030  0.092  0.085  0.283       99
 44:     0.033  0.086  0.069  0.024  0.589  0.069  0.130      100
 45:     0.039  0.137  0.075  0.022  0.458  0.128  0.141       48
 46:     0.046  0.066  0.054  0.009  0.051  0.728  0.046       28
 47:     0.073  0.120  0.061  0.046  0.520  0.108  0.073       50
 48:     0.028  0.051  0.100  0.021  0.632  0.120  0.049      100
 49:     0.028  0.085  0.088  0.027  0.595  0.071  0.105       50
 50:     0.031  0.074  0.059  0.018  0.040  0.725  0.052       41
 51:     0.053  0.111  0.123  0.030  0.522  0.070  0.091       50
 52:     0.041  0.060  0.058  0.019  0.068  0.042  0.712      100
 53:     0.079  0.543  0.072  0.024  0.062  0.053  0.168       98
 54:     0.058  0.197  0.127  0.031  0.250  0.192  0.145      100
 55:     0.012  0.012  0.013  0.929  0.011  0.012  0.011       95
 56:     0.062  0.132  0.100  0.011  0.051  0.036  0.608       50
 57:     0.173  0.094  0.114  0.025  0.370  0.096  0.129       70
 58:     0.032  0.082  0.056  0.021  0.084  0.676  0.049      100
 59:     0.067  0.120  0.112  0.016  0.500  0.059  0.126       50
 60:     0.016  0.027  0.019  0.007  0.026  0.020  0.884       50
 61:     0.050  0.225  0.089  0.029  0.298  0.096  0.212      100
 62:     0.019  0.064  0.030  0.022  0.032  0.783  0.051       41
 63:     0.027  0.061  0.055  0.018  0.078  0.701  0.060      100
 64:     0.026  0.080  0.044  0.018  0.167  0.069  0.595       50
 65:     0.045  0.095  0.062  0.027  0.052  0.661  0.058      100
 66:     0.027  0.075  0.076  0.047  0.586  0.090  0.098       49
 67:     0.051  0.107  0.143  0.044  0.416  0.116  0.124      100
 68:     0.063  0.082  0.074  0.019  0.207  0.225  0.330       50
 69:     0.029  0.088  0.077  0.015  0.176  0.063  0.552      100
--------------------------------------------

Allele-freq. divergence among pops (Net nucleotide distance),
computed using point estimates of P.

      1       2       3       4       5       6       7      
 1      -    0.0241  0.0288  0.0553  0.0221  0.0373  0.0254  
 2   0.0241     -    0.0088  0.0504  0.0121  0.0190  0.0102  
 3   0.0288  0.0088     -    0.0567  0.0141  0.0228  0.0149  
 4   0.0553  0.0504  0.0567     -    0.0555  0.0656  0.0551  
 5   0.0221  0.0121  0.0141  0.0555     -    0.0159  0.0124  
 6   0.0373  0.0190  0.0228  0.0656  0.0159     -    0.0222  
 7   0.0254  0.0102  0.0149  0.0551  0.0124  0.0222     -    

Average distances (expected heterozygosity) between individuals in same cluster:
cluster  1  : 0.8513 
cluster  2  : 0.8797 
cluster  3  : 0.8606 
cluster  4  : 0.7963 
cluster  5  : 0.8653 
cluster  6  : 0.8721 
cluster  7  : 0.8746 

--------------------------------------------
Estimated Ln Prob of Data   = -392899.5
Mean value of ln likelihood = -388243.9
Variance of ln likelihood   = 9311.2
Mean value of alpha         = 0.0524

Mean value of Fst_1         = 0.0220
Mean value of Fst_2         = 0.0100
Mean value of Fst_3         = 0.0157
Mean value of Fst_4         = 0.1155
Mean value of Fst_5         = 0.0091
Mean value of Fst_6         = 0.0171
Mean value of Fst_7         = 0.0102


Inferred ancestry of individuals:
        Label (%Miss) Pop:  Inferred clusters
  1    BBA_1    (0)    1 :  0.939 0.008 0.011 0.004 0.010 0.014 0.013 
  2    BBA_2    (0)    1 :  0.913 0.024 0.007 0.004 0.026 0.016 0.010 
  3    BBA_3    (0)    1 :  0.945 0.008 0.014 0.007 0.010 0.007 0.008 
  4    BBA_4    (0)    1 :  0.805 0.018 0.028 0.019 0.091 0.020 0.021 
  5    BBA_5    (0)    1 :  0.956 0.010 0.010 0.005 0.007 0.006 0.006 
  6    BBA_6    (0)    1 :  0.910 0.015 0.022 0.004 0.028 0.011 0.010 
  7    BBA_7    (0)    1 :  0.937 0.010 0.010 0.016 0.012 0.008 0.006 
  8    BBA_8    (0)    1 :  0.885 0.023 0.043 0.015 0.012 0.007 0.014 
  9    BBA_9    (0)    1 :  0.960 0.005 0.010 0.005 0.006 0.008 0.006 
 10   BBA_10    (0)    1 :  0.880 0.010 0.069 0.005 0.012 0.014 0.008 
 11   BBA_11    (0)    1 :  0.906 0.010 0.012 0.006 0.014 0.023 0.030 
 12   BBA_12    (0)    1 :  0.951 0.007 0.009 0.006 0.013 0.006 0.007 
 13   BBA_13    (0)    1 :  0.386 0.063 0.064 0.006 0.452 0.018 0.010 
 14   BBA_14    (0)    1 :  0.900 0.015 0.023 0.020 0.012 0.013 0.017 
 15   BBA_15    (0)    1 :  0.736 0.052 0.062 0.004 0.103 0.029 0.014 
 16   BBA_16    (0)    1 :  0.917 0.006 0.013 0.032 0.008 0.016 0.007 
 17   BBA_17    (0)    1 :  0.673 0.008 0.014 0.246 0.018 0.029 0.011 
 18   BBA_18    (0)    1 :  0.958 0.006 0.007 0.005 0.009 0.008 0.007 
 19   BBA_19    (0)    1 :  0.945 0.010 0.012 0.009 0.008 0.007 0.008 
 20   BBA_20    (0)    1 :  0.954 0.009 0.009 0.004 0.011 0.007 0.007 
 21   BBA_21    (0)    1 :  0.859 0.026 0.049 0.020 0.019 0.014 0.013 
 22   BBA_22    (0)    1 :  0.832 0.015 0.024 0.048 0.037 0.034 0.010 
 23   BBA_23    (0)    1 :  0.950 0.011 0.007 0.009 0.009 0.008 0.007 
 24   BBA_24    (0)    1 :  0.881 0.020 0.020 0.013 0.011 0.041 0.014 
 25   BBA_25    (0)    1 :  0.962 0.006 0.005 0.007 0.008 0.006 0.005 
 26   BBA_26    (0)    1 :  0.320 0.125 0.112 0.023 0.214 0.045 0.161 
 27   BBA_27    (0)    1 :  0.916 0.010 0.031 0.007 0.013 0.012 0.011 
 28   BBA_28    (0)    1 :  0.941 0.016 0.009 0.006 0.013 0.009 0.007 
 29   BBA_29    (0)    1 :  0.857 0.024 0.035 0.039 0.015 0.014 0.016 
 30   BBA_30    (0)    1 :  0.929 0.019 0.010 0.007 0.011 0.016 0.007 
 31   BBA_31    (0)    1 :  0.908 0.015 0.023 0.005 0.021 0.013 0.014 
 32   BBA_32    (0)    1 :  0.904 0.027 0.011 0.009 0.017 0.013 0.018 
 33   BBA_33    (0)    1 :  0.744 0.034 0.094 0.024 0.029 0.027 0.049 
 34   BBA_34    (0)    1 :  0.679 0.070 0.050 0.040 0.021 0.120 0.019 
 35   BBA_35    (0)    1 :  0.879 0.044 0.015 0.007 0.027 0.014 0.014 
 36   BBA_36    (0)    1 :  0.909 0.017 0.035 0.008 0.009 0.010 0.011 
 37   BBA_37    (0)    1 :  0.796 0.014 0.098 0.010 0.035 0.036 0.011 
 38   BBA_38    (0)    1 :  0.374 0.297 0.108 0.052 0.055 0.060 0.054 
 39   BBA_39    (0)    1 :  0.925 0.012 0.010 0.005 0.022 0.016 0.010 
 40   BBA_40    (0)    1 :  0.894 0.015 0.015 0.044 0.009 0.014 0.009 
 41   BBA_41    (0)    1 :  0.854 0.026 0.055 0.008 0.030 0.015 0.012 
 42   BBA_42    (0)    1 :  0.764 0.062 0.052 0.006 0.023 0.046 0.048 
 43   BBA_43    (0)    1 :  0.949 0.011 0.008 0.003 0.011 0.011 0.007 
 44   BBA_44    (0)    1 :  0.947 0.009 0.011 0.007 0.008 0.009 0.008 
 45   BBA_45    (0)    1 :  0.961 0.009 0.007 0.006 0.006 0.006 0.005 
 46   BBA_46    (0)    1 :  0.962 0.009 0.007 0.004 0.007 0.006 0.005 
 47   BBA_47    (0)    1 :  0.901 0.010 0.014 0.019 0.024 0.021 0.011 
 48   BBA_48    (0)    1 :  0.846 0.058 0.020 0.008 0.024 0.033 0.012 
 49   BBA_49    (0)    1 :  0.652 0.055 0.121 0.014 0.082 0.019 0.057 
 50   BBA_50    (0)    1 :  0.860 0.047 0.011 0.022 0.039 0.010 0.010 
 51   BBA_51    (0)    1 :  0.908 0.026 0.010 0.009 0.025 0.011 0.012 
 52   BBA_52    (0)    1 :  0.900 0.018 0.036 0.006 0.017 0.013 0.011 
 53   BBA_53    (0)    1 :  0.907 0.016 0.018 0.008 0.024 0.011 0.015 
 54   BBA_54    (0)    1 :  0.897 0.013 0.017 0.011 0.025 0.021 0.016 
 55   BBA_55    (0)    1 :  0.273 0.304 0.085 0.031 0.052 0.146 0.109 
 56   BBA_56    (0)    1 :  0.914 0.013 0.024 0.005 0.025 0.009 0.010 
 57   BBA_57    (0)    1 :  0.931 0.011 0.014 0.008 0.010 0.009 0.017 
 58   BBA_58    (0)    1 :  0.894 0.016 0.017 0.009 0.024 0.024 0.016 
 59   BBA_59    (0)    1 :  0.924 0.010 0.025 0.005 0.011 0.012 0.012 
 60   BBA_60    (0)    1 :  0.846 0.026 0.024 0.052 0.017 0.025 0.009 
 61   BBA_61    (0)    1 :  0.942 0.006 0.009 0.004 0.027 0.007 0.005 
 62   BBA_62    (0)    1 :  0.922 0.010 0.028 0.011 0.013 0.008 0.008 
 63   BBA_63    (0)    1 :  0.925 0.012 0.018 0.003 0.013 0.021 0.008 
 64   BBA_64    (0)    1 :  0.948 0.013 0.007 0.009 0.008 0.008 0.007 
 65   BBA_65    (0)    1 :  0.837 0.024 0.035 0.019 0.018 0.037 0.030 
 66   BBA_66    (0)    1 :  0.385 0.128 0.015 0.011 0.061 0.368 0.033 
 67   BBA_67    (0)    1 :  0.925 0.013 0.010 0.007 0.012 0.019 0.014 
 68   BBA_68    (0)    1 :  0.822 0.018 0.009 0.039 0.069 0.027 0.016 
 69    BDN_1    (0)    2 :  0.010 0.122 0.181 0.020 0.064 0.048 0.555 
 70    BDN_2    (0)    2 :  0.038 0.176 0.193 0.010 0.225 0.020 0.339 
 71    BDN_3    (0)    2 :  0.046 0.073 0.121 0.381 0.206 0.094 0.080 
 72    BDN_4   (13)    2 :  0.027 0.034 0.148 0.010 0.111 0.510 0.160 
 73    BDN_5   (13)    2 :  0.037 0.039 0.368 0.027 0.178 0.105 0.245 
 74    BDN_6    (6)    2 :  0.014 0.422 0.032 0.059 0.425 0.028 0.021 
 75    BDN_7    (0)    2 :  0.021 0.510 0.074 0.023 0.301 0.019 0.052 
 76    BDN_8    (6)    2 :  0.011 0.583 0.259 0.019 0.022 0.034 0.072 
 77    BDN_9    (0)    2 :  0.402 0.029 0.087 0.007 0.128 0.070 0.276 
 78   BDN_10    (0)    2 :  0.336 0.031 0.037 0.005 0.284 0.041 0.266 
 79   BDN_11    (0)    2 :  0.008 0.101 0.345 0.016 0.415 0.085 0.029 
 80   BDN_12    (0)    2 :  0.012 0.073 0.129 0.005 0.532 0.017 0.233 
 81   BDN_13   (13)    2 :  0.020 0.017 0.054 0.033 0.126 0.119 0.631 
 82   BDN_14    (0)    2 :  0.064 0.223 0.099 0.011 0.145 0.217 0.242 
 83   BDN_15    (6)    2 :  0.019 0.079 0.501 0.048 0.259 0.013 0.082 
 84   BDN_16    (6)    2 :  0.403 0.119 0.070 0.013 0.240 0.131 0.024 
 85   BDN_17   (13)    2 :  0.016 0.013 0.055 0.441 0.115 0.024 0.337 
 86   BDN_18    (0)    2 :  0.028 0.082 0.331 0.004 0.164 0.098 0.294 
 87   BDN_19    (0)    2 :  0.093 0.021 0.106 0.009 0.148 0.013 0.610 
 88   BDN_20   (13)    2 :  0.069 0.070 0.264 0.182 0.244 0.110 0.059 
 89   BDN_21   (13)    2 :  0.055 0.023 0.058 0.031 0.717 0.032 0.083 
 90   BDN_22    (6)    2 :  0.762 0.051 0.064 0.028 0.056 0.009 0.030 
 91   BDN_23    (0)    2 :  0.080 0.053 0.665 0.008 0.069 0.075 0.050 
 92   BDN_24    (0)    2 :  0.024 0.067 0.269 0.016 0.050 0.013 0.562 
 93   BDN_25   (13)    2 :  0.036 0.089 0.654 0.012 0.036 0.016 0.159 
 94   BDN_26    (0)    2 :  0.027 0.027 0.690 0.175 0.027 0.007 0.047 
 95   BDN_27    (0)    2 :  0.015 0.026 0.224 0.005 0.071 0.023 0.635 
 96   BDN_28   (13)    2 :  0.019 0.280 0.048 0.009 0.444 0.123 0.077 
 97   BDN_29    (0)    2 :  0.031 0.043 0.711 0.053 0.127 0.019 0.016 
 98   BDN_30    (0)    2 :  0.051 0.026 0.027 0.089 0.623 0.023 0.162 
 99   BDN_31    (0)    2 :  0.227 0.045 0.157 0.006 0.344 0.115 0.106 
100   BDN_32    (0)    2 :  0.124 0.606 0.045 0.011 0.163 0.018 0.034 
101   BDN_33    (0)    2 :  0.015 0.039 0.063 0.021 0.696 0.008 0.159 
102   BDN_34    (0)    2 :  0.012 0.032 0.048 0.005 0.144 0.706 0.054 
103   BDN_35    (0)    2 :  0.022 0.017 0.031 0.005 0.018 0.011 0.896 
104   BDN_36    (0)    2 :  0.033 0.123 0.407 0.018 0.293 0.017 0.109 
105   BDN_37    (0)    2 :  0.034 0.050 0.092 0.017 0.402 0.038 0.368 
106   BDN_38    (0)    2 :  0.028 0.083 0.060 0.268 0.052 0.021 0.488 
107   BDN_39    (0)    2 :  0.028 0.044 0.035 0.004 0.050 0.036 0.803 
108   BDN_40    (0)    2 :  0.007 0.063 0.138 0.013 0.023 0.017 0.739 
109   BDN_41    (0)    2 :  0.020 0.051 0.141 0.026 0.466 0.130 0.168 
110   BDN_42   (13)    2 :  0.020 0.033 0.458 0.006 0.292 0.142 0.051 
111   BDN_43    (6)    2 :  0.016 0.134 0.137 0.009 0.064 0.564 0.077 
112   BDN_44    (0)    2 :  0.100 0.383 0.305 0.014 0.101 0.024 0.072 
113   BDN_45    (0)    2 :  0.016 0.092 0.716 0.018 0.033 0.030 0.095 
114   BDN_46   (13)    2 :  0.106 0.151 0.014 0.010 0.096 0.090 0.534 
115   BDN_47    (0)    2 :  0.048 0.120 0.321 0.036 0.183 0.244 0.047 
116   BDN_48    (0)    2 :  0.038 0.395 0.138 0.005 0.167 0.208 0.049 
117   BDN_49    (0)    2 :  0.024 0.059 0.696 0.004 0.018 0.064 0.135 
118   BDN_50    (0)    2 :  0.023 0.022 0.703 0.005 0.035 0.038 0.175 
119   BDN_51    (0)    2 :  0.043 0.219 0.245 0.008 0.068 0.027 0.390 
120   BDN_52    (0)    2 :  0.013 0.028 0.229 0.013 0.385 0.031 0.300 
121   BDN_53    (0)    2 :  0.072 0.153 0.267 0.007 0.305 0.162 0.034 
122   BDN_54   (13)    2 :  0.860 0.013 0.025 0.017 0.051 0.018 0.016 
123   BDN_55    (6)    2 :  0.184 0.137 0.051 0.005 0.558 0.012 0.052 
124   BDN_56   (13)    2 :  0.014 0.064 0.628 0.004 0.040 0.072 0.179 
125   BDN_57    (6)    2 :  0.046 0.261 0.336 0.069 0.112 0.037 0.138 
126   BDN_58    (6)    2 :  0.052 0.305 0.073 0.027 0.415 0.017 0.110 
127   BDN_59    (6)    2 :  0.034 0.025 0.845 0.053 0.017 0.014 0.011 
128   BDN_60    (6)    2 :  0.020 0.019 0.159 0.057 0.563 0.050 0.132 
129   BDN_61    (0)    2 :  0.034 0.100 0.252 0.011 0.040 0.272 0.290 
130   BDN_62    (0)    2 :  0.030 0.097 0.752 0.005 0.040 0.052 0.024 
131   BDN_63    (6)    2 :  0.046 0.124 0.066 0.190 0.092 0.050 0.432 
132   BDN_64    (0)    2 :  0.066 0.023 0.186 0.009 0.339 0.195 0.182 
133   BDN_65    (0)    2 :  0.281 0.161 0.147 0.068 0.192 0.032 0.119 
134   BDN_66   (13)    2 :  0.039 0.040 0.123 0.006 0.095 0.095 0.601 
135   BDN_67    (0)    2 :  0.312 0.357 0.014 0.010 0.107 0.056 0.144 
136   BDN_68    (6)    2 :  0.021 0.696 0.033 0.070 0.060 0.027 0.093 
137   BDN_69    (0)    2 :  0.016 0.235 0.349 0.008 0.284 0.040 0.067 
138   BDN_70    (6)    2 :  0.064 0.157 0.047 0.016 0.620 0.038 0.059 
139   BDN_71    (6)    2 :  0.037 0.025 0.253 0.011 0.042 0.027 0.604 
140   BDN_72    (0)    2 :  0.065 0.649 0.060 0.007 0.090 0.101 0.028 
141   BDN_73    (0)    2 :  0.027 0.415 0.053 0.009 0.070 0.391 0.036 
142   BDN_74    (0)    2 :  0.031 0.262 0.349 0.013 0.275 0.013 0.057 
143   BDN_75    (0)    2 :  0.016 0.019 0.065 0.036 0.059 0.039 0.767 
144   BDN_76    (0)    2 :  0.259 0.049 0.022 0.015 0.218 0.133 0.304 
145   BDNB_1    (0)    3 :  0.010 0.024 0.057 0.021 0.049 0.025 0.814 
146   BDNB_2    (0)    3 :  0.044 0.369 0.034 0.010 0.152 0.048 0.342 
147   BDNB_3    (0)    3 :  0.046 0.722 0.071 0.022 0.040 0.013 0.086 
148   BDNB_4    (0)    3 :  0.009 0.028 0.045 0.009 0.070 0.022 0.816 
149   BDNB_5    (0)    3 :  0.050 0.014 0.031 0.007 0.775 0.103 0.020 
150   BDNB_6    (0)    3 :  0.168 0.037 0.261 0.047 0.344 0.018 0.125 
151   BDNB_7    (0)    3 :  0.036 0.071 0.032 0.034 0.057 0.098 0.673 
152   BDNB_8    (0)    3 :  0.031 0.062 0.495 0.065 0.210 0.014 0.122 
153   BDNB_9    (0)    3 :  0.036 0.019 0.021 0.022 0.881 0.010 0.011 
154  BDNB_10    (0)    3 :  0.132 0.060 0.082 0.011 0.656 0.026 0.032 
155  BDNB_11    (0)    3 :  0.024 0.069 0.023 0.006 0.411 0.091 0.375 
156  BDNB_12    (0)    3 :  0.015 0.144 0.066 0.006 0.387 0.092 0.289 
157  BDNB_13    (0)    3 :  0.041 0.022 0.122 0.008 0.483 0.139 0.186 
158  BDNB_14    (0)    3 :  0.579 0.067 0.247 0.009 0.041 0.010 0.049 
159  BDNB_15    (0)    3 :  0.011 0.815 0.096 0.006 0.023 0.033 0.017 
160  BDNB_16    (0)    3 :  0.547 0.097 0.051 0.010 0.232 0.033 0.031 
161  BDNB_17    (6)    3 :  0.071 0.224 0.053 0.041 0.224 0.045 0.343 
162  BDNB_18    (0)    3 :  0.065 0.037 0.065 0.058 0.208 0.116 0.451 
163  BDNB_19    (0)    3 :  0.042 0.024 0.025 0.009 0.172 0.149 0.579 
164  BDNB_20    (0)    3 :  0.202 0.034 0.057 0.054 0.546 0.087 0.020 
165  BDNB_21    (0)    3 :  0.007 0.028 0.913 0.009 0.018 0.013 0.012 
166  BDNB_22    (0)    3 :  0.032 0.030 0.035 0.008 0.466 0.387 0.042 
167  BDNB_23    (0)    3 :  0.009 0.046 0.890 0.005 0.013 0.015 0.023 
168  BDNB_24    (0)    3 :  0.112 0.020 0.212 0.007 0.071 0.538 0.039 
169  BDNB_25    (0)    3 :  0.063 0.071 0.608 0.009 0.089 0.019 0.141 
170  BDNB_26    (0)    3 :  0.016 0.072 0.080 0.007 0.747 0.036 0.040 
171  BDNB_27    (0)    3 :  0.051 0.030 0.170 0.005 0.635 0.014 0.095 
172  BDNB_28    (0)    3 :  0.158 0.048 0.062 0.018 0.257 0.263 0.193 
173  BDNB_29    (0)    3 :  0.044 0.264 0.120 0.173 0.344 0.016 0.040 
174  BDNB_30    (0)    3 :  0.554 0.029 0.046 0.087 0.138 0.127 0.019 
175  BDNB_31    (0)    3 :  0.231 0.148 0.125 0.009 0.282 0.130 0.076 
176  BDNB_32    (0)    3 :  0.068 0.021 0.548 0.008 0.211 0.056 0.088 
177  BDNB_33    (0)    3 :  0.424 0.063 0.065 0.024 0.370 0.018 0.036 
178  BDNB_34    (0)    3 :  0.115 0.042 0.348 0.006 0.348 0.041 0.101 
179  BDNB_35    (0)    3 :  0.025 0.023 0.096 0.005 0.797 0.039 0.015 
180  BDNB_36    (0)    3 :  0.490 0.064 0.215 0.029 0.044 0.141 0.017 
181  BDNB_37    (0)    3 :  0.009 0.121 0.094 0.169 0.286 0.011 0.310 
182  BDNB_38    (0)    3 :  0.059 0.022 0.452 0.045 0.288 0.058 0.075 
183  BDNB_39    (0)    3 :  0.018 0.043 0.803 0.041 0.041 0.020 0.034 
184  BDNB_40    (0)    3 :  0.020 0.022 0.083 0.030 0.721 0.015 0.109 
185  BDNB_41    (0)    3 :  0.018 0.014 0.019 0.026 0.598 0.031 0.293 
186  BDNB_42    (0)    3 :  0.038 0.038 0.362 0.008 0.177 0.355 0.021 
187  BDNB_43    (0)    3 :  0.041 0.028 0.312 0.016 0.105 0.170 0.329 
188  BDNB_44    (0)    3 :  0.042 0.070 0.044 0.012 0.670 0.098 0.063 
189  BDNB_45    (0)    3 :  0.139 0.050 0.083 0.185 0.386 0.128 0.029 
190  BDNB_46    (0)    3 :  0.161 0.031 0.037 0.010 0.638 0.106 0.017 
191  BDNB_47    (0)    3 :  0.024 0.019 0.010 0.008 0.912 0.015 0.011 
192  BDNB_48    (0)    3 :  0.033 0.016 0.670 0.018 0.137 0.036 0.090 
193  BDNB_49    (0)    3 :  0.055 0.123 0.141 0.053 0.313 0.074 0.241 
194  BDNB_50    (0)    3 :  0.024 0.033 0.553 0.016 0.176 0.033 0.166 
195  BDNB_51    (0)    3 :  0.027 0.357 0.042 0.018 0.417 0.024 0.116 
196  BDNB_52    (0)    3 :  0.017 0.142 0.437 0.007 0.298 0.020 0.080 
197  BDNB_53    (0)    3 :  0.101 0.057 0.121 0.041 0.151 0.103 0.426 
198  BDNB_54    (0)    3 :  0.014 0.016 0.398 0.014 0.291 0.038 0.230 
199  BDNB_55    (0)    3 :  0.122 0.028 0.573 0.006 0.163 0.017 0.091 
200  BDNB_56    (6)    3 :  0.028 0.195 0.015 0.019 0.299 0.018 0.426 
201  BDNB_57    (0)    3 :  0.623 0.015 0.098 0.013 0.226 0.013 0.012 
202  BDNB_58    (0)    3 :  0.016 0.021 0.158 0.004 0.726 0.024 0.051 
203  BDNB_59    (0)    3 :  0.079 0.030 0.219 0.025 0.404 0.128 0.115 
204  BDNB_60    (0)    3 :  0.069 0.030 0.085 0.014 0.196 0.441 0.166 
205  BDNB_61    (0)    3 :  0.039 0.009 0.154 0.005 0.505 0.135 0.152 
206  BDNB_62    (0)    3 :  0.013 0.134 0.142 0.012 0.655 0.015 0.029 
207  BDNB_63    (0)    3 :  0.020 0.008 0.012 0.004 0.832 0.015 0.109 
208  BDNB_64    (6)    3 :  0.022 0.018 0.023 0.008 0.710 0.090 0.128 
209  BDNB_65    (0)    3 :  0.033 0.014 0.083 0.005 0.604 0.198 0.062 
210  BDNB_66    (0)    3 :  0.041 0.034 0.020 0.013 0.205 0.091 0.597 
211  BDNB_67    (0)    3 :  0.023 0.049 0.013 0.018 0.080 0.081 0.737 
212  BDNB_68    (0)    3 :  0.095 0.032 0.213 0.009 0.179 0.234 0.237 
213  BDNB_69    (0)    3 :  0.024 0.068 0.184 0.006 0.283 0.182 0.253 
214  BDNB_70    (0)    3 :  0.024 0.011 0.024 0.023 0.124 0.344 0.450 
215  BDNB_71    (0)    3 :  0.119 0.021 0.164 0.008 0.273 0.123 0.291 
216  BDNB_72    (0)    3 :  0.023 0.055 0.059 0.006 0.578 0.205 0.074 
217  BDNB_73    (0)    3 :  0.023 0.052 0.086 0.004 0.135 0.040 0.660 
218  BDNB_74    (0)    3 :  0.054 0.025 0.025 0.009 0.195 0.099 0.594 
219  BDNB_75    (0)    3 :  0.011 0.027 0.852 0.014 0.021 0.030 0.044 
220    BSB_1    (0)    4 :  0.235 0.555 0.106 0.017 0.033 0.023 0.031 
221    BSB_2    (0)    4 :  0.544 0.030 0.013 0.010 0.283 0.072 0.047 
222    BSB_3    (0)    4 :  0.016 0.017 0.024 0.009 0.111 0.805 0.018 
223    BSB_4    (0)    4 :  0.748 0.010 0.072 0.009 0.122 0.012 0.027 
224    BSB_5    (0)    4 :  0.858 0.017 0.024 0.009 0.029 0.046 0.016 
225    BSB_6    (0)    4 :  0.918 0.012 0.012 0.008 0.010 0.013 0.027 
226    BSB_7   (33)    4 :  0.185 0.083 0.081 0.203 0.358 0.033 0.058 
227    BSB_8    (0)    4 :  0.095 0.468 0.135 0.092 0.140 0.050 0.020 
228    BSB_9    (0)    4 :  0.079 0.024 0.030 0.008 0.113 0.729 0.018 
229   BSB_10    (0)    4 :  0.156 0.038 0.099 0.019 0.431 0.198 0.059 
230   BSB_11    (0)    4 :  0.447 0.057 0.087 0.201 0.053 0.102 0.053 
231   BSB_12    (0)    4 :  0.191 0.093 0.345 0.096 0.137 0.117 0.022 
232   BSB_13    (0)    4 :  0.145 0.052 0.023 0.032 0.545 0.024 0.180 
233   BSB_14    (0)    4 :  0.300 0.040 0.018 0.013 0.522 0.071 0.036 
234   BSB_15    (0)    4 :  0.286 0.118 0.417 0.089 0.058 0.007 0.025 
235   BSB_16    (6)    4 :  0.637 0.028 0.080 0.006 0.139 0.068 0.042 
236   BSB_17    (0)    4 :  0.730 0.020 0.018 0.008 0.111 0.019 0.093 
237   BSB_18    (0)    4 :  0.473 0.043 0.028 0.032 0.245 0.112 0.068 
238   BSB_19    (0)    4 :  0.651 0.012 0.260 0.022 0.026 0.011 0.018 
239   BSB_20    (0)    4 :  0.603 0.039 0.034 0.020 0.101 0.008 0.195 
240   BSB_21    (0)    4 :  0.408 0.041 0.014 0.007 0.401 0.028 0.100 
241   BSB_22    (0)    4 :  0.071 0.031 0.012 0.007 0.065 0.800 0.015 
242   BSB_23    (0)    4 :  0.776 0.010 0.037 0.015 0.052 0.072 0.038 
243   BSB_24    (0)    4 :  0.926 0.010 0.009 0.017 0.019 0.010 0.008 
244   BSB_25    (0)    4 :  0.882 0.009 0.019 0.016 0.020 0.040 0.015 
245   BSB_26    (0)    4 :  0.873 0.015 0.017 0.007 0.039 0.026 0.023 
246   BSB_27    (0)    4 :  0.640 0.023 0.185 0.006 0.060 0.014 0.070 
247   BSB_28    (0)    4 :  0.029 0.015 0.012 0.041 0.286 0.591 0.026 
248   BSB_29    (0)    4 :  0.847 0.010 0.007 0.086 0.024 0.012 0.013 
249   BSB_30    (0)    4 :  0.503 0.029 0.018 0.008 0.163 0.208 0.070 
250   BSB_31    (0)    4 :  0.025 0.059 0.264 0.025 0.047 0.054 0.526 
251   BSB_32    (0)    4 :  0.931 0.014 0.008 0.005 0.020 0.011 0.011 
252   BSB_33    (0)    4 :  0.251 0.118 0.056 0.019 0.483 0.044 0.029 
253   BSB_34    (0)    4 :  0.832 0.030 0.027 0.016 0.056 0.017 0.022 
254   BSB_35    (0)    4 :  0.938 0.007 0.016 0.005 0.014 0.011 0.009 
255   BSB_36    (0)    4 :  0.689 0.046 0.133 0.029 0.041 0.011 0.050 
256   BSB_37    (0)    4 :  0.884 0.019 0.009 0.008 0.023 0.014 0.044 
257   BSB_38   (60)    4 :  0.006 0.036 0.054 0.007 0.008 0.013 0.876 
258   BSB_39    (0)    4 :  0.034 0.071 0.357 0.118 0.325 0.031 0.063 
259   BSB_40    (0)    4 :  0.633 0.148 0.128 0.006 0.033 0.020 0.032 
260   BSB_41    (0)    4 :  0.278 0.038 0.094 0.104 0.268 0.136 0.082 
261   BSB_42    (0)    4 :  0.535 0.185 0.049 0.113 0.035 0.025 0.057 
262   BSB_43    (0)    4 :  0.648 0.071 0.070 0.010 0.073 0.032 0.096 
263   BSB_44    (0)    4 :  0.319 0.025 0.021 0.239 0.018 0.318 0.059 
264   BSB_45    (0)    4 :  0.188 0.082 0.156 0.007 0.490 0.030 0.047 
265   BSB_46    (0)    4 :  0.177 0.035 0.023 0.033 0.660 0.031 0.041 
266   BSB_47    (0)    4 :  0.716 0.027 0.038 0.043 0.079 0.011 0.085 
267   BSB_48    (0)    4 :  0.130 0.329 0.390 0.012 0.072 0.016 0.051 
268   BSB_49    (0)    4 :  0.278 0.418 0.150 0.020 0.058 0.020 0.056 
269   BSB_50   (60)    4 :  0.005 0.015 0.005 0.004 0.005 0.005 0.961 
270   BSB_51    (0)    4 :  0.080 0.579 0.192 0.008 0.080 0.029 0.032 
271   BSB_52    (0)    4 :  0.267 0.025 0.017 0.010 0.528 0.111 0.041 
272   BSB_53    (0)    4 :  0.702 0.014 0.021 0.010 0.200 0.019 0.034 
273   BSB_54    (0)    4 :  0.078 0.099 0.027 0.012 0.758 0.014 0.013 
274   BSB_55    (0)    4 :  0.243 0.133 0.045 0.015 0.085 0.446 0.033 
275   BSB_56    (0)    4 :  0.121 0.025 0.043 0.012 0.384 0.215 0.201 
276   BSB_57    (0)    4 :  0.239 0.067 0.012 0.471 0.079 0.103 0.029 
277   BSB_58    (0)    4 :  0.050 0.062 0.377 0.008 0.312 0.098 0.093 
278   BSB_59    (0)    4 :  0.795 0.017 0.020 0.102 0.028 0.016 0.021 
279   BSB_60   (60)    4 :  0.005 0.005 0.006 0.005 0.005 0.005 0.969 
280   BSB_61    (0)    4 :  0.800 0.036 0.023 0.054 0.039 0.013 0.035 
281   BSB_62    (0)    4 :  0.817 0.035 0.010 0.007 0.021 0.037 0.072 
282   BSB_63    (0)    4 :  0.554 0.011 0.011 0.008 0.093 0.294 0.028 
283   BSB_64    (0)    4 :  0.631 0.019 0.038 0.158 0.052 0.065 0.038 
284   BSB_65    (0)    4 :  0.473 0.050 0.040 0.086 0.224 0.102 0.024 
285   BSB_66    (0)    4 :  0.555 0.058 0.158 0.037 0.053 0.006 0.133 
286   BSB_67    (0)    4 :  0.196 0.021 0.060 0.027 0.628 0.022 0.045 
287   BSB_68    (0)    4 :  0.019 0.013 0.822 0.013 0.048 0.076 0.009 
288   BSB_69    (0)    4 :  0.013 0.072 0.077 0.007 0.082 0.199 0.551 
289   BSB_70    (0)    4 :  0.022 0.024 0.023 0.011 0.353 0.504 0.063 
290   BSB_71    (0)    4 :  0.873 0.010 0.009 0.005 0.049 0.017 0.036 
291   BSB_72    (0)    4 :  0.035 0.064 0.033 0.075 0.110 0.023 0.661 
292   BSB_73    (0)    4 :  0.222 0.265 0.024 0.007 0.422 0.041 0.019 
293   BSB_74    (0)    4 :  0.338 0.153 0.018 0.022 0.370 0.055 0.045 
294   BSB_75    (0)    4 :  0.517 0.037 0.130 0.009 0.187 0.023 0.096 
295   BSB_76    (0)    4 :  0.561 0.014 0.020 0.029 0.312 0.039 0.025 
296   BSB_77   (53)    4 :  0.004 0.006 0.004 0.004 0.005 0.005 0.973 
297   BSB_78    (0)    4 :  0.203 0.057 0.012 0.021 0.555 0.058 0.095 
298    CCR_1    (0)    5 :  0.023 0.808 0.072 0.018 0.039 0.010 0.030 
299    CCR_2    (0)    5 :  0.010 0.938 0.008 0.006 0.008 0.020 0.010 
300    CCR_3    (0)    5 :  0.026 0.410 0.042 0.010 0.041 0.065 0.406 
301    CCR_4    (0)    5 :  0.014 0.409 0.250 0.052 0.041 0.080 0.155 
302    CCR_5    (0)    5 :  0.011 0.923 0.013 0.012 0.009 0.020 0.011 
303    CCR_6    (0)    5 :  0.016 0.917 0.029 0.005 0.014 0.008 0.011 
304    CCR_7    (0)    5 :  0.018 0.871 0.024 0.004 0.012 0.039 0.032 
305    CCR_8    (0)    5 :  0.046 0.040 0.066 0.014 0.124 0.093 0.617 
306    CCR_9    (0)    5 :  0.016 0.922 0.020 0.005 0.015 0.010 0.013 
307   CCR_10    (0)    5 :  0.047 0.059 0.119 0.007 0.178 0.023 0.567 
308   CCR_11    (0)    5 :  0.015 0.620 0.213 0.018 0.038 0.019 0.076 
309   CCR_12    (0)    5 :  0.008 0.947 0.008 0.008 0.009 0.010 0.010 
310   CCR_13    (0)    5 :  0.009 0.876 0.018 0.005 0.034 0.017 0.040 
311   CCR_14    (0)    5 :  0.022 0.506 0.032 0.030 0.015 0.046 0.348 
312   CCR_15    (0)    5 :  0.009 0.312 0.486 0.004 0.075 0.021 0.091 
313   CCR_16    (0)    5 :  0.094 0.476 0.022 0.013 0.152 0.197 0.047 
314   CCR_17    (0)    5 :  0.009 0.392 0.020 0.007 0.041 0.019 0.512 
315   CCR_18    (0)    5 :  0.009 0.340 0.022 0.005 0.183 0.296 0.144 
316   CCR_19    (0)    5 :  0.027 0.790 0.070 0.006 0.016 0.015 0.076 
317   CCR_20    (0)    5 :  0.135 0.728 0.024 0.021 0.040 0.013 0.039 
318   CCR_21    (0)    5 :  0.040 0.805 0.031 0.024 0.074 0.016 0.010 
319   CCR_22    (0)    5 :  0.048 0.671 0.142 0.005 0.078 0.039 0.016 
320   CCR_23    (0)    5 :  0.008 0.830 0.014 0.093 0.014 0.027 0.014 
321   CCR_24    (0)    5 :  0.010 0.933 0.015 0.004 0.018 0.008 0.012 
322   CCR_25    (0)    5 :  0.131 0.167 0.084 0.008 0.075 0.026 0.510 
323   CCR_26    (0)    5 :  0.301 0.354 0.059 0.010 0.209 0.014 0.052 
324   CCR_27    (0)    5 :  0.012 0.895 0.019 0.004 0.010 0.017 0.043 
325   CCR_28    (0)    5 :  0.057 0.784 0.017 0.075 0.035 0.019 0.012 
326   CCR_29    (0)    5 :  0.017 0.878 0.047 0.008 0.019 0.007 0.024 
327   CCR_30    (0)    5 :  0.010 0.247 0.527 0.019 0.043 0.022 0.131 
328   CCR_31    (0)    5 :  0.161 0.120 0.030 0.007 0.621 0.031 0.030 
329   CCR_32    (0)    5 :  0.080 0.497 0.023 0.339 0.036 0.009 0.015 
330   CCR_33    (0)    5 :  0.015 0.782 0.044 0.013 0.053 0.029 0.064 
331   CCR_34    (0)    5 :  0.014 0.916 0.010 0.010 0.015 0.015 0.020 
332   CCR_35    (0)    5 :  0.051 0.443 0.114 0.010 0.134 0.060 0.188 
333   CCR_36    (0)    5 :  0.018 0.322 0.041 0.011 0.354 0.085 0.169 
334   CCR_37    (0)    5 :  0.594 0.309 0.042 0.007 0.018 0.014 0.015 
335   CCR_38    (0)    5 :  0.015 0.915 0.019 0.009 0.013 0.018 0.011 
336   CCR_39    (0)    5 :  0.010 0.868 0.059 0.007 0.011 0.018 0.028 
337   CCR_40    (0)    5 :  0.377 0.394 0.021 0.007 0.080 0.082 0.039 
338   CCR_41    (0)    5 :  0.018 0.755 0.095 0.014 0.062 0.026 0.030 
339   CCR_42    (0)    5 :  0.025 0.902 0.019 0.011 0.015 0.015 0.013 
340   CCR_43    (0)    5 :  0.009 0.538 0.051 0.052 0.307 0.020 0.023 
341   CCR_44    (0)    5 :  0.190 0.351 0.122 0.165 0.052 0.090 0.030 
342   CCR_45    (0)    5 :  0.026 0.680 0.125 0.058 0.040 0.013 0.057 
343   CCR_46    (0)    5 :  0.031 0.812 0.020 0.020 0.094 0.008 0.014 
344   CCR_47    (0)    5 :  0.019 0.899 0.021 0.008 0.028 0.009 0.016 
345   CCR_48    (0)    5 :  0.011 0.449 0.120 0.025 0.049 0.040 0.304 
346   CCR_49    (0)    5 :  0.047 0.734 0.047 0.038 0.025 0.057 0.053 
347   CCR_50    (0)    5 :  0.017 0.874 0.009 0.014 0.016 0.054 0.016 
348   CCR_51    (0)    5 :  0.030 0.924 0.014 0.010 0.009 0.005 0.008 
349   CCR_52    (0)    5 :  0.030 0.817 0.027 0.011 0.049 0.014 0.053 
350   CCR_53    (0)    5 :  0.019 0.617 0.073 0.016 0.186 0.043 0.046 
351   CCR_54    (0)    5 :  0.072 0.475 0.104 0.012 0.056 0.161 0.120 
352   CCR_55    (0)    5 :  0.172 0.721 0.037 0.013 0.018 0.017 0.022 
353   CCR_56    (0)    5 :  0.019 0.867 0.017 0.018 0.034 0.025 0.020 
354   CCR_57    (0)    5 :  0.033 0.758 0.050 0.010 0.042 0.018 0.089 
355   CCR_58    (0)    5 :  0.030 0.347 0.311 0.008 0.145 0.040 0.118 
356   CCR_59    (0)    5 :  0.084 0.511 0.116 0.026 0.219 0.019 0.026 
357   CCR_60    (0)    5 :  0.039 0.292 0.032 0.126 0.045 0.433 0.034 
358   CCR_61    (0)    5 :  0.013 0.573 0.343 0.007 0.010 0.018 0.037 
359   CCR_62    (0)    5 :  0.021 0.190 0.096 0.014 0.631 0.015 0.032 
360   CCR_63    (0)    5 :  0.024 0.886 0.031 0.011 0.020 0.017 0.012 
361   CCR_64    (0)    5 :  0.058 0.759 0.085 0.014 0.025 0.021 0.038 
362   CCR_65    (0)    5 :  0.014 0.729 0.092 0.015 0.107 0.013 0.030 
363   CCR_66    (0)    5 :  0.024 0.911 0.026 0.004 0.014 0.008 0.014 
364   CCR_67    (0)    5 :  0.008 0.934 0.011 0.006 0.011 0.013 0.017 
365   CCR_68    (0)    5 :  0.024 0.412 0.489 0.005 0.016 0.011 0.044 
366   CCR_69    (0)    5 :  0.012 0.925 0.022 0.007 0.013 0.009 0.011 
367   CCR_70    (0)    5 :  0.007 0.860 0.076 0.011 0.019 0.013 0.013 
368   CCR_71    (0)    5 :  0.010 0.900 0.017 0.035 0.014 0.012 0.013 
369   CCR_72    (0)    5 :  0.010 0.881 0.019 0.014 0.028 0.012 0.035 
370   CCR_73    (0)    5 :  0.022 0.911 0.019 0.008 0.011 0.010 0.020 
371   CCR_74    (0)    5 :  0.345 0.264 0.233 0.006 0.042 0.052 0.057 
372   CCR_75    (0)    5 :  0.017 0.839 0.036 0.011 0.013 0.069 0.015 
373   CCR_76    (0)    5 :  0.013 0.201 0.030 0.004 0.037 0.668 0.046 
374   CCR_77    (0)    5 :  0.016 0.663 0.135 0.031 0.086 0.021 0.049 
375   CCR_78    (0)    5 :  0.149 0.632 0.026 0.012 0.100 0.060 0.020 
376   CCR_79    (0)    5 :  0.017 0.772 0.028 0.103 0.034 0.031 0.016 
377   CCR_80    (0)    5 :  0.015 0.485 0.278 0.008 0.008 0.021 0.185 
378    CMB_1    (0)    6 :  0.012 0.014 0.921 0.006 0.020 0.010 0.017 
379    CMB_2    (0)    6 :  0.007 0.012 0.952 0.005 0.009 0.005 0.009 
380    CMB_3    (0)    6 :  0.012 0.012 0.921 0.011 0.011 0.016 0.017 
381    CMB_4    (0)    6 :  0.007 0.014 0.910 0.006 0.011 0.040 0.011 
382    CMB_5    (0)    6 :  0.012 0.037 0.829 0.004 0.042 0.056 0.021 
383    CMB_6    (0)    6 :  0.010 0.012 0.901 0.006 0.024 0.007 0.041 
384    CMB_7    (0)    6 :  0.020 0.025 0.889 0.007 0.026 0.009 0.024 
385    CMB_8    (0)    6 :  0.014 0.009 0.900 0.016 0.022 0.025 0.014 
386    CMB_9    (0)    6 :  0.027 0.011 0.875 0.009 0.007 0.008 0.064 
387   CMB_10    (0)    6 :  0.012 0.177 0.064 0.008 0.044 0.642 0.053 
388   CMB_11    (0)    6 :  0.018 0.010 0.939 0.005 0.011 0.009 0.007 
389   CMB_12    (0)    6 :  0.013 0.018 0.918 0.005 0.014 0.022 0.009 
390   CMB_13    (0)    6 :  0.021 0.028 0.860 0.008 0.029 0.022 0.032 
391   CMB_14    (0)    6 :  0.008 0.008 0.948 0.011 0.009 0.008 0.008 
392   CMB_15    (0)    6 :  0.027 0.020 0.907 0.007 0.013 0.011 0.014 
393   CMB_16    (0)    6 :  0.034 0.067 0.516 0.009 0.073 0.288 0.012 
394   CMB_17    (0)    6 :  0.040 0.621 0.134 0.029 0.127 0.034 0.016 
395   CMB_18    (0)    6 :  0.024 0.028 0.831 0.053 0.029 0.018 0.017 
396   CMB_19    (0)    6 :  0.014 0.049 0.726 0.007 0.014 0.155 0.035 
397   CMB_20    (0)    6 :  0.010 0.012 0.915 0.006 0.008 0.030 0.019 
398   CMB_21    (0)    6 :  0.008 0.010 0.949 0.005 0.010 0.010 0.007 
399   CMB_22    (0)    6 :  0.047 0.037 0.799 0.007 0.052 0.037 0.021 
400   CMB_23    (0)    6 :  0.008 0.010 0.918 0.019 0.021 0.015 0.009 
401   CMB_24    (0)    6 :  0.023 0.032 0.474 0.013 0.272 0.159 0.026 
402   CMB_25    (0)    6 :  0.072 0.026 0.855 0.007 0.014 0.011 0.015 
403   CMB_26    (0)    6 :  0.014 0.006 0.948 0.006 0.005 0.009 0.011 
404   CMB_27    (0)    6 :  0.011 0.025 0.759 0.017 0.080 0.066 0.042 
405   CMB_28    (0)    6 :  0.008 0.008 0.955 0.005 0.008 0.008 0.009 
406   CMB_29    (0)    6 :  0.025 0.161 0.479 0.010 0.229 0.029 0.068 
407   CMB_30    (0)    6 :  0.015 0.009 0.932 0.009 0.008 0.008 0.018 
408   CMB_31    (0)    6 :  0.047 0.090 0.774 0.005 0.011 0.053 0.021 
409   CMB_32    (0)    6 :  0.011 0.036 0.815 0.012 0.031 0.061 0.033 
410   CMB_33    (0)    6 :  0.034 0.036 0.887 0.008 0.012 0.014 0.008 
411   CMB_34    (0)    6 :  0.008 0.013 0.908 0.006 0.011 0.041 0.013 
412   CMB_35    (0)    6 :  0.052 0.022 0.869 0.008 0.019 0.018 0.010 
413   CMB_36    (0)    6 :  0.013 0.015 0.888 0.016 0.022 0.030 0.017 
414   CMB_37    (0)    6 :  0.011 0.014 0.935 0.011 0.013 0.007 0.010 
415   CMB_38    (0)    6 :  0.010 0.014 0.913 0.021 0.025 0.005 0.012 
416   CMB_39    (0)    6 :  0.015 0.012 0.931 0.008 0.011 0.012 0.011 
417   CMB_40    (0)    6 :  0.013 0.012 0.782 0.022 0.101 0.048 0.021 
418   CMB_41    (0)    6 :  0.016 0.011 0.892 0.030 0.018 0.024 0.010 
419   CMB_42    (0)    6 :  0.024 0.022 0.823 0.045 0.033 0.031 0.022 
420   CMB_43    (0)    6 :  0.011 0.167 0.198 0.104 0.154 0.079 0.286 
421   CMB_44    (0)    6 :  0.229 0.025 0.071 0.011 0.502 0.066 0.096 
422   CMB_45    (0)    6 :  0.010 0.032 0.922 0.005 0.009 0.012 0.010 
423   CMB_46    (0)    6 :  0.015 0.054 0.586 0.019 0.035 0.200 0.090 
424   CMB_47    (0)    6 :  0.014 0.021 0.352 0.006 0.022 0.524 0.062 
425   CMB_48    (0)    6 :  0.014 0.013 0.920 0.009 0.013 0.018 0.014 
426   CMB_49    (0)    6 :  0.006 0.011 0.941 0.007 0.010 0.005 0.020 
427   CMB_50    (0)    6 :  0.008 0.010 0.934 0.003 0.018 0.019 0.008 
428   CMB_51    (0)    6 :  0.047 0.313 0.526 0.006 0.045 0.014 0.050 
429   CMB_52    (0)    6 :  0.008 0.011 0.938 0.013 0.012 0.008 0.009 
430   CMB_53    (0)    6 :  0.014 0.014 0.904 0.031 0.013 0.009 0.014 
431   CMB_54    (0)    6 :  0.007 0.009 0.921 0.014 0.015 0.018 0.016 
432   CMB_55    (0)    6 :  0.018 0.011 0.908 0.009 0.020 0.014 0.021 
433   CMB_56    (0)    6 :  0.015 0.027 0.600 0.189 0.069 0.039 0.061 
434   CMB_57    (0)    6 :  0.010 0.043 0.885 0.007 0.017 0.022 0.016 
435   CMB_58    (0)    6 :  0.021 0.095 0.177 0.007 0.639 0.029 0.032 
436   CMB_59    (0)    6 :  0.011 0.011 0.916 0.018 0.016 0.019 0.009 
437   CMB_60    (0)    6 :  0.007 0.009 0.952 0.005 0.009 0.007 0.012 
438   CMB_61    (0)    6 :  0.019 0.047 0.888 0.010 0.017 0.008 0.011 
439   CMB_62    (0)    6 :  0.033 0.075 0.732 0.009 0.024 0.055 0.072 
440   CMB_63    (0)    6 :  0.024 0.018 0.800 0.004 0.034 0.011 0.108 
441   CMB_64    (0)    6 :  0.006 0.015 0.938 0.010 0.014 0.010 0.007 
442   CMB_65    (0)    6 :  0.014 0.016 0.929 0.009 0.009 0.013 0.009 
443   CMB_66    (0)    6 :  0.010 0.063 0.857 0.011 0.013 0.008 0.038 
444   CMB_67    (0)    6 :  0.008 0.008 0.935 0.007 0.011 0.019 0.013 
445   CMB_68    (0)    6 :  0.013 0.014 0.920 0.010 0.020 0.012 0.010 
446   CMB_69    (0)    6 :  0.009 0.128 0.601 0.159 0.008 0.080 0.015 
447   CMB_70    (0)    6 :  0.090 0.043 0.274 0.012 0.096 0.469 0.016 
448   CMB_71    (0)    6 :  0.011 0.040 0.873 0.015 0.021 0.022 0.019 
449   CMB_72    (0)    6 :  0.018 0.143 0.714 0.045 0.035 0.026 0.019 
450   CMB_73    (0)    6 :  0.747 0.090 0.036 0.019 0.042 0.015 0.051 
451   CMB_74    (0)    6 :  0.048 0.020 0.715 0.061 0.061 0.042 0.053 
452   CMB_75    (0)    6 :  0.013 0.020 0.301 0.151 0.091 0.413 0.011 
453   CMB_76    (6)    6 :  0.256 0.043 0.077 0.022 0.519 0.030 0.054 
454   CMB_77    (0)    6 :  0.016 0.120 0.660 0.025 0.013 0.079 0.087 
455    CNR_1    (0)    7 :  0.031 0.030 0.711 0.179 0.031 0.009 0.010 
456    CNR_2    (0)    7 :  0.304 0.084 0.458 0.007 0.050 0.039 0.058 
457    CNR_3    (0)    7 :  0.053 0.070 0.813 0.020 0.022 0.011 0.010 
458    CNR_4    (0)    7 :  0.008 0.012 0.937 0.013 0.010 0.011 0.009 
459    CNR_5    (0)    7 :  0.009 0.028 0.753 0.078 0.078 0.016 0.038 
460    CNR_6    (0)    7 :  0.053 0.009 0.891 0.008 0.015 0.016 0.008 
461    CNR_7    (0)    7 :  0.017 0.330 0.491 0.031 0.042 0.038 0.051 
462    CNR_8    (0)    7 :  0.017 0.131 0.694 0.009 0.104 0.027 0.017 
463    CNR_9    (0)    7 :  0.021 0.184 0.639 0.007 0.087 0.020 0.042 
464   CNR_10    (0)    7 :  0.007 0.007 0.954 0.005 0.011 0.008 0.008 
465   CNR_11    (0)    7 :  0.012 0.015 0.921 0.008 0.014 0.013 0.017 
466   CNR_12    (0)    7 :  0.006 0.008 0.950 0.012 0.010 0.005 0.009 
