

----------------------------------------------------
STRUCTURE by Pritchard, Stephens and Donnelly (2000)
     and Falush, Stephens and Pritchard (2003)
       Code by Pritchard, Falush and Hubisz
             Version 2.3.4 (Jul 2012)
----------------------------------------------------



Command line arguments:   structure -m /global/home/hpc3579/salmon/mainparamsnewfoundlandfiles/mainparamsnewfoundland11 -e /global/home/hpc3579/salmon/extraparams_newfoundlandfile -K 11 
Input File:    /global/home/hpc3579/salmon/NewfoundlandStruc.txt

Run parameters:
   5235 individuals
   15 loci
   11 populations assumed
   100000 Burn-in period
   1000000 Reps


--------------------------------------------
Proportion of membership of each pre-defined
 population in each of the 11 clusters

Given    Inferred Clusters                                                               Number of
 Pop       1      2      3      4      5      6      7      8      9     10     11      Individuals

  1:     0.021  0.018  0.015  0.024  0.033  0.029  0.016  0.768  0.031  0.024  0.022       68
  2:     0.175  0.097  0.110  0.108  0.119  0.085  0.037  0.055  0.047  0.117  0.052       76
  3:     0.089  0.138  0.140  0.061  0.102  0.169  0.024  0.064  0.044  0.110  0.059       75
  4:     0.056  0.044  0.089  0.039  0.114  0.131  0.040  0.274  0.084  0.058  0.072       78
  5:     0.080  0.040  0.042  0.577  0.052  0.034  0.020  0.032  0.061  0.031  0.031       80
  6:     0.049  0.020  0.030  0.045  0.034  0.037  0.019  0.026  0.026  0.666  0.048       77
  7:     0.025  0.017  0.018  0.046  0.037  0.030  0.017  0.019  0.023  0.750  0.019       99
  8:     0.172  0.086  0.029  0.325  0.084  0.065  0.032  0.048  0.081  0.045  0.034       78
  9:     0.065  0.064  0.279  0.053  0.039  0.060  0.025  0.038  0.057  0.284  0.037       74
 10:     0.055  0.041  0.021  0.032  0.657  0.040  0.016  0.038  0.043  0.029  0.028      100
 11:     0.232  0.041  0.033  0.057  0.201  0.114  0.046  0.148  0.064  0.031  0.034      100
 12:     0.097  0.042  0.038  0.472  0.053  0.050  0.027  0.027  0.090  0.068  0.037       75
 13:     0.089  0.052  0.055  0.510  0.053  0.042  0.013  0.025  0.066  0.063  0.032       77
 14:     0.075  0.064  0.033  0.455  0.056  0.059  0.036  0.035  0.086  0.057  0.044       82
 15:     0.065  0.048  0.039  0.578  0.068  0.051  0.020  0.026  0.047  0.027  0.032       75
 16:     0.144  0.054  0.165  0.065  0.123  0.129  0.029  0.044  0.051  0.153  0.043       56
 17:     0.055  0.042  0.056  0.569  0.059  0.053  0.016  0.021  0.058  0.039  0.033       70
 18:     0.039  0.023  0.018  0.029  0.025  0.048  0.020  0.015  0.020  0.738  0.026       82
 19:     0.028  0.041  0.028  0.029  0.049  0.055  0.019  0.668  0.039  0.020  0.025       75
 20:     0.045  0.050  0.031  0.060  0.414  0.042  0.020  0.222  0.066  0.025  0.027       57
 21:     0.019  0.019  0.040  0.022  0.025  0.016  0.020  0.781  0.019  0.024  0.016      111
 22:     0.066  0.054  0.022  0.061  0.073  0.061  0.069  0.223  0.281  0.035  0.056       88
 23:     0.061  0.073  0.064  0.073  0.304  0.131  0.031  0.041  0.067  0.104  0.051       69
 24:     0.073  0.024  0.017  0.178  0.537  0.024  0.014  0.013  0.045  0.052  0.023       75
 25:     0.061  0.061  0.043  0.042  0.075  0.047  0.015  0.525  0.058  0.039  0.034      100
 26:     0.075  0.021  0.026  0.063  0.109  0.021  0.013  0.018  0.066  0.551  0.036       76
 27:     0.047  0.097  0.065  0.046  0.117  0.092  0.019  0.374  0.047  0.046  0.049       84
 28:     0.041  0.071  0.020  0.033  0.070  0.028  0.017  0.582  0.063  0.022  0.053       74
 29:     0.010  0.713  0.148  0.009  0.012  0.013  0.016  0.044  0.012  0.010  0.014       51
 30:     0.020  0.029  0.023  0.037  0.035  0.037  0.039  0.698  0.028  0.034  0.019       75
 31:     0.015  0.013  0.011  0.016  0.014  0.012  0.872  0.013  0.012  0.011  0.012       71
 32:     0.064  0.048  0.045  0.447  0.038  0.067  0.031  0.035  0.090  0.082  0.052       66
 33:     0.077  0.042  0.040  0.043  0.063  0.066  0.016  0.027  0.036  0.042  0.548       81
 34:     0.069  0.054  0.056  0.058  0.137  0.413  0.023  0.033  0.049  0.059  0.049       50
 35:     0.432  0.085  0.050  0.124  0.073  0.044  0.016  0.023  0.078  0.055  0.021       50
 36:     0.034  0.021  0.021  0.031  0.032  0.019  0.013  0.013  0.775  0.024  0.017      100
 37:     0.036  0.038  0.035  0.034  0.040  0.066  0.018  0.026  0.035  0.028  0.644       94
 38:     0.672  0.041  0.041  0.031  0.031  0.044  0.017  0.016  0.037  0.033  0.037      100
 39:     0.065  0.056  0.049  0.091  0.119  0.372  0.019  0.041  0.055  0.056  0.077       50
 40:     0.221  0.098  0.087  0.117  0.081  0.060  0.024  0.039  0.162  0.066  0.045       98
 41:     0.048  0.370  0.257  0.034  0.057  0.034  0.042  0.030  0.078  0.027  0.023       50
 42:     0.015  0.020  0.019  0.017  0.020  0.029  0.011  0.018  0.013  0.016  0.821       99
 43:     0.300  0.071  0.094  0.114  0.093  0.043  0.022  0.034  0.100  0.080  0.048       99
 44:     0.064  0.098  0.088  0.066  0.090  0.390  0.022  0.026  0.058  0.048  0.049      100
 45:     0.165  0.069  0.051  0.096  0.133  0.252  0.019  0.022  0.065  0.040  0.088       48
 46:     0.069  0.040  0.029  0.049  0.049  0.043  0.008  0.039  0.039  0.038  0.597       28
 47:     0.106  0.033  0.057  0.068  0.091  0.371  0.038  0.052  0.081  0.042  0.062       50
 48:     0.047  0.028  0.039  0.036  0.083  0.555  0.019  0.020  0.026  0.067  0.079      100
 49:     0.044  0.077  0.095  0.076  0.100  0.405  0.026  0.018  0.047  0.060  0.051       50
 50:     0.106  0.035  0.034  0.061  0.037  0.030  0.017  0.028  0.038  0.040  0.575       41
 51:     0.092  0.062  0.077  0.081  0.085  0.355  0.027  0.040  0.056  0.075  0.050       50
 52:     0.091  0.682  0.043  0.024  0.028  0.022  0.013  0.019  0.030  0.031  0.019      100
 53:     0.044  0.043  0.026  0.057  0.030  0.028  0.016  0.034  0.654  0.045  0.023       98
 54:     0.144  0.047  0.073  0.060  0.077  0.157  0.026  0.032  0.185  0.075  0.125      100
 55:     0.014  0.012  0.008  0.010  0.010  0.010  0.893  0.011  0.012  0.010  0.010       95
 56:     0.170  0.146  0.255  0.099  0.048  0.037  0.011  0.050  0.106  0.050  0.028       50
 57:     0.070  0.056  0.113  0.068  0.107  0.269  0.022  0.100  0.058  0.066  0.071       70
 58:     0.048  0.040  0.033  0.053  0.051  0.062  0.019  0.022  0.072  0.040  0.560      100
 59:     0.065  0.114  0.079  0.069  0.096  0.336  0.015  0.047  0.068  0.068  0.044       50
 60:     0.018  0.023  0.865  0.014  0.015  0.013  0.007  0.011  0.012  0.011  0.012       50
 61:     0.358  0.043  0.065  0.094  0.102  0.102  0.025  0.030  0.097  0.032  0.052      100
 62:     0.080  0.053  0.025  0.031  0.025  0.023  0.022  0.015  0.038  0.023  0.666       41
 63:     0.055  0.052  0.053  0.040  0.051  0.065  0.017  0.022  0.048  0.040  0.558      100
 64:     0.094  0.049  0.531  0.040  0.055  0.076  0.019  0.020  0.061  0.022  0.034       50
 65:     0.064  0.057  0.032  0.075  0.041  0.041  0.026  0.035  0.061  0.039  0.529      100
 66:     0.063  0.073  0.050  0.054  0.063  0.477  0.038  0.019  0.051  0.055  0.057       49
 67:     0.083  0.069  0.101  0.088  0.093  0.262  0.040  0.035  0.058  0.087  0.084      100
 68:     0.226  0.171  0.099  0.052  0.070  0.092  0.016  0.035  0.072  0.040  0.127       50
 69:     0.094  0.042  0.544  0.057  0.063  0.063  0.014  0.019  0.036  0.033  0.035      100
--------------------------------------------

Allele-freq. divergence among pops (Net nucleotide distance),
computed using point estimates of P.

      1       2       3       4       5       6       7       8       9      10      11      
 1      -    0.0170  0.0146  0.0110  0.0151  0.0183  0.0582  0.0363  0.0141  0.0170  0.0253  
 2   0.0170     -    0.0142  0.0201  0.0186  0.0205  0.0602  0.0365  0.0224  0.0278  0.0318  
 3   0.0146  0.0142     -    0.0170  0.0172  0.0211  0.0679  0.0379  0.0202  0.0264  0.0334  
 4   0.0110  0.0201  0.0170     -    0.0150  0.0211  0.0596  0.0352  0.0137  0.0167  0.0288  
 5   0.0151  0.0186  0.0172  0.0150     -    0.0146  0.0589  0.0257  0.0158  0.0195  0.0261  
 6   0.0183  0.0205  0.0211  0.0211  0.0146     -    0.0648  0.0365  0.0228  0.0241  0.0227  
 7   0.0582  0.0602  0.0679  0.0596  0.0589  0.0648     -    0.0651  0.0542  0.0664  0.0768  
 8   0.0363  0.0365  0.0379  0.0352  0.0257  0.0365  0.0651     -    0.0364  0.0439  0.0531  
 9   0.0141  0.0224  0.0202  0.0137  0.0158  0.0228  0.0542  0.0364     -    0.0201  0.0289  
10   0.0170  0.0278  0.0264  0.0167  0.0195  0.0241  0.0664  0.0439  0.0201     -    0.0349  
11   0.0253  0.0318  0.0334  0.0288  0.0261  0.0227  0.0768  0.0531  0.0289  0.0349     -    

Average distances (expected heterozygosity) between individuals in same cluster:
cluster  1  : 0.8728 
cluster  2  : 0.8622 
cluster  3  : 0.8635 
cluster  4  : 0.8699 
cluster  5  : 0.8684 
cluster  6  : 0.8544 
cluster  7  : 0.7883 
cluster  8  : 0.8351 
cluster  9  : 0.8741 
cluster 10  : 0.8481 
cluster 11  : 0.8652 

--------------------------------------------
Estimated Ln Prob of Data   = -390104.0
Mean value of ln likelihood = -383066.5
Variance of ln likelihood   = 14074.9
Mean value of alpha         = 0.0513

Mean value of Fst_1         = 0.0149
Mean value of Fst_2         = 0.0296
Mean value of Fst_3         = 0.0176
Mean value of Fst_4         = 0.0168
Mean value of Fst_5         = 0.0185
Mean value of Fst_6         = 0.0166
Mean value of Fst_7         = 0.1323
Mean value of Fst_8         = 0.0352
Mean value of Fst_9         = 0.0189
Mean value of Fst_10         = 0.0271
Mean value of Fst_11         = 0.0244


Inferred ancestry of individuals:
        Label (%Miss) Pop:  Inferred clusters
  1    BBA_1    (0)    1 :  0.011 0.010 0.017 0.011 0.021 0.009 0.004 0.888 0.006 0.011 0.013 
  2    BBA_2    (0)    1 :  0.008 0.007 0.008 0.012 0.011 0.021 0.004 0.893 0.016 0.006 0.013 
  3    BBA_3    (0)    1 :  0.007 0.011 0.009 0.008 0.006 0.015 0.007 0.898 0.016 0.017 0.008 
  4    BBA_4    (0)    1 :  0.021 0.024 0.016 0.012 0.077 0.074 0.018 0.694 0.030 0.017 0.018 
  5    BBA_5    (0)    1 :  0.008 0.005 0.006 0.009 0.008 0.007 0.005 0.930 0.009 0.008 0.006 
  6    BBA_6    (0)    1 :  0.031 0.006 0.011 0.023 0.018 0.027 0.004 0.838 0.011 0.019 0.011 
  7    BBA_7    (0)    1 :  0.007 0.006 0.007 0.007 0.006 0.014 0.014 0.909 0.015 0.008 0.006 
  8    BBA_8    (0)    1 :  0.015 0.014 0.028 0.036 0.024 0.012 0.018 0.781 0.020 0.045 0.007 
  9    BBA_9    (0)    1 :  0.005 0.005 0.006 0.005 0.006 0.006 0.004 0.943 0.004 0.008 0.007 
 10   BBA_10    (0)    1 :  0.011 0.008 0.013 0.015 0.017 0.012 0.005 0.820 0.008 0.075 0.017 
 11   BBA_11    (0)    1 :  0.037 0.034 0.026 0.011 0.027 0.013 0.005 0.798 0.011 0.011 0.027 
 12   BBA_12    (0)    1 :  0.008 0.007 0.008 0.007 0.009 0.013 0.005 0.921 0.008 0.009 0.006 
 13   BBA_13    (0)    1 :  0.017 0.009 0.008 0.012 0.012 0.416 0.005 0.187 0.274 0.046 0.014 
 14   BBA_14    (0)    1 :  0.025 0.017 0.018 0.028 0.008 0.012 0.019 0.827 0.011 0.022 0.013 
 15   BBA_15    (0)    1 :  0.045 0.023 0.010 0.116 0.022 0.097 0.004 0.592 0.010 0.050 0.029 
 16   BBA_16    (0)    1 :  0.006 0.005 0.007 0.006 0.011 0.008 0.027 0.893 0.007 0.014 0.016 
 17   BBA_17    (0)    1 :  0.011 0.022 0.007 0.008 0.009 0.024 0.212 0.653 0.008 0.016 0.031 
 18   BBA_18    (0)    1 :  0.005 0.006 0.009 0.006 0.007 0.008 0.004 0.937 0.005 0.005 0.006 
 19   BBA_19    (0)    1 :  0.009 0.008 0.007 0.009 0.007 0.008 0.008 0.920 0.008 0.011 0.006 
 20   BBA_20    (0)    1 :  0.007 0.007 0.008 0.010 0.015 0.013 0.004 0.911 0.011 0.008 0.006 
 21   BBA_21    (0)    1 :  0.020 0.008 0.021 0.020 0.104 0.014 0.023 0.689 0.035 0.054 0.013 
 22   BBA_22    (0)    1 :  0.012 0.015 0.009 0.019 0.095 0.039 0.057 0.682 0.011 0.026 0.036 
 23   BBA_23    (0)    1 :  0.006 0.006 0.006 0.012 0.006 0.008 0.008 0.929 0.006 0.006 0.007 
 24   BBA_24    (0)    1 :  0.016 0.020 0.009 0.013 0.015 0.009 0.012 0.806 0.045 0.019 0.037 
 25   BBA_25    (0)    1 :  0.005 0.004 0.005 0.006 0.005 0.009 0.006 0.943 0.007 0.005 0.005 
 26   BBA_26    (0)    1 :  0.043 0.232 0.029 0.081 0.332 0.069 0.021 0.098 0.012 0.057 0.028 
 27   BBA_27    (0)    1 :  0.014 0.010 0.009 0.013 0.010 0.010 0.006 0.878 0.007 0.032 0.010 
 28   BBA_28    (0)    1 :  0.008 0.006 0.007 0.012 0.010 0.011 0.006 0.917 0.009 0.007 0.007 
 29   BBA_29    (0)    1 :  0.025 0.023 0.009 0.017 0.014 0.016 0.032 0.802 0.018 0.031 0.014 
 30   BBA_30    (0)    1 :  0.016 0.006 0.005 0.015 0.007 0.009 0.006 0.905 0.009 0.008 0.013 
 31   BBA_31    (0)    1 :  0.042 0.009 0.010 0.016 0.014 0.013 0.004 0.852 0.012 0.017 0.011 
 32   BBA_32    (0)    1 :  0.012 0.026 0.019 0.018 0.015 0.016 0.009 0.827 0.038 0.011 0.010 
 33   BBA_33    (0)    1 :  0.070 0.070 0.021 0.024 0.022 0.027 0.021 0.577 0.047 0.098 0.021 
 34   BBA_34    (0)    1 :  0.029 0.043 0.011 0.051 0.054 0.016 0.034 0.489 0.100 0.044 0.128 
 35   BBA_35    (0)    1 :  0.028 0.016 0.016 0.052 0.016 0.032 0.007 0.745 0.059 0.014 0.015 
 36   BBA_36    (0)    1 :  0.015 0.007 0.013 0.014 0.012 0.008 0.008 0.856 0.013 0.047 0.009 
 37   BBA_37    (0)    1 :  0.032 0.010 0.011 0.042 0.024 0.039 0.009 0.694 0.007 0.095 0.038 
 38   BBA_38    (0)    1 :  0.019 0.034 0.036 0.032 0.372 0.014 0.050 0.289 0.099 0.027 0.028 
 39   BBA_39    (0)    1 :  0.012 0.012 0.007 0.010 0.018 0.018 0.004 0.886 0.010 0.008 0.014 
 40   BBA_40    (0)    1 :  0.017 0.008 0.009 0.018 0.044 0.007 0.048 0.808 0.011 0.014 0.014 
 41   BBA_41    (0)    1 :  0.024 0.012 0.018 0.038 0.050 0.032 0.008 0.737 0.015 0.052 0.015 
 42   BBA_42    (0)    1 :  0.025 0.022 0.059 0.070 0.016 0.025 0.006 0.627 0.058 0.055 0.038 
 43   BBA_43    (0)    1 :  0.010 0.006 0.005 0.008 0.009 0.010 0.003 0.924 0.009 0.007 0.010 
 44   BBA_44    (0)    1 :  0.008 0.006 0.007 0.010 0.007 0.007 0.006 0.925 0.007 0.009 0.008 
 45   BBA_45    (0)    1 :  0.006 0.004 0.005 0.009 0.006 0.005 0.005 0.943 0.005 0.006 0.005 
 46   BBA_46    (0)    1 :  0.006 0.005 0.004 0.007 0.005 0.006 0.003 0.946 0.006 0.006 0.005 
 47   BBA_47    (0)    1 :  0.008 0.021 0.011 0.012 0.040 0.025 0.022 0.808 0.010 0.018 0.026 
 48   BBA_48    (0)    1 :  0.021 0.013 0.010 0.135 0.013 0.021 0.008 0.722 0.011 0.016 0.030 
 49   BBA_49    (0)    1 :  0.016 0.038 0.061 0.019 0.112 0.099 0.013 0.440 0.112 0.074 0.015 
 50   BBA_50    (0)    1 :  0.018 0.011 0.009 0.032 0.032 0.030 0.019 0.801 0.028 0.010 0.009 
 51   BBA_51    (0)    1 :  0.013 0.009 0.016 0.012 0.078 0.035 0.010 0.662 0.146 0.009 0.010 
 52   BBA_52    (0)    1 :  0.017 0.013 0.011 0.026 0.010 0.019 0.006 0.823 0.011 0.053 0.012 
 53   BBA_53    (0)    1 :  0.016 0.013 0.021 0.016 0.019 0.025 0.009 0.833 0.019 0.018 0.010 
 54   BBA_54    (0)    1 :  0.019 0.009 0.037 0.016 0.008 0.032 0.011 0.817 0.022 0.014 0.016 
 55   BBA_55    (0)    1 :  0.238 0.019 0.033 0.153 0.021 0.024 0.024 0.137 0.265 0.029 0.058 
 56   BBA_56    (0)    1 :  0.013 0.008 0.023 0.015 0.023 0.035 0.005 0.830 0.012 0.027 0.009 
 57   BBA_57    (0)    1 :  0.012 0.012 0.018 0.011 0.009 0.009 0.008 0.887 0.012 0.014 0.008 
 58   BBA_58    (0)    1 :  0.024 0.008 0.031 0.019 0.019 0.025 0.008 0.813 0.013 0.014 0.026 
 59   BBA_59    (0)    1 :  0.011 0.019 0.016 0.015 0.010 0.011 0.004 0.851 0.010 0.040 0.013 
 60   BBA_60    (0)    1 :  0.018 0.008 0.010 0.051 0.022 0.016 0.061 0.749 0.014 0.023 0.027 
 61   BBA_61    (0)    1 :  0.006 0.004 0.006 0.006 0.009 0.036 0.004 0.907 0.006 0.009 0.007 
 62   BBA_62    (0)    1 :  0.008 0.009 0.010 0.013 0.015 0.012 0.009 0.880 0.007 0.029 0.008 
 63   BBA_63    (0)    1 :  0.009 0.009 0.012 0.014 0.010 0.015 0.003 0.859 0.017 0.023 0.029 
 64   BBA_64    (0)    1 :  0.009 0.006 0.005 0.010 0.007 0.006 0.008 0.928 0.009 0.006 0.007 
 65   BBA_65    (0)    1 :  0.044 0.051 0.021 0.021 0.010 0.023 0.017 0.690 0.035 0.043 0.044 
 66   BBA_66    (0)    1 :  0.032 0.037 0.018 0.060 0.166 0.045 0.011 0.291 0.055 0.011 0.274 
 67   BBA_67    (0)    1 :  0.014 0.009 0.020 0.012 0.011 0.013 0.007 0.850 0.036 0.009 0.018 
 68   BBA_68    (0)    1 :  0.013 0.008 0.023 0.009 0.019 0.138 0.036 0.634 0.092 0.008 0.020 
 69    BDN_1    (0)    2 :  0.109 0.133 0.084 0.040 0.016 0.043 0.016 0.007 0.422 0.102 0.030 
 70    BDN_2    (0)    2 :  0.089 0.232 0.107 0.246 0.066 0.072 0.008 0.022 0.064 0.082 0.013 
 71    BDN_3    (0)    2 :  0.023 0.170 0.052 0.059 0.025 0.136 0.348 0.022 0.036 0.080 0.049 
 72    BDN_4   (13)    2 :  0.103 0.279 0.096 0.023 0.031 0.048 0.009 0.018 0.018 0.047 0.327 
 73    BDN_5   (13)    2 :  0.588 0.041 0.029 0.021 0.107 0.042 0.018 0.018 0.011 0.064 0.060 
 74    BDN_6    (6)    2 :  0.038 0.011 0.036 0.178 0.098 0.437 0.074 0.009 0.076 0.020 0.022 
 75    BDN_7    (0)    2 :  0.091 0.013 0.097 0.394 0.144 0.130 0.025 0.010 0.042 0.037 0.017 
 76    BDN_8    (6)    2 :  0.498 0.026 0.020 0.223 0.082 0.009 0.019 0.007 0.024 0.069 0.021 
 77    BDN_9    (0)    2 :  0.022 0.255 0.201 0.020 0.028 0.037 0.006 0.357 0.015 0.022 0.036 
 78   BDN_10    (0)    2 :  0.058 0.133 0.233 0.020 0.012 0.114 0.005 0.312 0.067 0.018 0.026 
 79   BDN_11    (0)    2 :  0.023 0.014 0.090 0.063 0.196 0.280 0.018 0.007 0.058 0.155 0.097 
 80   BDN_12    (0)    2 :  0.102 0.181 0.067 0.108 0.126 0.299 0.005 0.010 0.018 0.071 0.012 
 81   BDN_13   (13)    2 :  0.715 0.024 0.110 0.011 0.017 0.031 0.023 0.012 0.010 0.014 0.032 
 82   BDN_14    (0)    2 :  0.046 0.278 0.054 0.077 0.048 0.066 0.008 0.034 0.264 0.045 0.078 
 83   BDN_15    (6)    2 :  0.012 0.174 0.066 0.054 0.130 0.131 0.050 0.014 0.019 0.340 0.010 
 84   BDN_16    (6)    2 :  0.091 0.020 0.017 0.085 0.351 0.084 0.012 0.107 0.042 0.078 0.113 
 85   BDN_17   (13)    2 :  0.043 0.155 0.174 0.012 0.033 0.087 0.425 0.011 0.014 0.030 0.018 
 86   BDN_18    (0)    2 :  0.187 0.078 0.310 0.056 0.045 0.053 0.004 0.020 0.043 0.133 0.070 
 87   BDN_19    (0)    2 :  0.120 0.542 0.027 0.010 0.188 0.020 0.008 0.040 0.008 0.027 0.010 
 88   BDN_20   (13)    2 :  0.100 0.053 0.027 0.064 0.067 0.126 0.170 0.052 0.027 0.238 0.075 
 89   BDN_21   (13)    2 :  0.027 0.214 0.016 0.016 0.039 0.587 0.020 0.029 0.014 0.021 0.017 
 90   BDN_22    (6)    2 :  0.013 0.027 0.064 0.030 0.051 0.050 0.029 0.639 0.037 0.053 0.008 
 91   BDN_23    (0)    2 :  0.018 0.029 0.042 0.014 0.316 0.024 0.007 0.053 0.013 0.462 0.024 
 92   BDN_24    (0)    2 :  0.817 0.013 0.027 0.024 0.012 0.015 0.010 0.011 0.015 0.047 0.009 
 93   BDN_25   (13)    2 :  0.079 0.146 0.297 0.094 0.074 0.016 0.010 0.023 0.019 0.228 0.013 
 94   BDN_26    (0)    2 :  0.013 0.110 0.094 0.014 0.097 0.024 0.182 0.028 0.021 0.409 0.007 
 95   BDN_27    (0)    2 :  0.770 0.091 0.021 0.013 0.008 0.018 0.005 0.009 0.015 0.035 0.014 
 96   BDN_28   (13)    2 :  0.032 0.020 0.211 0.077 0.210 0.226 0.009 0.014 0.057 0.033 0.111 
 97   BDN_29    (0)    2 :  0.032 0.020 0.017 0.015 0.037 0.079 0.056 0.027 0.067 0.634 0.016 
 98   BDN_30    (0)    2 :  0.186 0.225 0.012 0.014 0.155 0.190 0.090 0.033 0.058 0.016 0.021 
 99   BDN_31    (0)    2 :  0.044 0.025 0.146 0.042 0.537 0.034 0.005 0.067 0.010 0.040 0.050 
100   BDN_32    (0)    2 :  0.012 0.018 0.135 0.410 0.022 0.113 0.010 0.078 0.146 0.041 0.014 
101   BDN_33    (0)    2 :  0.800 0.015 0.011 0.026 0.026 0.055 0.018 0.008 0.017 0.020 0.006 
102   BDN_34    (0)    2 :  0.117 0.032 0.017 0.033 0.080 0.069 0.004 0.009 0.019 0.037 0.584 
103   BDN_35    (0)    2 :  0.707 0.075 0.080 0.017 0.016 0.012 0.005 0.027 0.027 0.018 0.015 
104   BDN_36    (0)    2 :  0.104 0.102 0.138 0.071 0.241 0.101 0.016 0.030 0.045 0.139 0.014 
105   BDN_37    (0)    2 :  0.051 0.013 0.308 0.020 0.442 0.043 0.017 0.016 0.030 0.042 0.017 
106   BDN_38    (0)    2 :  0.447 0.013 0.092 0.059 0.055 0.013 0.229 0.021 0.022 0.034 0.015 
107   BDN_39    (0)    2 :  0.077 0.022 0.717 0.065 0.023 0.024 0.004 0.019 0.009 0.020 0.021 
108   BDN_40    (0)    2 :  0.057 0.112 0.527 0.044 0.107 0.012 0.015 0.007 0.020 0.088 0.012 
109   BDN_41    (0)    2 :  0.026 0.079 0.262 0.068 0.104 0.214 0.024 0.014 0.025 0.090 0.094 
110   BDN_42   (13)    2 :  0.120 0.018 0.048 0.040 0.279 0.126 0.006 0.015 0.018 0.236 0.095 
111   BDN_43    (6)    2 :  0.426 0.013 0.052 0.086 0.027 0.038 0.008 0.012 0.025 0.057 0.256 
112   BDN_44    (0)    2 :  0.064 0.023 0.140 0.271 0.147 0.048 0.015 0.058 0.032 0.183 0.017 
113   BDN_45    (0)    2 :  0.187 0.032 0.028 0.061 0.062 0.016 0.017 0.012 0.181 0.382 0.022 
114   BDN_46   (13)    2 :  0.123 0.467 0.032 0.113 0.051 0.033 0.008 0.037 0.084 0.009 0.045 
115   BDN_47    (0)    2 :  0.024 0.054 0.043 0.079 0.088 0.074 0.036 0.035 0.091 0.307 0.169 
116   BDN_48    (0)    2 :  0.010 0.015 0.209 0.328 0.175 0.039 0.005 0.021 0.077 0.046 0.075 
117   BDN_49    (0)    2 :  0.150 0.046 0.133 0.101 0.048 0.016 0.004 0.021 0.025 0.392 0.064 
118   BDN_50    (0)    2 :  0.307 0.147 0.111 0.050 0.036 0.022 0.005 0.028 0.009 0.252 0.034 
119   BDN_51    (0)    2 :  0.020 0.216 0.122 0.139 0.241 0.026 0.007 0.027 0.077 0.109 0.016 
120   BDN_52    (0)    2 :  0.303 0.056 0.191 0.057 0.027 0.201 0.012 0.012 0.012 0.105 0.024 
121   BDN_53    (0)    2 :  0.095 0.018 0.026 0.412 0.058 0.119 0.006 0.041 0.013 0.108 0.105 
122   BDN_54   (13)    2 :  0.009 0.026 0.046 0.012 0.088 0.038 0.016 0.721 0.011 0.019 0.015 
123   BDN_55    (6)    2 :  0.141 0.023 0.061 0.353 0.132 0.161 0.005 0.076 0.021 0.018 0.011 
124   BDN_56   (13)    2 :  0.360 0.027 0.072 0.042 0.032 0.024 0.004 0.013 0.028 0.346 0.053 
125   BDN_57    (6)    2 :  0.642 0.010 0.035 0.043 0.047 0.038 0.045 0.034 0.031 0.058 0.017 
126   BDN_58    (6)    2 :  0.392 0.054 0.013 0.083 0.026 0.167 0.029 0.041 0.150 0.036 0.011 
127   BDN_59    (6)    2 :  0.025 0.015 0.014 0.024 0.039 0.023 0.070 0.045 0.028 0.700 0.017 
128   BDN_60    (6)    2 :  0.397 0.133 0.024 0.028 0.017 0.229 0.050 0.015 0.018 0.052 0.037 
129   BDN_61    (0)    2 :  0.672 0.070 0.013 0.056 0.033 0.008 0.008 0.012 0.014 0.057 0.056 
130   BDN_62    (0)    2 :  0.058 0.042 0.030 0.170 0.056 0.033 0.005 0.032 0.037 0.481 0.056 
131   BDN_63    (6)    2 :  0.019 0.287 0.294 0.047 0.049 0.026 0.143 0.026 0.060 0.024 0.024 
132   BDN_64    (0)    2 :  0.018 0.009 0.365 0.015 0.396 0.032 0.006 0.025 0.016 0.079 0.039 
133   BDN_65    (0)    2 :  0.072 0.030 0.174 0.222 0.065 0.069 0.067 0.178 0.044 0.058 0.020 
134   BDN_66   (13)    2 :  0.133 0.166 0.229 0.021 0.229 0.052 0.006 0.038 0.018 0.049 0.060 
135   BDN_67    (0)    2 :  0.039 0.009 0.052 0.053 0.709 0.016 0.009 0.064 0.028 0.007 0.015 
136   BDN_68    (6)    2 :  0.108 0.088 0.025 0.420 0.139 0.025 0.075 0.013 0.069 0.018 0.020 
137   BDN_69    (0)    2 :  0.068 0.050 0.092 0.217 0.072 0.134 0.007 0.012 0.165 0.155 0.027 
138   BDN_70    (6)    2 :  0.050 0.022 0.125 0.093 0.303 0.255 0.014 0.019 0.077 0.021 0.021 
139   BDN_71    (6)    2 :  0.130 0.530 0.081 0.020 0.014 0.021 0.010 0.039 0.029 0.103 0.022 
140   BDN_72    (0)    2 :  0.014 0.013 0.019 0.823 0.017 0.026 0.005 0.025 0.016 0.018 0.025 
141   BDN_73    (0)    2 :  0.035 0.037 0.018 0.626 0.018 0.022 0.007 0.020 0.016 0.022 0.179 
142   BDN_74    (0)    2 :  0.029 0.026 0.047 0.074 0.598 0.043 0.011 0.011 0.018 0.135 0.008 
143   BDN_75    (0)    2 :  0.502 0.215 0.093 0.020 0.010 0.024 0.037 0.013 0.029 0.027 0.032 
144   BDN_76    (0)    2 :  0.063 0.162 0.135 0.074 0.292 0.066 0.014 0.114 0.015 0.012 0.054 
145   BDNB_1    (0)    3 :  0.059 0.061 0.669 0.054 0.046 0.020 0.025 0.008 0.010 0.028 0.019 
146   BDNB_2    (0)    3 :  0.288 0.071 0.206 0.126 0.042 0.064 0.009 0.027 0.108 0.017 0.042 
147   BDNB_3    (0)    3 :  0.093 0.019 0.107 0.179 0.013 0.036 0.020 0.057 0.429 0.035 0.010 
148   BDNB_4    (0)    3 :  0.036 0.516 0.228 0.040 0.028 0.052 0.009 0.008 0.022 0.041 0.021 
149   BDNB_5    (0)    3 :  0.020 0.049 0.036 0.025 0.024 0.624 0.007 0.057 0.013 0.028 0.117 
150   BDNB_6    (0)    3 :  0.096 0.124 0.123 0.043 0.056 0.203 0.051 0.164 0.017 0.109 0.014 
151   BDNB_7    (0)    3 :  0.033 0.624 0.054 0.038 0.042 0.020 0.025 0.021 0.086 0.018 0.039 
152   BDNB_8    (0)    3 :  0.101 0.040 0.107 0.057 0.337 0.078 0.076 0.022 0.011 0.160 0.011 
153   BDNB_9    (0)    3 :  0.015 0.006 0.016 0.017 0.015 0.845 0.019 0.025 0.017 0.016 0.008 
154  BDNB_10    (0)    3 :  0.162 0.026 0.020 0.043 0.137 0.411 0.011 0.116 0.018 0.033 0.024 
155  BDNB_11    (0)    3 :  0.017 0.408 0.413 0.023 0.016 0.056 0.004 0.010 0.021 0.009 0.022 
156  BDNB_12    (0)    3 :  0.043 0.324 0.368 0.040 0.015 0.087 0.005 0.009 0.061 0.020 0.028 
157  BDNB_13    (0)    3 :  0.295 0.072 0.040 0.019 0.133 0.269 0.007 0.043 0.012 0.057 0.052 
158  BDNB_14    (0)    3 :  0.031 0.016 0.067 0.015 0.364 0.020 0.009 0.329 0.023 0.116 0.008 
159  BDNB_15    (0)    3 :  0.011 0.007 0.015 0.893 0.013 0.011 0.004 0.006 0.007 0.022 0.010 
160  BDNB_16    (0)    3 :  0.025 0.019 0.041 0.109 0.072 0.130 0.009 0.441 0.095 0.034 0.025 
161  BDNB_17    (6)    3 :  0.124 0.461 0.030 0.059 0.124 0.032 0.023 0.029 0.081 0.019 0.019 
162  BDNB_18    (0)    3 :  0.037 0.233 0.446 0.019 0.075 0.038 0.054 0.035 0.012 0.013 0.037 
163  BDNB_19    (0)    3 :  0.013 0.483 0.398 0.013 0.015 0.017 0.006 0.016 0.012 0.008 0.021 
164  BDNB_20    (0)    3 :  0.036 0.031 0.015 0.049 0.040 0.488 0.054 0.123 0.014 0.065 0.084 
165  BDNB_21    (0)    3 :  0.008 0.009 0.014 0.011 0.089 0.016 0.008 0.006 0.030 0.797 0.011 
166  BDNB_22    (0)    3 :  0.035 0.125 0.132 0.024 0.257 0.143 0.008 0.022 0.011 0.019 0.225 
167  BDNB_23    (0)    3 :  0.083 0.010 0.018 0.021 0.015 0.011 0.005 0.007 0.033 0.783 0.013 
168  BDNB_24    (0)    3 :  0.068 0.022 0.100 0.021 0.019 0.063 0.006 0.205 0.041 0.129 0.327 
169  BDNB_25    (0)    3 :  0.168 0.065 0.054 0.058 0.039 0.077 0.009 0.023 0.270 0.218 0.018 
170  BDNB_26    (0)    3 :  0.091 0.014 0.054 0.275 0.010 0.426 0.008 0.015 0.010 0.067 0.030 
171  BDNB_27    (0)    3 :  0.293 0.017 0.224 0.014 0.025 0.155 0.005 0.077 0.006 0.170 0.014 
172  BDNB_28    (0)    3 :  0.055 0.035 0.421 0.045 0.026 0.116 0.019 0.072 0.024 0.032 0.154 
173  BDNB_29    (0)    3 :  0.044 0.012 0.076 0.286 0.022 0.193 0.194 0.043 0.067 0.053 0.011 
174  BDNB_30    (0)    3 :  0.039 0.020 0.028 0.033 0.046 0.138 0.090 0.417 0.029 0.039 0.121 
175  BDNB_31    (0)    3 :  0.180 0.023 0.015 0.024 0.526 0.064 0.007 0.062 0.017 0.032 0.049 
176  BDNB_32    (0)    3 :  0.096 0.072 0.061 0.012 0.258 0.047 0.006 0.012 0.034 0.344 0.058 
177  BDNB_33    (0)    3 :  0.045 0.021 0.030 0.032 0.246 0.234 0.026 0.210 0.094 0.047 0.015 
178  BDNB_34    (0)    3 :  0.133 0.028 0.212 0.028 0.175 0.121 0.006 0.078 0.020 0.171 0.029 
179  BDNB_35    (0)    3 :  0.026 0.008 0.070 0.052 0.273 0.439 0.005 0.021 0.011 0.054 0.041 
180  BDNB_36    (0)    3 :  0.040 0.015 0.022 0.072 0.093 0.027 0.027 0.402 0.017 0.144 0.140 
181  BDNB_37    (0)    3 :  0.521 0.015 0.036 0.094 0.062 0.044 0.183 0.006 0.011 0.021 0.009 
182  BDNB_38    (0)    3 :  0.032 0.425 0.027 0.029 0.038 0.119 0.036 0.035 0.018 0.202 0.038 
183  BDNB_39    (0)    3 :  0.041 0.010 0.211 0.159 0.015 0.030 0.049 0.018 0.013 0.437 0.017 
184  BDNB_40    (0)    3 :  0.029 0.149 0.118 0.023 0.127 0.360 0.035 0.016 0.036 0.090 0.015 
185  BDNB_41    (0)    3 :  0.153 0.220 0.173 0.010 0.030 0.291 0.034 0.017 0.027 0.014 0.030 
186  BDNB_42    (0)    3 :  0.016 0.067 0.050 0.043 0.105 0.141 0.008 0.049 0.022 0.247 0.253 
187  BDNB_43    (0)    3 :  0.057 0.457 0.160 0.025 0.025 0.025 0.014 0.028 0.034 0.083 0.093 
188  BDNB_44    (0)    3 :  0.061 0.075 0.037 0.052 0.021 0.546 0.012 0.030 0.073 0.025 0.067 
189  BDNB_45    (0)    3 :  0.021 0.018 0.067 0.028 0.203 0.200 0.190 0.060 0.068 0.051 0.092 
190  BDNB_46    (0)    3 :  0.047 0.014 0.025 0.017 0.265 0.361 0.011 0.090 0.036 0.026 0.109 
191  BDNB_47    (0)    3 :  0.015 0.017 0.015 0.029 0.205 0.641 0.010 0.020 0.022 0.011 0.016 
192  BDNB_48    (0)    3 :  0.064 0.036 0.239 0.012 0.100 0.046 0.017 0.023 0.020 0.411 0.031 
193  BDNB_49    (0)    3 :  0.051 0.047 0.452 0.198 0.062 0.046 0.040 0.027 0.013 0.029 0.036 
194  BDNB_50    (0)    3 :  0.016 0.374 0.267 0.020 0.037 0.042 0.012 0.016 0.016 0.181 0.019 
195  BDNB_51    (0)    3 :  0.019 0.011 0.025 0.016 0.854 0.024 0.010 0.008 0.015 0.009 0.008 
196  BDNB_52    (0)    3 :  0.542 0.017 0.010 0.193 0.044 0.070 0.005 0.010 0.019 0.074 0.015 
197  BDNB_53    (0)    3 :  0.026 0.278 0.378 0.030 0.105 0.023 0.043 0.050 0.012 0.019 0.036 
198  BDNB_54    (0)    3 :  0.110 0.442 0.052 0.013 0.010 0.140 0.008 0.009 0.025 0.163 0.027 
199  BDNB_55    (0)    3 :  0.048 0.089 0.084 0.022 0.037 0.097 0.005 0.135 0.019 0.449 0.016 
200  BDNB_56    (6)    3 :  0.161 0.381 0.057 0.041 0.057 0.085 0.017 0.019 0.154 0.012 0.015 
201  BDNB_57    (0)    3 :  0.020 0.009 0.022 0.012 0.125 0.193 0.014 0.485 0.018 0.091 0.012 
202  BDNB_58    (0)    3 :  0.055 0.021 0.079 0.017 0.435 0.269 0.004 0.013 0.019 0.067 0.021 
203  BDNB_59    (0)    3 :  0.331 0.022 0.059 0.043 0.147 0.051 0.026 0.041 0.040 0.125 0.115 
204  BDNB_60    (0)    3 :  0.012 0.334 0.345 0.018 0.128 0.017 0.009 0.027 0.007 0.015 0.088 
205  BDNB_61    (0)    3 :  0.040 0.150 0.120 0.008 0.085 0.209 0.005 0.036 0.018 0.121 0.208 
206  BDNB_62    (0)    3 :  0.287 0.010 0.035 0.199 0.010 0.336 0.010 0.012 0.018 0.071 0.012 
207  BDNB_63    (0)    3 :  0.017 0.214 0.048 0.006 0.035 0.624 0.004 0.020 0.007 0.009 0.016 
208  BDNB_64    (6)    3 :  0.036 0.228 0.057 0.015 0.047 0.474 0.009 0.018 0.015 0.016 0.084 
209  BDNB_65    (0)    3 :  0.103 0.082 0.064 0.016 0.033 0.422 0.005 0.023 0.009 0.055 0.189 
210  BDNB_66    (0)    3 :  0.012 0.472 0.408 0.011 0.017 0.020 0.008 0.015 0.017 0.006 0.015 
211  BDNB_67    (0)    3 :  0.143 0.122 0.117 0.030 0.018 0.050 0.021 0.012 0.429 0.009 0.048 
212  BDNB_68    (0)    3 :  0.118 0.110 0.129 0.064 0.081 0.098 0.008 0.076 0.024 0.134 0.158 
213  BDNB_69    (0)    3 :  0.065 0.130 0.174 0.031 0.193 0.104 0.005 0.017 0.050 0.098 0.132 
214  BDNB_70    (0)    3 :  0.028 0.427 0.237 0.008 0.013 0.032 0.015 0.019 0.013 0.012 0.196 
215  BDNB_71    (0)    3 :  0.065 0.015 0.489 0.025 0.012 0.167 0.007 0.065 0.013 0.071 0.071 
216  BDNB_72    (0)    3 :  0.212 0.070 0.031 0.076 0.072 0.287 0.007 0.020 0.018 0.030 0.178 
217  BDNB_73    (0)    3 :  0.096 0.163 0.299 0.057 0.017 0.150 0.004 0.020 0.075 0.079 0.041 
218  BDNB_74    (0)    3 :  0.034 0.476 0.375 0.015 0.021 0.017 0.006 0.020 0.012 0.007 0.018 
219  BDNB_75    (0)    3 :  0.024 0.066 0.023 0.013 0.024 0.019 0.014 0.010 0.035 0.741 0.030 
220    BSB_1    (0)    4 :  0.075 0.020 0.015 0.164 0.042 0.023 0.015 0.137 0.397 0.090 0.021 
221    BSB_2    (0)    4 :  0.052 0.046 0.017 0.019 0.174 0.228 0.008 0.395 0.009 0.009 0.043 
222    BSB_3    (0)    4 :  0.022 0.013 0.019 0.012 0.033 0.086 0.010 0.014 0.108 0.026 0.658 
223    BSB_4    (0)    4 :  0.027 0.028 0.076 0.008 0.027 0.136 0.008 0.615 0.017 0.047 0.011 
224    BSB_5    (0)    4 :  0.017 0.011 0.019 0.014 0.036 0.031 0.009 0.768 0.023 0.022 0.050 
225    BSB_6    (0)    4 :  0.026 0.032 0.016 0.012 0.012 0.009 0.009 0.839 0.016 0.014 0.014 
226    BSB_7   (33)    4 :  0.089 0.021 0.034 0.054 0.027 0.355 0.168 0.124 0.067 0.040 0.021 
227    BSB_8    (0)    4 :  0.025 0.079 0.018 0.107 0.385 0.076 0.113 0.057 0.060 0.045 0.035 
228    BSB_9    (0)    4 :  0.013 0.027 0.031 0.036 0.164 0.072 0.008 0.060 0.014 0.026 0.550 
229   BSB_10    (0)    4 :  0.049 0.032 0.051 0.021 0.057 0.426 0.016 0.083 0.116 0.050 0.098 
230   BSB_11    (0)    4 :  0.051 0.034 0.024 0.023 0.118 0.027 0.191 0.174 0.185 0.074 0.098 
231   BSB_12    (0)    4 :  0.017 0.037 0.014 0.088 0.062 0.184 0.100 0.098 0.040 0.286 0.073 
232   BSB_13    (0)    4 :  0.017 0.172 0.068 0.019 0.041 0.454 0.026 0.063 0.114 0.012 0.014 
233   BSB_14    (0)    4 :  0.020 0.040 0.026 0.018 0.033 0.555 0.012 0.161 0.085 0.010 0.040 
234   BSB_15    (0)    4 :  0.023 0.021 0.012 0.056 0.138 0.023 0.075 0.187 0.169 0.288 0.005 
235   BSB_16    (6)    4 :  0.043 0.030 0.038 0.021 0.108 0.165 0.007 0.417 0.026 0.084 0.060 
236   BSB_17    (0)    4 :  0.067 0.022 0.117 0.017 0.067 0.155 0.010 0.492 0.026 0.013 0.015 
237   BSB_18    (0)    4 :  0.010 0.124 0.041 0.010 0.183 0.065 0.033 0.160 0.285 0.018 0.071 
238   BSB_19    (0)    4 :  0.016 0.008 0.174 0.008 0.017 0.025 0.024 0.438 0.085 0.195 0.010 
239   BSB_20    (0)    4 :  0.195 0.036 0.082 0.038 0.103 0.057 0.022 0.373 0.068 0.020 0.006 
240   BSB_21    (0)    4 :  0.077 0.122 0.030 0.057 0.031 0.411 0.007 0.197 0.043 0.009 0.018 
241   BSB_22    (0)    4 :  0.049 0.015 0.012 0.030 0.074 0.051 0.007 0.055 0.088 0.012 0.609 
242   BSB_23    (0)    4 :  0.049 0.098 0.019 0.011 0.022 0.077 0.015 0.552 0.019 0.048 0.092 
243   BSB_24    (0)    4 :  0.008 0.007 0.008 0.008 0.021 0.030 0.015 0.868 0.013 0.011 0.010 
244   BSB_25    (0)    4 :  0.015 0.018 0.020 0.012 0.020 0.025 0.018 0.765 0.014 0.029 0.064 
245   BSB_26    (0)    4 :  0.034 0.051 0.020 0.024 0.027 0.051 0.007 0.726 0.018 0.014 0.026 
246   BSB_27    (0)    4 :  0.053 0.049 0.029 0.025 0.047 0.045 0.006 0.255 0.330 0.149 0.011 
247   BSB_28    (0)    4 :  0.008 0.103 0.024 0.009 0.102 0.337 0.037 0.028 0.018 0.010 0.323 
248   BSB_29    (0)    4 :  0.030 0.008 0.009 0.010 0.043 0.021 0.075 0.764 0.020 0.006 0.013 
249   BSB_30    (0)    4 :  0.023 0.072 0.046 0.031 0.393 0.042 0.008 0.234 0.014 0.012 0.125 
250   BSB_31    (0)    4 :  0.568 0.033 0.067 0.024 0.033 0.019 0.022 0.014 0.093 0.107 0.021 
251   BSB_32    (0)    4 :  0.009 0.009 0.022 0.023 0.022 0.022 0.005 0.855 0.012 0.008 0.012 
252   BSB_33    (0)    4 :  0.017 0.037 0.015 0.086 0.050 0.331 0.017 0.139 0.227 0.052 0.030 
253   BSB_34    (0)    4 :  0.049 0.020 0.050 0.027 0.037 0.052 0.021 0.558 0.152 0.018 0.016 
254   BSB_35    (0)    4 :  0.007 0.011 0.007 0.007 0.017 0.015 0.005 0.892 0.008 0.019 0.013 
255   BSB_36    (0)    4 :  0.040 0.027 0.024 0.016 0.312 0.023 0.028 0.329 0.072 0.119 0.009 
256   BSB_37    (0)    4 :  0.087 0.064 0.021 0.026 0.055 0.028 0.009 0.659 0.026 0.008 0.017 
257   BSB_38   (60)    4 :  0.007 0.007 0.883 0.025 0.006 0.006 0.007 0.005 0.026 0.018 0.008 
258   BSB_39    (0)    4 :  0.035 0.030 0.159 0.123 0.020 0.214 0.129 0.035 0.018 0.212 0.025 
259   BSB_40    (0)    4 :  0.057 0.029 0.018 0.273 0.034 0.020 0.005 0.423 0.025 0.102 0.014 
260   BSB_41    (0)    4 :  0.056 0.100 0.036 0.024 0.280 0.157 0.081 0.093 0.035 0.059 0.080 
261   BSB_42    (0)    4 :  0.055 0.099 0.014 0.102 0.267 0.014 0.111 0.234 0.059 0.028 0.017 
262   BSB_43    (0)    4 :  0.075 0.008 0.011 0.017 0.011 0.014 0.009 0.165 0.657 0.023 0.008 
263   BSB_44    (0)    4 :  0.165 0.030 0.020 0.019 0.014 0.011 0.235 0.242 0.029 0.013 0.223 
264   BSB_45    (0)    4 :  0.202 0.023 0.021 0.035 0.106 0.355 0.007 0.118 0.038 0.075 0.021 
265   BSB_46    (0)    4 :  0.016 0.045 0.040 0.032 0.022 0.611 0.035 0.139 0.021 0.018 0.023 
266   BSB_47    (0)    4 :  0.123 0.143 0.026 0.022 0.067 0.039 0.045 0.485 0.014 0.026 0.010 
267   BSB_48    (0)    4 :  0.050 0.015 0.045 0.060 0.428 0.030 0.010 0.057 0.081 0.211 0.012 
268   BSB_49    (0)    4 :  0.190 0.046 0.018 0.378 0.026 0.022 0.019 0.170 0.074 0.047 0.012 
269   BSB_50   (60)    4 :  0.008 0.004 0.931 0.009 0.005 0.005 0.004 0.005 0.019 0.005 0.005 
270   BSB_51    (0)    4 :  0.025 0.058 0.013 0.083 0.161 0.078 0.008 0.048 0.421 0.088 0.017 
271   BSB_52    (0)    4 :  0.016 0.017 0.079 0.018 0.171 0.309 0.009 0.221 0.071 0.014 0.075 
272   BSB_53    (0)    4 :  0.021 0.017 0.091 0.010 0.055 0.294 0.011 0.449 0.019 0.016 0.016 
273   BSB_54    (0)    4 :  0.028 0.014 0.011 0.028 0.468 0.380 0.010 0.022 0.015 0.015 0.008 
274   BSB_55    (0)    4 :  0.041 0.022 0.035 0.064 0.054 0.046 0.018 0.117 0.225 0.028 0.352 
275   BSB_56    (0)    4 :  0.120 0.092 0.178 0.020 0.100 0.239 0.010 0.063 0.021 0.019 0.137 
276   BSB_57    (0)    4 :  0.019 0.026 0.032 0.030 0.216 0.047 0.430 0.103 0.030 0.008 0.060 
277   BSB_58    (0)    4 :  0.058 0.117 0.039 0.047 0.305 0.087 0.008 0.021 0.046 0.195 0.077 
278   BSB_59    (0)    4 :  0.016 0.042 0.045 0.035 0.039 0.032 0.139 0.587 0.019 0.024 0.022 
279   BSB_60   (60)    4 :  0.005 0.005 0.952 0.005 0.005 0.005 0.005 0.005 0.004 0.005 0.004 
280   BSB_61    (0)    4 :  0.015 0.082 0.034 0.031 0.041 0.031 0.057 0.610 0.064 0.024 0.011 
281   BSB_62    (0)    4 :  0.029 0.032 0.036 0.012 0.042 0.012 0.007 0.253 0.547 0.008 0.023 
282   BSB_63    (0)    4 :  0.018 0.043 0.020 0.008 0.169 0.079 0.009 0.384 0.015 0.011 0.244 
283   BSB_64    (0)    4 :  0.036 0.050 0.040 0.016 0.049 0.041 0.173 0.450 0.047 0.038 0.061 
284   BSB_65    (0)    4 :  0.024 0.042 0.018 0.063 0.121 0.146 0.095 0.273 0.079 0.049 0.090 
285   BSB_66    (0)    4 :  0.076 0.040 0.198 0.070 0.101 0.027 0.035 0.327 0.050 0.071 0.005 
286   BSB_67    (0)    4 :  0.169 0.011 0.026 0.011 0.046 0.451 0.016 0.095 0.128 0.033 0.014 
287   BSB_68    (0)    4 :  0.016 0.007 0.023 0.013 0.030 0.043 0.011 0.021 0.012 0.774 0.049 
288   BSB_69    (0)    4 :  0.159 0.170 0.124 0.056 0.179 0.040 0.007 0.010 0.032 0.052 0.171 
289   BSB_70    (0)    4 :  0.075 0.049 0.032 0.015 0.103 0.420 0.009 0.015 0.012 0.013 0.256 
290   BSB_71    (0)    4 :  0.024 0.047 0.034 0.009 0.011 0.150 0.006 0.613 0.069 0.008 0.028 
291   BSB_72    (0)    4 :  0.072 0.072 0.253 0.022 0.261 0.063 0.085 0.029 0.103 0.025 0.016 
292   BSB_73    (0)    4 :  0.023 0.009 0.017 0.034 0.602 0.190 0.005 0.060 0.027 0.011 0.022 
293   BSB_74    (0)    4 :  0.049 0.027 0.021 0.023 0.435 0.100 0.015 0.115 0.169 0.010 0.035 
294   BSB_75    (0)    4 :  0.098 0.028 0.034 0.017 0.159 0.127 0.011 0.319 0.089 0.100 0.017 
295   BSB_76    (0)    4 :  0.054 0.014 0.011 0.008 0.013 0.436 0.016 0.393 0.026 0.012 0.018 
296   BSB_77   (53)    4 :  0.004 0.004 0.959 0.006 0.004 0.004 0.004 0.004 0.004 0.004 0.004 
297   BSB_78    (0)    4 :  0.030 0.127 0.019 0.012 0.545 0.139 0.021 0.072 0.012 0.006 0.017 
298    CCR_1    (0)    5 :  0.049 0.020 0.016 0.717 0.022 0.032 0.023 0.035 0.040 0.038 0.008 
299    CCR_2    (0)    5 :  0.014 0.014 0.010 0.759 0.064 0.006 0.006 0.010 0.060 0.007 0.050 
300    CCR_3    (0)    5 :  0.027 0.443 0.055 0.298 0.023 0.017 0.008 0.017 0.043 0.026 0.042 
301    CCR_4    (0)    5 :  0.089 0.011 0.092 0.591 0.011 0.024 0.032 0.009 0.020 0.050 0.071 
302    CCR_5    (0)    5 :  0.006 0.010 0.014 0.385 0.014 0.008 0.010 0.009 0.516 0.011 0.016 
303    CCR_6    (0)    5 :  0.014 0.007 0.012 0.667 0.055 0.009 0.006 0.015 0.179 0.030 0.006 
304    CCR_7    (0)    5 :  0.012 0.035 0.014 0.832 0.013 0.009 0.003 0.026 0.026 0.009 0.022 
305    CCR_8    (0)    5 :  0.066 0.361 0.141 0.031 0.154 0.069 0.012 0.030 0.024 0.039 0.073 
306    CCR_9    (0)    5 :  0.016 0.017 0.010 0.846 0.043 0.009 0.005 0.010 0.019 0.017 0.009 
307   CCR_10    (0)    5 :  0.559 0.039 0.171 0.057 0.060 0.041 0.007 0.027 0.008 0.020 0.012 
308   CCR_11    (0)    5 :  0.054 0.018 0.026 0.752 0.020 0.017 0.015 0.010 0.013 0.062 0.014 
309   CCR_12    (0)    5 :  0.009 0.037 0.008 0.801 0.010 0.010 0.007 0.011 0.088 0.008 0.011 
310   CCR_13    (0)    5 :  0.065 0.025 0.018 0.757 0.039 0.021 0.005 0.006 0.034 0.014 0.016 
311   CCR_14    (0)    5 :  0.107 0.018 0.542 0.165 0.024 0.009 0.035 0.016 0.040 0.014 0.030 
312   CCR_15    (0)    5 :  0.059 0.055 0.079 0.390 0.046 0.042 0.004 0.007 0.051 0.250 0.017 
313   CCR_16    (0)    5 :  0.110 0.065 0.013 0.122 0.056 0.145 0.012 0.044 0.282 0.019 0.132 
314   CCR_17    (0)    5 :  0.114 0.098 0.091 0.543 0.045 0.027 0.007 0.008 0.034 0.017 0.016 
315   CCR_18    (0)    5 :  0.094 0.029 0.235 0.293 0.012 0.102 0.005 0.007 0.022 0.013 0.188 
316   CCR_19    (0)    5 :  0.017 0.116 0.022 0.495 0.229 0.008 0.006 0.021 0.027 0.048 0.012 
317   CCR_20    (0)    5 :  0.080 0.017 0.017 0.633 0.067 0.019 0.022 0.079 0.041 0.014 0.010 
318   CCR_21    (0)    5 :  0.010 0.009 0.008 0.864 0.019 0.020 0.015 0.022 0.010 0.014 0.010 
