

----------------------------------------------------
STRUCTURE by Pritchard, Stephens and Donnelly (2000)
     and Falush, Stephens and Pritchard (2003)
       Code by Pritchard, Falush and Hubisz
             Version 2.3.4 (Jul 2012)
----------------------------------------------------



Command line arguments:   structure -m /global/home/hpc3579/Salmon-Project/STRUCTURE/NEWFOUNDLANDoutput/mainparamsnewfoundlandfiles/mainparamsnewfoundland4 -e /global/home/hpc3579/Salmon-Project/STRUCTURE/NEWFOUNDLANDoutput/extraparams_newfoundlandfile -K 4 
Input File:    /global/home/hpc3579/Salmon-Project/FileConversions/STRUCTUREOUTPUTNFL.txt

Run parameters:
   5235 individuals
   15 loci
   4 populations assumed
   100000 Burn-in period
   1000000 Reps


--------------------------------------------
Proportion of membership of each pre-defined
 population in each of the 4 clusters

Given    Inferred Clusters              Number of
 Pop       1      2      3      4      Individuals

  1:     0.058  0.085  0.063  0.794       68
  2:     0.437  0.170  0.208  0.186       76
  3:     0.351  0.165  0.289  0.195       75
  4:     0.122  0.194  0.178  0.506       78
  5:     0.532  0.228  0.111  0.129       80
  6:     0.675  0.093  0.133  0.099       77
  7:     0.737  0.095  0.090  0.078       99
  8:     0.391  0.285  0.153  0.171       78
  9:     0.616  0.129  0.141  0.114       74
 10:     0.184  0.261  0.265  0.290      100
 11:     0.142  0.258  0.115  0.485      100
 12:     0.476  0.277  0.140  0.108       75
 13:     0.552  0.209  0.135  0.104       77
 14:     0.435  0.278  0.146  0.142       82
 15:     0.467  0.281  0.136  0.115       75
 16:     0.432  0.183  0.215  0.171       56
 17:     0.569  0.233  0.118  0.080       70
 18:     0.739  0.093  0.104  0.063       82
 19:     0.060  0.109  0.070  0.761       75
 20:     0.151  0.178  0.127  0.543       57
 21:     0.060  0.068  0.052  0.820      111
 22:     0.094  0.472  0.121  0.312       88
 23:     0.321  0.189  0.195  0.295       69
 24:     0.413  0.429  0.087  0.071       75
 25:     0.109  0.127  0.118  0.646      100
 26:     0.590  0.220  0.120  0.070       76
 27:     0.116  0.116  0.162  0.607       84
 28:     0.074  0.132  0.129  0.665       74
 29:     0.062  0.590  0.053  0.295       51
 30:     0.062  0.066  0.050  0.822       75
 31:     0.035  0.055  0.037  0.873       71
 32:     0.495  0.246  0.159  0.100       66
 33:     0.111  0.107  0.718  0.064       81
 34:     0.285  0.206  0.342  0.167       50
 35:     0.655  0.165  0.109  0.070       50
 36:     0.149  0.695  0.084  0.072      100
 37:     0.064  0.074  0.794  0.068       94
 38:     0.500  0.220  0.212  0.068      100
 39:     0.241  0.179  0.372  0.207       50
 40:     0.446  0.274  0.157  0.123       98
 41:     0.253  0.435  0.194  0.118       50
 42:     0.039  0.037  0.877  0.047       99
 43:     0.475  0.247  0.161  0.118       99
 44:     0.280  0.262  0.324  0.135      100
 45:     0.273  0.241  0.395  0.091       48
 46:     0.102  0.083  0.744  0.070       28
 47:     0.177  0.298  0.340  0.185       50
 48:     0.211  0.141  0.507  0.140      100
 49:     0.307  0.194  0.367  0.131       50
 50:     0.123  0.110  0.705  0.062       41
 51:     0.341  0.201  0.322  0.136       50
 52:     0.545  0.191  0.157  0.106      100
 53:     0.159  0.661  0.087  0.094       98
 54:     0.290  0.268  0.341  0.101      100
 55:     0.018  0.931  0.020  0.031       95
 56:     0.617  0.154  0.123  0.106       50
 57:     0.234  0.157  0.240  0.369       70
 58:     0.093  0.140  0.713  0.055      100
 59:     0.366  0.226  0.259  0.149       50
 60:     0.682  0.102  0.153  0.064       50
 61:     0.302  0.305  0.271  0.121      100
 62:     0.080  0.096  0.781  0.043       41
 63:     0.097  0.105  0.728  0.070      100
 64:     0.454  0.181  0.270  0.095       50
 65:     0.111  0.153  0.657  0.079      100
 66:     0.251  0.232  0.422  0.095       49
 67:     0.345  0.189  0.307  0.159      100
 68:     0.224  0.202  0.440  0.134       50
 69:     0.562  0.145  0.197  0.096      100
--------------------------------------------

Allele-freq. divergence among pops (Net nucleotide distance),
computed using point estimates of P.

      1       2       3       4      
 1      -    0.0100  0.0160  0.0201  
 2   0.0100     -    0.0162  0.0190  
 3   0.0160  0.0162     -    0.0283  
 4   0.0201  0.0190  0.0283     -    

Average distances (expected heterozygosity) between individuals in same cluster:
cluster  1  : 0.8722 
cluster  2  : 0.8749 
cluster  3  : 0.8730 
cluster  4  : 0.8603 

--------------------------------------------
Estimated Ln Prob of Data   = -398511.0
Mean value of ln likelihood = -394938.6
Variance of ln likelihood   = 7144.8
Mean value of alpha         = 0.1512

Mean value of Fst_1         = 0.0108
Mean value of Fst_2         = 0.0130
Mean value of Fst_3         = 0.0144
Mean value of Fst_4         = 0.0183


Inferred ancestry of individuals:
        Label (%Miss) Pop:  Inferred clusters
  1    BBA_1    (0)    1 :  0.046 0.027 0.055 0.872 
  2    BBA_2    (0)    1 :  0.040 0.067 0.084 0.809 
  3    BBA_3    (0)    1 :  0.044 0.047 0.032 0.876 
  4    BBA_4    (0)    1 :  0.067 0.237 0.063 0.633 
  5    BBA_5    (0)    1 :  0.028 0.031 0.023 0.918 
  6    BBA_6    (0)    1 :  0.056 0.022 0.043 0.878 
  7    BBA_7    (0)    1 :  0.024 0.049 0.025 0.902 
  8    BBA_8    (0)    1 :  0.051 0.029 0.019 0.901 
  9    BBA_9    (0)    1 :  0.023 0.018 0.026 0.932 
 10   BBA_10    (0)    1 :  0.078 0.030 0.042 0.850 
 11   BBA_11    (0)    1 :  0.048 0.036 0.095 0.820 
 12   BBA_12    (0)    1 :  0.026 0.024 0.024 0.925 
 13   BBA_13    (0)    1 :  0.082 0.185 0.173 0.560 
 14   BBA_14    (0)    1 :  0.071 0.048 0.040 0.841 
 15   BBA_15    (0)    1 :  0.150 0.036 0.103 0.711 
 16   BBA_16    (0)    1 :  0.024 0.058 0.044 0.874 
 17   BBA_17    (0)    1 :  0.032 0.064 0.086 0.817 
 18   BBA_18    (0)    1 :  0.022 0.019 0.024 0.935 
 19   BBA_19    (0)    1 :  0.029 0.028 0.021 0.923 
 20   BBA_20    (0)    1 :  0.021 0.024 0.022 0.934 
 21   BBA_21    (0)    1 :  0.054 0.046 0.035 0.866 
 22   BBA_22    (0)    1 :  0.029 0.039 0.062 0.870 
 23   BBA_23    (0)    1 :  0.030 0.024 0.026 0.920 
 24   BBA_24    (0)    1 :  0.054 0.110 0.106 0.730 
 25   BBA_25    (0)    1 :  0.016 0.029 0.021 0.933 
 26   BBA_26    (0)    1 :  0.239 0.152 0.107 0.502 
 27   BBA_27    (0)    1 :  0.060 0.021 0.035 0.884 
 28   BBA_28    (0)    1 :  0.036 0.036 0.032 0.896 
 29   BBA_29    (0)    1 :  0.064 0.164 0.043 0.729 
 30   BBA_30    (0)    1 :  0.045 0.046 0.049 0.860 
 31   BBA_31    (0)    1 :  0.077 0.046 0.058 0.819 
 32   BBA_32    (0)    1 :  0.046 0.106 0.041 0.807 
 33   BBA_33    (0)    1 :  0.132 0.257 0.066 0.544 
 34   BBA_34    (0)    1 :  0.057 0.230 0.119 0.595 
 35   BBA_35    (0)    1 :  0.061 0.122 0.056 0.761 
 36   BBA_36    (0)    1 :  0.086 0.057 0.032 0.825 
 37   BBA_37    (0)    1 :  0.118 0.043 0.150 0.689 
 38   BBA_38    (0)    1 :  0.081 0.590 0.085 0.244 
 39   BBA_39    (0)    1 :  0.033 0.049 0.064 0.854 
 40   BBA_40    (0)    1 :  0.028 0.046 0.025 0.902 
 41   BBA_41    (0)    1 :  0.065 0.026 0.039 0.871 
 42   BBA_42    (0)    1 :  0.200 0.073 0.155 0.572 
 43   BBA_43    (0)    1 :  0.033 0.029 0.046 0.893 
 44   BBA_44    (0)    1 :  0.037 0.034 0.031 0.898 
 45   BBA_45    (0)    1 :  0.027 0.021 0.019 0.933 
 46   BBA_46    (0)    1 :  0.029 0.021 0.022 0.927 
 47   BBA_47    (0)    1 :  0.027 0.029 0.060 0.883 
 48   BBA_48    (0)    1 :  0.054 0.029 0.056 0.860 
 49   BBA_49    (0)    1 :  0.116 0.533 0.058 0.294 
 50   BBA_50    (0)    1 :  0.031 0.123 0.030 0.815 
 51   BBA_51    (0)    1 :  0.027 0.062 0.036 0.874 
 52   BBA_52    (0)    1 :  0.074 0.033 0.045 0.848 
 53   BBA_53    (0)    1 :  0.039 0.026 0.033 0.902 
 54   BBA_54    (0)    1 :  0.042 0.035 0.069 0.855 
 55   BBA_55    (0)    1 :  0.209 0.383 0.207 0.201 
 56   BBA_56    (0)    1 :  0.047 0.023 0.033 0.898 
 57   BBA_57    (0)    1 :  0.044 0.031 0.029 0.896 
 58   BBA_58    (0)    1 :  0.043 0.037 0.057 0.863 
 59   BBA_59    (0)    1 :  0.070 0.029 0.048 0.852 
 60   BBA_60    (0)    1 :  0.049 0.067 0.045 0.840 
 61   BBA_61    (0)    1 :  0.019 0.014 0.029 0.938 
 62   BBA_62    (0)    1 :  0.046 0.038 0.026 0.890 
 63   BBA_63    (0)    1 :  0.057 0.055 0.084 0.804 
 64   BBA_64    (0)    1 :  0.030 0.036 0.028 0.907 
 65   BBA_65    (0)    1 :  0.074 0.094 0.089 0.743 
 66   BBA_66    (0)    1 :  0.077 0.178 0.498 0.247 
 67   BBA_67    (0)    1 :  0.032 0.048 0.067 0.854 
 68   BBA_68    (0)    1 :  0.027 0.409 0.083 0.480 
 69    BDN_1    (0)    2 :  0.679 0.218 0.080 0.023 
 70    BDN_2    (0)    2 :  0.469 0.179 0.115 0.237 
 71    BDN_3    (0)    2 :  0.089 0.418 0.239 0.255 
 72    BDN_4   (13)    2 :  0.145 0.090 0.696 0.070 
 73    BDN_5   (13)    2 :  0.512 0.096 0.269 0.123 
 74    BDN_6    (6)    2 :  0.423 0.211 0.180 0.185 
 75    BDN_7    (0)    2 :  0.692 0.189 0.072 0.047 
 76    BDN_8    (6)    2 :  0.828 0.081 0.058 0.033 
 77    BDN_9    (0)    2 :  0.170 0.081 0.172 0.577 
 78   BDN_10    (0)    2 :  0.204 0.107 0.191 0.499 
 79   BDN_11    (0)    2 :  0.365 0.236 0.363 0.036 
 80   BDN_12    (0)    2 :  0.814 0.061 0.091 0.034 
 81   BDN_13   (13)    2 :  0.190 0.095 0.646 0.069 
 82   BDN_14    (0)    2 :  0.200 0.319 0.415 0.065 
 83   BDN_15    (6)    2 :  0.629 0.244 0.052 0.075 
 84   BDN_16    (6)    2 :  0.090 0.129 0.255 0.525 
 85   BDN_17   (13)    2 :  0.123 0.270 0.176 0.431 
 86   BDN_18    (0)    2 :  0.675 0.050 0.223 0.052 
 87   BDN_19    (0)    2 :  0.224 0.565 0.067 0.144 
 88   BDN_20   (13)    2 :  0.217 0.252 0.235 0.296 
 89   BDN_21   (13)    2 :  0.082 0.643 0.170 0.105 
 90   BDN_22    (6)    2 :  0.079 0.131 0.027 0.763 
 91   BDN_23    (0)    2 :  0.566 0.107 0.150 0.177 
 92   BDN_24    (0)    2 :  0.838 0.084 0.035 0.044 
 93   BDN_25   (13)    2 :  0.740 0.125 0.042 0.093 
 94   BDN_26    (0)    2 :  0.341 0.084 0.030 0.544 
 95   BDN_27    (0)    2 :  0.701 0.107 0.153 0.039 
 96   BDN_28   (13)    2 :  0.463 0.138 0.355 0.044 
 97   BDN_29    (0)    2 :  0.555 0.151 0.088 0.207 
 98   BDN_30    (0)    2 :  0.154 0.524 0.133 0.189 
 99   BDN_31    (0)    2 :  0.305 0.069 0.267 0.359 
100   BDN_32    (0)    2 :  0.263 0.310 0.088 0.339 
101   BDN_33    (0)    2 :  0.678 0.220 0.043 0.059 
102   BDN_34    (0)    2 :  0.180 0.031 0.757 0.033 
103   BDN_35    (0)    2 :  0.705 0.170 0.067 0.058 
104   BDN_36    (0)    2 :  0.656 0.138 0.071 0.135 
105   BDN_37    (0)    2 :  0.421 0.145 0.250 0.185 
106   BDN_38    (0)    2 :  0.413 0.074 0.111 0.401 
107   BDN_39    (0)    2 :  0.500 0.030 0.089 0.381 
108   BDN_40    (0)    2 :  0.785 0.062 0.033 0.119 
109   BDN_41    (0)    2 :  0.261 0.060 0.519 0.160 
110   BDN_42   (13)    2 :  0.385 0.042 0.485 0.089 
111   BDN_43    (6)    2 :  0.314 0.062 0.590 0.035 
112   BDN_44    (0)    2 :  0.778 0.083 0.053 0.086 
113   BDN_45    (0)    2 :  0.768 0.136 0.050 0.047 
114   BDN_46   (13)    2 :  0.201 0.250 0.244 0.305 
115   BDN_47    (0)    2 :  0.360 0.181 0.363 0.096 
116   BDN_48    (0)    2 :  0.432 0.115 0.395 0.058 
117   BDN_49    (0)    2 :  0.801 0.054 0.107 0.039 
118   BDN_50    (0)    2 :  0.789 0.029 0.132 0.050 
119   BDN_51    (0)    2 :  0.635 0.148 0.079 0.138 
120   BDN_52    (0)    2 :  0.795 0.046 0.116 0.043 
121   BDN_53    (0)    2 :  0.410 0.104 0.385 0.100 
122   BDN_54   (13)    2 :  0.038 0.038 0.048 0.876 
123   BDN_55    (6)    2 :  0.517 0.061 0.069 0.353 
124   BDN_56   (13)    2 :  0.848 0.030 0.095 0.027 
125   BDN_57    (6)    2 :  0.588 0.269 0.068 0.076 
126   BDN_58    (6)    2 :  0.436 0.277 0.092 0.196 
127   BDN_59    (6)    2 :  0.529 0.261 0.039 0.171 
128   BDN_60    (6)    2 :  0.342 0.185 0.353 0.120 
129   BDN_61    (0)    2 :  0.436 0.090 0.378 0.095 
130   BDN_62    (0)    2 :  0.736 0.044 0.145 0.075 
131   BDN_63    (6)    2 :  0.205 0.222 0.085 0.489 
132   BDN_64    (0)    2 :  0.306 0.068 0.477 0.148 
133   BDN_65    (0)    2 :  0.182 0.207 0.098 0.512 
134   BDN_66   (13)    2 :  0.311 0.130 0.465 0.094 
135   BDN_67    (0)    2 :  0.111 0.316 0.150 0.422 
136   BDN_68    (6)    2 :  0.193 0.639 0.070 0.097 
137   BDN_69    (0)    2 :  0.765 0.090 0.103 0.043 
138   BDN_70    (6)    2 :  0.238 0.418 0.196 0.148 
139   BDN_71    (6)    2 :  0.498 0.203 0.156 0.143 
140   BDN_72    (0)    2 :  0.232 0.171 0.374 0.222 
141   BDN_73    (0)    2 :  0.188 0.108 0.631 0.074 
142   BDN_74    (0)    2 :  0.626 0.245 0.045 0.084 
143   BDN_75    (0)    2 :  0.606 0.128 0.207 0.059 
144   BDN_76    (0)    2 :  0.155 0.159 0.391 0.295 
145   BDNB_1    (0)    3 :  0.736 0.031 0.144 0.089 
146   BDNB_2    (0)    3 :  0.373 0.331 0.164 0.131 
147   BDNB_3    (0)    3 :  0.507 0.248 0.062 0.183 
148   BDNB_4    (0)    3 :  0.730 0.089 0.148 0.034 
149   BDNB_5    (0)    3 :  0.089 0.031 0.545 0.335 
150   BDNB_6    (0)    3 :  0.244 0.101 0.068 0.587 
151   BDNB_7    (0)    3 :  0.061 0.770 0.132 0.037 
152   BDNB_8    (0)    3 :  0.736 0.087 0.048 0.129 
153   BDNB_9    (0)    3 :  0.235 0.229 0.175 0.360 
154  BDNB_10    (0)    3 :  0.206 0.067 0.247 0.480 
155  BDNB_11    (0)    3 :  0.192 0.144 0.598 0.065 
156  BDNB_12    (0)    3 :  0.306 0.147 0.513 0.035 
157  BDNB_13    (0)    3 :  0.197 0.045 0.647 0.112 
158  BDNB_14    (0)    3 :  0.208 0.166 0.031 0.595 
159  BDNB_15    (0)    3 :  0.782 0.087 0.097 0.033 
160  BDNB_16    (0)    3 :  0.163 0.172 0.125 0.541 
161  BDNB_17    (6)    3 :  0.102 0.717 0.105 0.076 
162  BDNB_18    (0)    3 :  0.264 0.172 0.318 0.246 
163  BDNB_19    (0)    3 :  0.116 0.150 0.653 0.081 
164  BDNB_20    (0)    3 :  0.119 0.078 0.310 0.494 
165  BDNB_21    (0)    3 :  0.710 0.187 0.074 0.030 
166  BDNB_22    (0)    3 :  0.083 0.043 0.807 0.067 
167  BDNB_23    (0)    3 :  0.744 0.166 0.060 0.030 
168  BDNB_24    (0)    3 :  0.158 0.035 0.619 0.188 
169  BDNB_25    (0)    3 :  0.654 0.197 0.073 0.077 
170  BDNB_26    (0)    3 :  0.786 0.037 0.126 0.050 
171  BDNB_27    (0)    3 :  0.690 0.021 0.060 0.229 
172  BDNB_28    (0)    3 :  0.123 0.144 0.545 0.188 
173  BDNB_29    (0)    3 :  0.417 0.134 0.052 0.396 
174  BDNB_30    (0)    3 :  0.041 0.082 0.133 0.743 
175  BDNB_31    (0)    3 :  0.350 0.208 0.295 0.146 
176  BDNB_32    (0)    3 :  0.710 0.111 0.133 0.045 
177  BDNB_33    (0)    3 :  0.142 0.462 0.062 0.334 
178  BDNB_34    (0)    3 :  0.602 0.027 0.101 0.270 
179  BDNB_35    (0)    3 :  0.535 0.035 0.281 0.149 
180  BDNB_36    (0)    3 :  0.101 0.039 0.148 0.712 
181  BDNB_37    (0)    3 :  0.735 0.065 0.032 0.168 
182  BDNB_38    (0)    3 :  0.491 0.241 0.133 0.135 
183  BDNB_39    (0)    3 :  0.714 0.126 0.068 0.092 
184  BDNB_40    (0)    3 :  0.385 0.363 0.136 0.116 
185  BDNB_41    (0)    3 :  0.203 0.186 0.483 0.128 
186  BDNB_42    (0)    3 :  0.326 0.056 0.555 0.064 
187  BDNB_43    (0)    3 :  0.242 0.167 0.459 0.132 
188  BDNB_44    (0)    3 :  0.133 0.211 0.528 0.128 
189  BDNB_45    (0)    3 :  0.095 0.171 0.208 0.527 
190  BDNB_46    (0)    3 :  0.089 0.047 0.397 0.466 
191  BDNB_47    (0)    3 :  0.181 0.107 0.372 0.340 
192  BDNB_48    (0)    3 :  0.643 0.045 0.123 0.189 
193  BDNB_49    (0)    3 :  0.413 0.119 0.253 0.215 
194  BDNB_50    (0)    3 :  0.603 0.140 0.168 0.089 
195  BDNB_51    (0)    3 :  0.309 0.500 0.113 0.077 
196  BDNB_52    (0)    3 :  0.844 0.061 0.061 0.034 
197  BDNB_53    (0)    3 :  0.315 0.278 0.230 0.177 
198  BDNB_54    (0)    3 :  0.582 0.220 0.154 0.044 
199  BDNB_55    (0)    3 :  0.678 0.048 0.054 0.220 
200  BDNB_56    (6)    3 :  0.087 0.786 0.062 0.064 
201  BDNB_57    (0)    3 :  0.053 0.030 0.041 0.876 
202  BDNB_58    (0)    3 :  0.613 0.043 0.264 0.080 
203  BDNB_59    (0)    3 :  0.199 0.076 0.324 0.401 
204  BDNB_60    (0)    3 :  0.136 0.052 0.676 0.136 
205  BDNB_61    (0)    3 :  0.147 0.070 0.714 0.069 
206  BDNB_62    (0)    3 :  0.797 0.060 0.090 0.053 
207  BDNB_63    (0)    3 :  0.136 0.060 0.602 0.202 
208  BDNB_64    (6)    3 :  0.120 0.054 0.749 0.077 
209  BDNB_65    (0)    3 :  0.167 0.032 0.660 0.141 
210  BDNB_66    (0)    3 :  0.096 0.423 0.392 0.089 
211  BDNB_67    (0)    3 :  0.062 0.610 0.251 0.077 
212  BDNB_68    (0)    3 :  0.356 0.051 0.436 0.157 
213  BDNB_69    (0)    3 :  0.230 0.259 0.464 0.047 
214  BDNB_70    (0)    3 :  0.120 0.044 0.741 0.095 
215  BDNB_71    (0)    3 :  0.244 0.043 0.466 0.247 
216  BDNB_72    (0)    3 :  0.202 0.048 0.707 0.043 
217  BDNB_73    (0)    3 :  0.606 0.089 0.272 0.033 
218  BDNB_74    (0)    3 :  0.108 0.415 0.385 0.092 
219  BDNB_75    (0)    3 :  0.620 0.211 0.130 0.040 
220    BSB_1    (0)    4 :  0.291 0.290 0.058 0.361 
221    BSB_2    (0)    4 :  0.063 0.039 0.200 0.698 
222    BSB_3    (0)    4 :  0.036 0.127 0.807 0.031 
223    BSB_4    (0)    4 :  0.106 0.050 0.059 0.784 
224    BSB_5    (0)    4 :  0.043 0.043 0.104 0.810 
225    BSB_6    (0)    4 :  0.045 0.068 0.051 0.836 
226    BSB_7   (33)    4 :  0.102 0.252 0.093 0.552 
227    BSB_8    (0)    4 :  0.050 0.793 0.080 0.077 
228    BSB_9    (0)    4 :  0.048 0.056 0.788 0.108 
229   BSB_10    (0)    4 :  0.143 0.149 0.413 0.296 
230   BSB_11    (0)    4 :  0.060 0.601 0.103 0.237 
231   BSB_12    (0)    4 :  0.233 0.255 0.195 0.318 
232   BSB_13    (0)    4 :  0.115 0.320 0.111 0.454 
233   BSB_14    (0)    4 :  0.056 0.042 0.195 0.707 
234   BSB_15    (0)    4 :  0.311 0.267 0.022 0.399 
235   BSB_16    (6)    4 :  0.123 0.041 0.213 0.623 
236   BSB_17    (0)    4 :  0.094 0.099 0.090 0.717 
237   BSB_18    (0)    4 :  0.025 0.838 0.050 0.087 
238   BSB_19    (0)    4 :  0.143 0.047 0.038 0.772 
239   BSB_20    (0)    4 :  0.189 0.279 0.038 0.493 
240   BSB_21    (0)    4 :  0.136 0.242 0.220 0.402 
241   BSB_22    (0)    4 :  0.040 0.108 0.775 0.077 
242   BSB_23    (0)    4 :  0.064 0.073 0.137 0.726 
243   BSB_24    (0)    4 :  0.024 0.123 0.037 0.816 
244   BSB_25    (0)    4 :  0.034 0.045 0.107 0.814 
245   BSB_26    (0)    4 :  0.054 0.070 0.091 0.785 
246   BSB_27    (0)    4 :  0.328 0.316 0.066 0.290 
247   BSB_28    (0)    4 :  0.026 0.068 0.822 0.084 
248   BSB_29    (0)    4 :  0.022 0.044 0.038 0.896 
249   BSB_30    (0)    4 :  0.060 0.117 0.453 0.370 
250   BSB_31    (0)    4 :  0.452 0.317 0.160 0.070 
251   BSB_32    (0)    4 :  0.034 0.026 0.036 0.904 
252   BSB_33    (0)    4 :  0.086 0.388 0.206 0.320 
253   BSB_34    (0)    4 :  0.089 0.137 0.055 0.719 
254   BSB_35    (0)    4 :  0.030 0.020 0.035 0.915 
255   BSB_36    (0)    4 :  0.107 0.157 0.039 0.697 
256   BSB_37    (0)    4 :  0.068 0.084 0.066 0.783 
257   BSB_38   (60)    4 :  0.184 0.173 0.034 0.609 
258   BSB_39    (0)    4 :  0.578 0.182 0.112 0.129 
259   BSB_40    (0)    4 :  0.277 0.061 0.057 0.605 
260   BSB_41    (0)    4 :  0.087 0.085 0.158 0.669 
261   BSB_42    (0)    4 :  0.077 0.440 0.046 0.438 
262   BSB_43    (0)    4 :  0.133 0.397 0.065 0.404 
263   BSB_44    (0)    4 :  0.040 0.139 0.206 0.615 
264   BSB_45    (0)    4 :  0.316 0.249 0.172 0.263 
265   BSB_46    (0)    4 :  0.077 0.128 0.157 0.637 
266   BSB_47    (0)    4 :  0.079 0.167 0.037 0.717 
267   BSB_48    (0)    4 :  0.186 0.566 0.071 0.177 
268   BSB_49    (0)    4 :  0.288 0.299 0.050 0.362 
269   BSB_50   (60)    4 :  0.040 0.056 0.016 0.888 
270   BSB_51    (0)    4 :  0.079 0.785 0.051 0.085 
271   BSB_52    (0)    4 :  0.054 0.158 0.454 0.333 
272   BSB_53    (0)    4 :  0.060 0.042 0.095 0.803 
273   BSB_54    (0)    4 :  0.230 0.157 0.107 0.505 
274   BSB_55    (0)    4 :  0.094 0.246 0.412 0.248 
275   BSB_56    (0)    4 :  0.130 0.039 0.389 0.442 
276   BSB_57    (0)    4 :  0.027 0.797 0.078 0.099 
277   BSB_58    (0)    4 :  0.367 0.155 0.381 0.097 
278   BSB_59    (0)    4 :  0.039 0.047 0.039 0.875 
279   BSB_60   (60)    4 :  0.018 0.014 0.013 0.955 
280   BSB_61    (0)    4 :  0.041 0.063 0.032 0.864 
281   BSB_62    (0)    4 :  0.038 0.630 0.073 0.259 
282   BSB_63    (0)    4 :  0.032 0.123 0.364 0.481 
283   BSB_64    (0)    4 :  0.039 0.065 0.069 0.826 
284   BSB_65    (0)    4 :  0.054 0.203 0.190 0.554 
285   BSB_66    (0)    4 :  0.242 0.128 0.022 0.608 
286   BSB_67    (0)    4 :  0.137 0.124 0.126 0.613 
287   BSB_68    (0)    4 :  0.277 0.052 0.526 0.145 
288   BSB_69    (0)    4 :  0.302 0.113 0.555 0.029 
289   BSB_70    (0)    4 :  0.076 0.047 0.801 0.077 
290   BSB_71    (0)    4 :  0.045 0.032 0.082 0.840 
291   BSB_72    (0)    4 :  0.189 0.467 0.108 0.236 
292   BSB_73    (0)    4 :  0.190 0.103 0.142 0.566 
293   BSB_74    (0)    4 :  0.074 0.339 0.166 0.421 
294   BSB_75    (0)    4 :  0.253 0.095 0.095 0.557 
295   BSB_76    (0)    4 :  0.055 0.069 0.113 0.763 
296   BSB_77   (53)    4 :  0.015 0.013 0.014 0.957 
297   BSB_78    (0)    4 :  0.076 0.081 0.155 0.689 
298    CCR_1    (0)    5 :  0.617 0.198 0.040 0.145 
299    CCR_2    (0)    5 :  0.282 0.500 0.133 0.085 
300    CCR_3    (0)    5 :  0.599 0.165 0.135 0.101 
301    CCR_4    (0)    5 :  0.692 0.070 0.140 0.099 
302    CCR_5    (0)    5 :  0.153 0.715 0.090 0.042 
303    CCR_6    (0)    5 :  0.824 0.111 0.025 0.039 
304    CCR_7    (0)    5 :  0.611 0.102 0.183 0.105 
305    CCR_8    (0)    5 :  0.246 0.163 0.448 0.144 
306    CCR_9    (0)    5 :  0.756 0.139 0.045 0.060 
307   CCR_10    (0)    5 :  0.728 0.037 0.095 0.140 
308   CCR_11    (0)    5 :  0.884 0.034 0.040 0.043 
309   CCR_12    (0)    5 :  0.224 0.689 0.056 0.032 
310   CCR_13    (0)    5 :  0.772 0.136 0.064 0.028 
311   CCR_14    (0)    5 :  0.589 0.267 0.095 0.050 
312   CCR_15    (0)    5 :  0.865 0.038 0.069 0.027 
313   CCR_16    (0)    5 :  0.050 0.529 0.340 0.080 
314   CCR_17    (0)    5 :  0.801 0.088 0.073 0.038 
315   CCR_18    (0)    5 :  0.352 0.047 0.581 0.020 
316   CCR_19    (0)    5 :  0.851 0.068 0.038 0.042 
317   CCR_20    (0)    5 :  0.367 0.405 0.046 0.182 
318   CCR_21    (0)    5 :  0.319 0.124 0.070 0.487 
319   CCR_22    (0)    5 :  0.607 0.075 0.152 0.165 
320   CCR_23    (0)    5 :  0.687 0.197 0.084 0.032 
321   CCR_24    (0)    5 :  0.786 0.139 0.042 0.033 
322   CCR_25    (0)    5 :  0.505 0.141 0.077 0.276 
323   CCR_26    (0)    5 :  0.351 0.078 0.053 0.519 
324   CCR_27    (0)    5 :  0.894 0.040 0.038 0.028 
325   CCR_28    (0)    5 :  0.208 0.484 0.063 0.245 
326   CCR_29    (0)    5 :  0.799 0.130 0.027 0.044 
327   CCR_30    (0)    5 :  0.866 0.066 0.040 0.028 
328   CCR_31    (0)    5 :  0.235 0.126 0.355 0.284 
329   CCR_32    (0)    5 :  0.080 0.529 0.028 0.363 
330   CCR_33    (0)    5 :  0.308 0.590 0.070 0.032 
331   CCR_34    (0)    5 :  0.255 0.677 0.038 0.030 
332   CCR_35    (0)    5 :  0.672 0.096 0.133 0.099 
333   CCR_36    (0)    5 :  0.409 0.154 0.338 0.099 
334   CCR_37    (0)    5 :  0.183 0.270 0.053 0.494 
335   CCR_38    (0)    5 :  0.289 0.464 0.143 0.104 
336   CCR_39    (0)    5 :  0.730 0.184 0.060 0.026 
337   CCR_40    (0)    5 :  0.073 0.341 0.230 0.356 
338   CCR_41    (0)    5 :  0.685 0.178 0.092 0.045 
339   CCR_42    (0)    5 :  0.547 0.124 0.066 0.262 
340   CCR_43    (0)    5 :  0.666 0.182 0.114 0.038 
341   CCR_44    (0)    5 :  0.089 0.554 0.097 0.260 
342   CCR_45    (0)    5 :  0.554 0.285 0.042 0.119 
343   CCR_46    (0)    5 :  0.249 0.223 0.042 0.486 
344   CCR_47    (0)    5 :  0.450 0.438 0.044 0.068 
345   CCR_48    (0)    5 :  0.496 0.406 0.071 0.027 
346   CCR_49    (0)    5 :  0.125 0.676 0.085 0.114 
347   CCR_50    (0)    5 :  0.334 0.316 0.287 0.062 
348   CCR_51    (0)    5 :  0.472 0.373 0.018 0.138 
349   CCR_52    (0)    5 :  0.635 0.191 0.069 0.105 
350   CCR_53    (0)    5 :  0.342 0.467 0.137 0.054 
351   CCR_54    (0)    5 :  0.468 0.131 0.306 0.095 
352   CCR_55    (0)    5 :  0.277 0.143 0.066 0.515 
353   CCR_56    (0)    5 :  0.695 0.136 0.086 0.083 
354   CCR_57    (0)    5 :  0.629 0.229 0.063 0.080 
355   CCR_58    (0)    5 :  0.633 0.171 0.139 0.057 
356   CCR_59    (0)    5 :  0.367 0.061 0.083 0.489 
357   CCR_60    (0)    5 :  0.064 0.675 0.182 0.079 
358   CCR_61    (0)    5 :  0.895 0.039 0.034 0.032 
359   CCR_62    (0)    5 :  0.777 0.085 0.082 0.056 
360   CCR_63    (0)    5 :  0.761 0.068 0.065 0.107 
361   CCR_64    (0)    5 :  0.662 0.138 0.053 0.148 
362   CCR_65    (0)    5 :  0.858 0.048 0.043 0.051 
363   CCR_66    (0)    5 :  0.877 0.050 0.026 0.047 
364   CCR_67    (0)    5 :  0.487 0.410 0.074 0.029 
365   CCR_68    (0)    5 :  0.883 0.040 0.029 0.048 
366   CCR_69    (0)    5 :  0.685 0.222 0.042 0.051 
367   CCR_70    (0)    5 :  0.541 0.351 0.070 0.038 
368   CCR_71    (0)    5 :  0.464 0.442 0.052 0.043 
369   CCR_72    (0)    5 :  0.757 0.137 0.053 0.053 
370   CCR_73    (0)    5 :  0.747 0.142 0.033 0.078 
371   CCR_74    (0)    5 :  0.408 0.101 0.116 0.375 
372   CCR_75    (0)    5 :  0.668 0.155 0.137 0.040 
373   CCR_76    (0)    5 :  0.177 0.100 0.699 0.024 
374   CCR_77    (0)    5 :  0.838 0.046 0.055 0.061 
375   CCR_78    (0)    5 :  0.284 0.074 0.171 0.470 
376   CCR_79    (0)    5 :  0.580 0.167 0.103 0.150 
377   CCR_80    (0)    5 :  0.878 0.057 0.035 0.029 
378    CMB_1    (0)    6 :  0.870 0.067 0.037 0.026 
379    CMB_2    (0)    6 :  0.937 0.023 0.017 0.023 
380    CMB_3    (0)    6 :  0.869 0.043 0.053 0.035 
381    CMB_4    (0)    6 :  0.775 0.023 0.175 0.027 
382    CMB_5    (0)    6 :  0.812 0.034 0.129 0.025 
383    CMB_6    (0)    6 :  0.886 0.053 0.027 0.034 
384    CMB_7    (0)    6 :  0.876 0.052 0.026 0.046 
385    CMB_8    (0)    6 :  0.691 0.051 0.198 0.060 
386    CMB_9    (0)    6 :  0.805 0.046 0.028 0.122 
387   CMB_10    (0)    6 :  0.139 0.115 0.719 0.026 
388   CMB_11    (0)    6 :  0.772 0.040 0.047 0.141 
389   CMB_12    (0)    6 :  0.832 0.033 0.101 0.035 
390   CMB_13    (0)    6 :  0.812 0.054 0.074 0.060 
391   CMB_14    (0)    6 :  0.841 0.034 0.043 0.082 
392   CMB_15    (0)    6 :  0.553 0.320 0.046 0.081 
393   CMB_16    (0)    6 :  0.319 0.042 0.511 0.127 
394   CMB_17    (0)    6 :  0.314 0.311 0.169 0.206 
395   CMB_18    (0)    6 :  0.351 0.516 0.054 0.079 
396   CMB_19    (0)    6 :  0.656 0.098 0.218 0.028 
397   CMB_20    (0)    6 :  0.788 0.061 0.119 0.033 
398   CMB_21    (0)    6 :  0.887 0.033 0.052 0.028 
399   CMB_22    (0)    6 :  0.785 0.049 0.088 0.078 
400   CMB_23    (0)    6 :  0.779 0.092 0.087 0.043 
401   CMB_24    (0)    6 :  0.420 0.054 0.469 0.058 
402   CMB_25    (0)    6 :  0.699 0.079 0.035 0.187 
403   CMB_26    (0)    6 :  0.757 0.078 0.060 0.105 
404   CMB_27    (0)    6 :  0.734 0.061 0.176 0.029 
405   CMB_28    (0)    6 :  0.920 0.023 0.028 0.028 
406   CMB_29    (0)    6 :  0.551 0.298 0.095 0.056 
407   CMB_30    (0)    6 :  0.806 0.079 0.030 0.084 
408   CMB_31    (0)    6 :  0.740 0.040 0.106 0.114 
409   CMB_32    (0)    6 :  0.549 0.111 0.269 0.070 
410   CMB_33    (0)    6 :  0.775 0.047 0.049 0.130 
411   CMB_34    (0)    6 :  0.743 0.026 0.196 0.035 
412   CMB_35    (0)    6 :  0.657 0.043 0.066 0.234 
413   CMB_36    (0)    6 :  0.790 0.067 0.108 0.035 
414   CMB_37    (0)    6 :  0.888 0.038 0.025 0.049 
415   CMB_38    (0)    6 :  0.886 0.048 0.022 0.045 
416   CMB_39    (0)    6 :  0.800 0.071 0.067 0.062 
417   CMB_40    (0)    6 :  0.684 0.049 0.217 0.050 
418   CMB_41    (0)    6 :  0.360 0.049 0.148 0.443 
419   CMB_42    (0)    6 :  0.646 0.127 0.108 0.119 
420   CMB_43    (0)    6 :  0.240 0.467 0.241 0.053 
421   CMB_44    (0)    6 :  0.161 0.076 0.492 0.270 
422   CMB_45    (0)    6 :  0.789 0.144 0.042 0.025 
423   CMB_46    (0)    6 :  0.508 0.105 0.337 0.050 
424   CMB_47    (0)    6 :  0.388 0.026 0.551 0.035 
425   CMB_48    (0)    6 :  0.860 0.026 0.066 0.048 
426   CMB_49    (0)    6 :  0.932 0.030 0.017 0.020 
427   CMB_50    (0)    6 :  0.892 0.019 0.060 0.029 
428   CMB_51    (0)    6 :  0.860 0.054 0.031 0.054 
429   CMB_52    (0)    6 :  0.865 0.064 0.039 0.031 
430   CMB_53    (0)    6 :  0.692 0.048 0.048 0.212 
431   CMB_54    (0)    6 :  0.712 0.117 0.120 0.051 
432   CMB_55    (0)    6 :  0.750 0.132 0.058 0.060 
433   CMB_56    (0)    6 :  0.355 0.161 0.151 0.333 
434   CMB_57    (0)    6 :  0.807 0.070 0.085 0.039 
435   CMB_58    (0)    6 :  0.624 0.131 0.187 0.058 
436   CMB_59    (0)    6 :  0.553 0.054 0.131 0.261 
437   CMB_60    (0)    6 :  0.923 0.023 0.026 0.029 
438   CMB_61    (0)    6 :  0.824 0.063 0.028 0.085 
439   CMB_62    (0)    6 :  0.838 0.025 0.077 0.060 
440   CMB_63    (0)    6 :  0.863 0.034 0.032 0.072 
441   CMB_64    (0)    6 :  0.847 0.063 0.060 0.029 
442   CMB_65    (0)    6 :  0.881 0.038 0.043 0.038 
443   CMB_66    (0)    6 :  0.896 0.040 0.026 0.038 
444   CMB_67    (0)    6 :  0.818 0.043 0.105 0.034 
445   CMB_68    (0)    6 :  0.832 0.060 0.053 0.055 
446   CMB_69    (0)    6 :  0.345 0.486 0.115 0.054 
447   CMB_70    (0)    6 :  0.131 0.063 0.559 0.246 
448   CMB_71    (0)    6 :  0.889 0.031 0.046 0.033 
449   CMB_72    (0)    6 :  0.428 0.441 0.069 0.062 
450   CMB_73    (0)    6 :  0.049 0.050 0.027 0.874 
451   CMB_74    (0)    6 :  0.607 0.070 0.156 0.166 
452   CMB_75    (0)    6 :  0.223 0.158 0.559 0.060 
453   CMB_76    (6)    6 :  0.137 0.085 0.177 0.602 
454   CMB_77    (0)    6 :  0.734 0.098 0.126 0.042 
455    CNR_1    (0)    7 :  0.585 0.077 0.032 0.306 
456    CNR_2    (0)    7 :  0.221 0.317 0.140 0.322 
457    CNR_3    (0)    7 :  0.604 0.190 0.036 0.169 
458    CNR_4    (0)    7 :  0.831 0.043 0.067 0.058 
459    CNR_5    (0)    7 :  0.816 0.046 0.066 0.072 
460    CNR_6    (0)    7 :  0.729 0.030 0.075 0.165 
461    CNR_7    (0)    7 :  0.729 0.103 0.084 0.084 
462    CNR_8    (0)    7 :  0.782 0.124 0.050 0.044 
463    CNR_9    (0)    7 :  0.765 0.107 0.076 0.052 
464   CNR_10    (0)    7 :  0.907 0.024 0.040 0.029 
465   CNR_11    (0)    7 :  0.866 0.041 0.045 0.048 
466   CNR_12    (0)    7 :  0.922 0.038 0.021 0.020 
467   CNR_13    (0)    7 :  0.866 0.042 0.048 0.045 
468   CNR_14    (0)    7 :  0.609 0.126 0.213 0.052 
469   CNR_15    (0)    7 :  0.847 0.021 0.046 0.085 
470   CNR_16    (0)    7 :  0.852 0.050 0.044 0.054 
471   CNR_17    (0)    7 :  0.861 0.091 0.029 0.019 
472   CNR_18    (0)    7 :  0.896 0.031 0.037 0.035 
473   CNR_19    (0)    7 :  0.862 0.059 0.043 0.036 
474   CNR_20    (0)    7 :  0.788 0.111 0.061 0.040 
475   CNR_21    (0)    7 :  0.702 0.132 0.043 0.123 
476   CNR_22    (0)    7 :  0.574 0.273 0.113 0.041 
477   CNR_23    (0)    7 :  0.793 0.034 0.092 0.081 
478   CNR_24    (0)    7 :  0.768 0.122 0.049 0.061 
479   CNR_25    (0)    7 :  0.794 0.029 0.047 0.129 
480   CNR_26    (0)    7 :  0.696 0.041 0.032 0.231 
481   CNR_27    (0)    7 :  0.814 0.041 0.111 0.034 
482   CNR_28    (0)    7 :  0.350 0.268 0.152 0.231 
483   CNR_29    (0)    7 :  0.777 0.109 0.036 0.077 
484   CNR_30    (0)    7 :  0.676 0.110 0.133 0.081 
485   CNR_31    (0)    7 :  0.779 0.129 0.072 0.020 
486   CNR_32    (0)    7 :  0.939 0.020 0.018 0.023 
487   CNR_33    (0)    7 :  0.878 0.023 0.022 0.077 
488   CNR_34    (0)    7 :  0.712 0.085 0.134 0.068 
489   CNR_35    (6)    7 :  0.853 0.028 0.053 0.066 
490   CNR_36    (0)    7 :  0.107 0.140 0.699 0.054 
491   CNR_37    (0)    7 :  0.777 0.038 0.068 0.117 
492   CNR_38    (0)    7 :  0.875 0.033 0.040 0.052 
493   CNR_39    (0)    7 :  0.876 0.034 0.061 0.030 
494   CNR_40    (0)    7 :  0.781 0.110 0.048 0.060 
495   CNR_41    (6)    7 :  0.840 0.050 0.067 0.043 
496   CNR_42    (0)    7 :  0.925 0.034 0.020 0.022 
497   CNR_43    (0)    7 :  0.566 0.157 0.230 0.048 
498   CNR_44    (0)    7 :  0.270 0.051 0.136 0.543 
499   CNR_45    (0)    7 :  0.827 0.046 0.062 0.065 
500   CNR_46    (0)    7 :  0.834 0.031 0.087 0.047 
501   CNR_47    (0)    7 :  0.837 0.072 0.038 0.053 
502   CNR_48    (0)    7 :  0.907 0.037 0.023 0.032 
503   CNR_49    (0)    7 :  0.811 0.069 0.091 0.029 
504   CNR_50    (0)    7 :  0.086 0.718 0.033 0.164 
505   CNR_51    (0)    7 :  0.335 0.062 0.391 0.213 
506   CNR_52    (0)    7 :  0.658 0.239 0.057 0.046 
507   CNR_53    (0)    7 :  0.881 0.022 0.072 0.025 
508   CNR_54    (0)    7 :  0.736 0.031 0.209 0.024 
509   CNR_55    (0)    7 :  0.771 0.099 0.046 0.084 
510   CNR_56    (0)    7 :  0.779 0.024 0.155 0.041 
511   CNR_57    (0)    7 :  0.638 0.214 0.100 0.047 
512   CNR_58    (0)    7 :  0.382 0.503 0.053 0.063 
513   CNR_59    (0)    7 :  0.505 0.057 0.070 0.368 
514   CNR_60    (0)    7 :  0.857 0.066 0.036 0.041 
515   CNR_61    (0)    7 :  0.836 0.038 0.088 0.038 
516   CNR_62    (0)    7 :  0.875 0.055 0.038 0.033 
517   CNR_63    (0)    7 :  0.745 0.067 0.053 0.135 
518   CNR_64    (0)    7 :  0.559 0.321 0.064 0.056 
519   CNR_65    (0)    7 :  0.871 0.030 0.050 0.048 
520   CNR_66    (0)    7 :  0.877 0.041 0.025 0.058 
521   CNR_67    (0)    7 :  0.735 0.103 0.082 0.080 
522   CNR_68    (0)    7 :  0.889 0.043 0.034 0.034 
523   CNR_69    (0)    7 :  0.562 0.110 0.246 0.082 
524   CNR_70    (0)    7 :  0.646 0.078 0.221 0.056 
525   CNR_71    (0)    7 :  0.553 0.035 0.383 0.028 
526   CNR_72    (0)    7 :  0.719 0.051 0.171 0.059 
527   CNR_73    (0)    7 :  0.833 0.043 0.051 0.073 
528   CNR_74    (0)    7 :  0.322 0.326 0.248 0.105 
529   CNR_75    (0)    7 :  0.874 0.064 0.022 0.040 
530   CNR_76    (0)    7 :  0.885 0.029 0.044 0.042 
531   CNR_77    (0)    7 :  0.586 0.344 0.026 0.044 
532   CNR_78    (0)    7 :  0.873 0.069 0.024 0.034 
533   CNR_79    (0)    7 :  0.910 0.039 0.027 0.024 
534   CNR_80    (0)    7 :  0.892 0.035 0.047 0.025 
535   CNR_81    (0)    7 :  0.783 0.127 0.042 0.048 
536   CNR_82    (0)    7 :  0.779 0.033 0.132 0.056 
537   CNR_83    (0)    7 :  0.798 0.048 0.057 0.097 
538   CNR_84    (0)    7 :  0.795 0.053 0.046 0.106 
539   CNR_85    (0)    7 :  0.784 0.075 0.046 0.096 
540   CNR_86    (0)    7 :  0.745 0.046 0.168 0.041 
541   CNR_87    (0)    7 :  0.697 0.044 0.094 0.166 
542   CNR_88    (0)    7 :  0.869 0.051 0.051 0.030 
543   CNR_89    (0)    7 :  0.826 0.048 0.064 0.062 
544   CNR_90    (0)    7 :  0.772 0.061 0.104 0.062 
545   CNR_91    (0)    7 :  0.867 0.031 0.073 0.029 
546   CNR_92    (0)    7 :  0.844 0.058 0.037 0.062 
547   CNR_93    (0)    7 :  0.806 0.055 0.090 0.049 
548   CNR_94    (0)    7 :  0.897 0.030 0.045 0.028 
549   CNR_95    (0)    7 :  0.753 0.053 0.097 0.097 
550   CNR_96    (0)    7 :  0.578 0.258 0.119 0.045 
551   CNR_97    (0)    7 :  0.564 0.029 0.365 0.042 
552   CNR_98    (0)    7 :  0.674 0.233 0.045 0.048 
553   CNR_99    (0)    7 :  0.836 0.095 0.035 0.034 
554    DHB_1    (0)    8 :  0.269 0.436 0.107 0.188 
555    DHB_2    (0)    8 :  0.226 0.183 0.544 0.046 
556    DHB_3    (0)    8 :  0.586 0.274 0.089 0.052 
557    DHB_4    (0)    8 :  0.149 0.710 0.072 0.069 
558    DHB_5    (0)    8 :  0.397 0.162 0.101 0.339 
559    DHB_6    (0)    8 :  0.562 0.155 0.206 0.077 
560    DHB_7    (0)    8 :  0.773 0.071 0.086 0.070 
561    DHB_8    (0)    8 :  0.845 0.083 0.026 0.047 
562    DHB_9    (0)    8 :  0.170 0.253 0.304 0.273 
563   DHB_10    (0)    8 :  0.338 0.378 0.149 0.135 
564   DHB_11    (0)    8 :  0.491 0.213 0.265 0.031 
565   DHB_12    (0)    8 :  0.778 0.077 0.044 0.101 
566   DHB_13    (0)    8 :  0.115 0.253 0.473 0.158 
567   DHB_14    (0)    8 :  0.592 0.114 0.073 0.221 
568   DHB_15    (0)    8 :  0.092 0.217 0.339 0.352 
569   DHB_16    (0)    8 :  0.256 0.103 0.137 0.504 
570   DHB_17    (0)    8 :  0.103 0.631 0.085 0.181 
571   DHB_18    (0)    8 :  0.735 0.045 0.066 0.154 
572   DHB_19    (0)    8 :  0.541 0.120 0.127 0.212 
573   DHB_20    (0)    8 :  0.286 0.561 0.096 0.057 
574   DHB_21    (0)    8 :  0.892 0.038 0.038 0.032 
575   DHB_22    (0)    8 :  0.361 0.234 0.025 0.379 
576   DHB_23    (0)    8 :  0.195 0.159 0.464 0.181 
577   DHB_24    (0)    8 :  0.132 0.059 0.059 0.750 
578   DHB_25    (0)    8 :  0.223 0.551 0.170 0.057 
579   DHB_26    (0)    8 :  0.148 0.583 0.127 0.142 
580   DHB_27    (0)    8 :  0.425 0.164 0.295 0.116 
581   DHB_28    (0)    8 :  0.574 0.215 0.085 0.126 
582   DHB_29    (0)    8 :  0.093 0.674 0.166 0.067 
583   DHB_30    (0)    8 :  0.316 0.340 0.074 0.270 
584   DHB_31    (0)    8 :  0.386 0.362 0.033 0.219 
585   DHB_32    (0)    8 :  0.192 0.448 0.295 0.065 
586   DHB_33    (0)    8 :  0.214 0.368 0.036 0.382 
587   DHB_34    (0)    8 :  0.093 0.786 0.034 0.086 
588   DHB_35    (0)    8 :  0.069 0.662 0.187 0.082 
589   DHB_36    (0)    8 :  0.185 0.681 0.024 0.111 
590   DHB_37    (0)    8 :  0.835 0.064 0.064 0.037 
591   DHB_38    (0)    8 :  0.546 0.077 0.308 0.068 
592   DHB_39    (0)    8 :  0.673 0.158 0.029 0.140 
593   DHB_40    (0)    8 :  0.729 0.157 0.067 0.048 
594   DHB_41    (0)    8 :  0.152 0.179 0.629 0.041 
595   DHB_42    (0)    8 :  0.880 0.029 0.024 0.067 
596   DHB_43    (0)    8 :  0.353 0.327 0.077 0.242 
597   DHB_44    (0)    8 :  0.267 0.438 0.076 0.220 
598   DHB_45    (0)    8 :  0.878 0.046 0.030 0.046 
599   DHB_46    (0)    8 :  0.354 0.256 0.303 0.087 
600   DHB_47    (0)    8 :  0.119 0.769 0.052 0.059 
601   DHB_48    (0)    8 :  0.435 0.429 0.100 0.036 
602   DHB_49    (0)    8 :  0.110 0.663 0.095 0.132 
603   DHB_50    (0)    8 :  0.471 0.218 0.091 0.221 
604   DHB_51    (0)    8 :  0.580 0.260 0.060 0.100 
605   DHB_52    (0)    8 :  0.292 0.524 0.121 0.064 
606   DHB_53    (0)    8 :  0.073 0.270 0.242 0.415 
607   DHB_54    (0)    8 :  0.641 0.164 0.058 0.137 
608   DHB_55    (0)    8 :  0.923 0.026 0.024 0.027 
609   DHB_56    (0)    8 :  0.289 0.210 0.458 0.043 
610   DHB_57    (0)    8 :  0.304 0.052 0.091 0.553 
611   DHB_58    (0)    8 :  0.633 0.122 0.038 0.208 
612   DHB_59    (0)    8 :  0.185 0.215 0.288 0.312 
613   DHB_60    (0)    8 :  0.543 0.305 0.042 0.111 
614   DHB_61    (0)    8 :  0.178 0.345 0.089 0.388 
615   DHB_62    (0)    8 :  0.132 0.641 0.066 0.161 
616   DHB_63    (0)    8 :  0.359 0.328 0.143 0.171 
617   DHB_64    (0)    8 :  0.122 0.297 0.067 0.514 
618   DHB_65    (0)    8 :  0.345 0.294 0.280 0.080 
619   DHB_66    (0)    8 :  0.089 0.681 0.142 0.088 
620   DHB_67    (0)    8 :  0.068 0.129 0.739 0.064 
621   DHB_68    (0)    8 :  0.108 0.487 0.246 0.160 
622   DHB_69    (0)    8 :  0.549 0.324 0.055 0.073 
623   DHB_70    (0)    8 :  0.535 0.089 0.110 0.266 
624   DHB_71    (0)    8 :  0.642 0.212 0.047 0.098 
625   DHB_72    (0)    8 :  0.627 0.258 0.040 0.075 
626   DHB_73    (0)    8 :  0.493 0.211 0.132 0.165 
627   DHB_74    (0)    8 :  0.445 0.117 0.028 0.410 
628   DHB_75    (0)    8 :  0.820 0.096 0.047 0.037 
629   DHB_76    (0)    8 :  0.727 0.129 0.046 0.098 
630   DHB_77    (0)    8 :  0.099 0.109 0.315 0.477 
631   DHB_78    (0)    8 :  0.105 0.170 0.486 0.239 
632    FBS_1    (0)    9 :  0.670 0.116 0.065 0.149 
633    FBS_2    (0)    9 :  0.357 0.344 0.059 0.240 
634    FBS_3    (0)    9 :  0.689 0.110 0.043 0.158 
635    FBS_4    (0)    9 :  0.095 0.296 0.581 0.028 
636    FBS_5    (0)    9 :  0.838 0.080 0.042 0.041 
637    FBS_6    (0)    9 :  0.745 0.067 0.112 0.075 
638    FBS_7    (0)    9 :  0.728 0.135 0.098 0.040 
639    FBS_8    (0)    9 :  0.641 0.062 0.087 0.210 
640    FBS_9    (0)    9 :  0.804 0.103 0.028 0.065 
641   FBS_10    (0)    9 :  0.453 0.207 0.072 0.269 
642   FBS_11    (0)    9 :  0.883 0.026 0.063 0.027 
643   FBS_12    (0)    9 :  0.594 0.055 0.327 0.024 
644   FBS_13    (0)    9 :  0.716 0.165 0.044 0.076 
645   FBS_14    (0)    9 :  0.476 0.317 0.165 0.041 
646   FBS_15    (0)    9 :  0.602 0.148 0.212 0.038 
647   FBS_16    (0)    9 :  0.309 0.239 0.373 0.079 
648   FBS_17    (0)    9 :  0.225 0.193 0.426 0.157 
649   FBS_18    (0)    9 :  0.559 0.206 0.153 0.082 
650   FBS_19    (0)    9 :  0.697 0.197 0.039 0.068 
651   FBS_20    (0)    9 :  0.744 0.055 0.033 0.169 
652   FBS_21    (0)    9 :  0.319 0.247 0.124 0.311 
653   FBS_22    (0)    9 :  0.602 0.057 0.186 0.155 
654   FBS_23    (0)    9 :  0.336 0.172 0.449 0.043 
655   FBS_24   (26)    9 :  0.409 0.210 0.329 0.051 
656   FBS_25    (0)    9 :  0.504 0.062 0.390 0.044 
657   FBS_26    (0)    9 :  0.144 0.095 0.298 0.463 
658   FBS_27    (0)    9 :  0.883 0.047 0.036 0.033 
659   FBS_28    (0)    9 :  0.527 0.068 0.356 0.049 
