

----------------------------------------------------
STRUCTURE by Pritchard, Stephens and Donnelly (2000)
     and Falush, Stephens and Pritchard (2003)
       Code by Pritchard, Falush and Hubisz
             Version 2.3.4 (Jul 2012)
----------------------------------------------------



Command line arguments:   structure -m /global/home/hpc3579/salmon/mainparamsnewfoundlandfiles/mainparamsnewfoundland12 -e /global/home/hpc3579/salmon/extraparams_newfoundlandfile -K 12 
Input File:    /global/home/hpc3579/salmon/NewfoundlandStruc.txt

Run parameters:
   5235 individuals
   15 loci
   12 populations assumed
   100000 Burn-in period
   1000000 Reps


--------------------------------------------
Proportion of membership of each pre-defined
 population in each of the 12 clusters

Given    Inferred Clusters                                                                      Number of
 Pop       1      2      3      4      5      6      7      8      9     10     11     12      Individuals

  1:     0.009  0.756  0.028  0.031  0.018  0.024  0.037  0.013  0.024  0.020  0.019  0.020       68
  2:     0.030  0.050  0.049  0.103  0.017  0.108  0.137  0.090  0.129  0.102  0.056  0.127       76
  3:     0.019  0.053  0.062  0.067  0.013  0.057  0.208  0.056  0.109  0.065  0.043  0.248       75
  4:     0.024  0.227  0.128  0.078  0.029  0.038  0.178  0.079  0.059  0.050  0.063  0.048       78
  5:     0.015  0.032  0.045  0.053  0.015  0.585  0.034  0.057  0.031  0.068  0.028  0.037       80
  6:     0.020  0.026  0.021  0.029  0.011  0.046  0.038  0.020  0.656  0.035  0.048  0.049       77
  7:     0.014  0.019  0.016  0.039  0.016  0.047  0.025  0.019  0.727  0.026  0.019  0.034       99
  8:     0.021  0.051  0.057  0.089  0.018  0.333  0.043  0.040  0.041  0.192  0.035  0.081       78
  9:     0.017  0.035  0.043  0.039  0.018  0.056  0.043  0.069  0.549  0.041  0.032  0.056       74
 10:     0.011  0.035  0.028  0.671  0.015  0.027  0.050  0.025  0.029  0.045  0.025  0.039      100
 11:     0.023  0.084  0.069  0.046  0.021  0.061  0.547  0.028  0.025  0.037  0.024  0.034      100
 12:     0.019  0.025  0.070  0.055  0.020  0.495  0.040  0.035  0.070  0.082  0.035  0.055       75
 13:     0.009  0.022  0.047  0.055  0.012  0.526  0.047  0.067  0.064  0.076  0.033  0.043       77
 14:     0.020  0.035  0.076  0.054  0.022  0.434  0.047  0.036  0.059  0.101  0.038  0.078       82
 15:     0.011  0.026  0.039  0.074  0.018  0.585  0.033  0.041  0.025  0.054  0.030  0.063       75
 16:     0.030  0.036  0.051  0.108  0.017  0.061  0.165  0.121  0.158  0.089  0.039  0.126       56
 17:     0.011  0.018  0.025  0.057  0.015  0.576  0.030  0.051  0.034  0.053  0.031  0.098       70
 18:     0.016  0.014  0.017  0.028  0.010  0.026  0.038  0.018  0.735  0.033  0.026  0.039       82
 19:     0.011  0.647  0.044  0.039  0.021  0.026  0.076  0.019  0.018  0.028  0.023  0.048       75
 20:     0.016  0.233  0.074  0.395  0.012  0.060  0.044  0.033  0.021  0.048  0.024  0.040       57
 21:     0.013  0.783  0.018  0.023  0.019  0.021  0.015  0.039  0.021  0.017  0.015  0.016      111
 22:     0.016  0.112  0.464  0.053  0.062  0.044  0.077  0.020  0.029  0.044  0.037  0.043       88
 23:     0.017  0.041  0.040  0.263  0.028  0.075  0.162  0.084  0.107  0.069  0.045  0.069       69
 24:     0.012  0.012  0.033  0.554  0.013  0.169  0.014  0.024  0.046  0.073  0.021  0.029       75
 25:     0.009  0.512  0.078  0.065  0.014  0.042  0.061  0.048  0.037  0.058  0.030  0.045      100
 26:     0.009  0.017  0.051  0.131  0.014  0.070  0.021  0.023  0.532  0.076  0.034  0.022       76
 27:     0.016  0.393  0.051  0.104  0.014  0.042  0.098  0.079  0.038  0.050  0.042  0.074       84
 28:     0.013  0.529  0.150  0.062  0.014  0.033  0.034  0.022  0.021  0.031  0.050  0.042       74
 29:     0.009  0.050  0.689  0.011  0.008  0.011  0.018  0.160  0.012  0.010  0.011  0.012       51
 30:     0.039  0.674  0.059  0.028  0.017  0.036  0.036  0.021  0.031  0.017  0.017  0.025       75
 31:     0.899  0.009  0.008  0.010  0.007  0.010  0.010  0.009  0.009  0.010  0.008  0.011       71
 32:     0.019  0.032  0.068  0.039  0.023  0.438  0.034  0.050  0.079  0.076  0.048  0.094       66
 33:     0.012  0.024  0.074  0.064  0.017  0.039  0.042  0.032  0.046  0.047  0.534  0.067       81
 34:     0.019  0.026  0.047  0.107  0.019  0.045  0.183  0.023  0.046  0.048  0.049  0.388       50
 35:     0.011  0.023  0.042  0.092  0.015  0.139  0.034  0.252  0.077  0.165  0.023  0.127       50
 36:     0.011  0.020  0.063  0.044  0.020  0.037  0.031  0.024  0.026  0.685  0.018  0.021      100
 37:     0.013  0.025  0.040  0.036  0.017  0.032  0.035  0.031  0.026  0.028  0.643  0.075       94
 38:     0.012  0.016  0.031  0.027  0.016  0.027  0.043  0.043  0.029  0.686  0.041  0.027      100
 39:     0.019  0.034  0.043  0.112  0.011  0.079  0.187  0.043  0.047  0.067  0.068  0.292       50
 40:     0.014  0.040  0.096  0.083  0.023  0.127  0.059  0.171  0.068  0.170  0.046  0.102       98
 41:     0.021  0.030  0.076  0.049  0.018  0.022  0.011  0.064  0.018  0.035  0.017  0.639       50
 42:     0.012  0.016  0.016  0.017  0.008  0.015  0.024  0.019  0.014  0.012  0.826  0.022       99
 43:     0.015  0.033  0.083  0.106  0.018  0.126  0.051  0.161  0.082  0.197  0.049  0.078       99
 44:     0.018  0.023  0.070  0.062  0.012  0.056  0.078  0.056  0.037  0.056  0.044  0.488      100
 45:     0.012  0.021  0.057  0.147  0.019  0.081  0.231  0.064  0.037  0.118  0.076  0.137       48
 46:     0.006  0.035  0.054  0.048  0.009  0.049  0.040  0.023  0.036  0.059  0.601  0.039       28
 47:     0.015  0.051  0.035  0.108  0.037  0.062  0.135  0.047  0.035  0.149  0.063  0.263       50
 48:     0.016  0.017  0.030  0.094  0.017  0.035  0.494  0.027  0.070  0.033  0.077  0.089      100
 49:     0.020  0.016  0.065  0.080  0.013  0.056  0.048  0.035  0.053  0.031  0.045  0.540       50
 50:     0.010  0.026  0.030  0.039  0.021  0.058  0.030  0.040  0.036  0.087  0.593  0.031       41
 51:     0.020  0.029  0.060  0.069  0.019  0.054  0.048  0.032  0.072  0.049  0.045  0.503       50
 52:     0.013  0.021  0.031  0.032  0.017  0.025  0.030  0.677  0.033  0.054  0.024  0.044      100
 53:     0.012  0.033  0.548  0.036  0.016  0.082  0.025  0.038  0.047  0.103  0.024  0.037       98
 54:     0.013  0.030  0.127  0.072  0.022  0.061  0.123  0.048  0.071  0.217  0.115  0.100      100
 55:     0.008  0.008  0.011  0.007  0.909  0.008  0.008  0.007  0.009  0.009  0.007  0.007       95
 56:     0.012  0.046  0.047  0.051  0.007  0.079  0.044  0.510  0.050  0.092  0.022  0.041       50
 57:     0.019  0.088  0.046  0.088  0.016  0.067  0.251  0.085  0.060  0.059  0.068  0.153       70
 58:     0.010  0.021  0.073  0.047  0.015  0.048  0.044  0.023  0.042  0.059  0.537  0.082      100
 59:     0.011  0.042  0.064  0.095  0.016  0.059  0.055  0.068  0.063  0.069  0.047  0.411       50
 60:     0.005  0.012  0.020  0.016  0.007  0.018  0.017  0.834  0.013  0.021  0.014  0.022       50
 61:     0.020  0.030  0.077  0.108  0.016  0.101  0.078  0.054  0.035  0.180  0.047  0.255      100
 62:     0.013  0.015  0.029  0.026  0.016  0.032  0.020  0.022  0.022  0.082  0.680  0.044       41
 63:     0.010  0.021  0.044  0.053  0.015  0.037  0.051  0.045  0.042  0.067  0.557  0.056      100
 64:     0.014  0.019  0.039  0.055  0.014  0.043  0.061  0.427  0.028  0.141  0.042  0.118       50
 65:     0.011  0.029  0.079  0.040  0.028  0.076  0.043  0.035  0.042  0.054  0.515  0.049      100
 66:     0.032  0.018  0.079  0.066  0.017  0.051  0.218  0.050  0.056  0.059  0.061  0.295       49
 67:     0.031  0.028  0.062  0.081  0.018  0.069  0.111  0.059  0.072  0.052  0.074  0.343      100
 68:     0.019  0.034  0.074  0.058  0.012  0.044  0.068  0.116  0.030  0.171  0.130  0.244       50
 69:     0.015  0.020  0.039  0.076  0.009  0.065  0.050  0.413  0.041  0.102  0.040  0.130      100
--------------------------------------------

Allele-freq. divergence among pops (Net nucleotide distance),
computed using point estimates of P.

      1       2       3       4       5       6       7       8       9      10      11      12      
 1      -    0.0864  0.0798  0.0876  0.1401  0.0806  0.0872  0.0905  0.0871  0.0787  0.1041  0.0873  
 2   0.0864     -    0.0336  0.0288  0.1067  0.0354  0.0309  0.0417  0.0425  0.0411  0.0541  0.0328  
 3   0.0798  0.0336     -    0.0183  0.0915  0.0167  0.0194  0.0232  0.0248  0.0164  0.0246  0.0189  
 4   0.0876  0.0288  0.0183     -    0.0937  0.0151  0.0152  0.0209  0.0180  0.0157  0.0258  0.0132  
 5   0.1401  0.1067  0.0915  0.0937     -    0.0970  0.0955  0.1060  0.1042  0.0955  0.1105  0.0974  
 6   0.0806  0.0354  0.0167  0.0151  0.0970     -    0.0204  0.0186  0.0156  0.0131  0.0291  0.0176  
 7   0.0872  0.0309  0.0194  0.0152  0.0955  0.0204     -    0.0225  0.0239  0.0196  0.0257  0.0115  
 8   0.0905  0.0417  0.0232  0.0209  0.1060  0.0186  0.0225     -    0.0269  0.0195  0.0372  0.0182  
 9   0.0871  0.0425  0.0248  0.0180  0.1042  0.0156  0.0239  0.0269     -    0.0164  0.0339  0.0226  
10   0.0787  0.0411  0.0164  0.0157  0.0955  0.0131  0.0196  0.0195  0.0164     -    0.0262  0.0222  
11   0.1041  0.0541  0.0246  0.0258  0.1105  0.0291  0.0257  0.0372  0.0339  0.0262     -    0.0252  
12   0.0873  0.0328  0.0189  0.0132  0.0974  0.0176  0.0115  0.0182  0.0226  0.0222  0.0252     -    

Average distances (expected heterozygosity) between individuals in same cluster:
cluster  1  : 0.7576 
cluster  2  : 0.8341 
cluster  3  : 0.8708 
cluster  4  : 0.8682 
cluster  5  : 0.7024 
cluster  6  : 0.8696 
cluster  7  : 0.8563 
cluster  8  : 0.8600 
cluster  9  : 0.8507 
cluster 10  : 0.8765 
cluster 11  : 0.8652 
cluster 12  : 0.8613 

--------------------------------------------
Estimated Ln Prob of Data   = -388476.4
Mean value of ln likelihood = -381480.3
Variance of ln likelihood   = 13992.2
Mean value of alpha         = 0.0466

Mean value of Fst_1         = 0.1975
Mean value of Fst_2         = 0.0357
Mean value of Fst_3         = 0.0213
Mean value of Fst_4         = 0.0196
Mean value of Fst_5         = 0.1948
Mean value of Fst_6         = 0.0170
Mean value of Fst_7         = 0.0206
Mean value of Fst_8         = 0.0194
Mean value of Fst_9         = 0.0255
Mean value of Fst_10         = 0.0151
Mean value of Fst_11         = 0.0243
Mean value of Fst_12         = 0.0142


Inferred ancestry of individuals:
        Label (%Miss) Pop:  Inferred clusters
  1    BBA_1    (0)    1 :  0.003 0.892 0.008 0.018 0.004 0.010 0.009 0.020 0.010 0.007 0.012 0.008 
  2    BBA_2    (0)    1 :  0.003 0.897 0.010 0.010 0.004 0.011 0.010 0.006 0.005 0.008 0.011 0.025 
  3    BBA_3    (0)    1 :  0.004 0.875 0.022 0.005 0.007 0.009 0.022 0.006 0.021 0.012 0.008 0.008 
  4    BBA_4    (0)    1 :  0.006 0.725 0.012 0.055 0.029 0.010 0.020 0.026 0.015 0.021 0.016 0.065 
  5    BBA_5    (0)    1 :  0.003 0.932 0.006 0.007 0.006 0.008 0.007 0.004 0.008 0.007 0.005 0.007 
  6    BBA_6    (0)    1 :  0.006 0.799 0.007 0.014 0.003 0.024 0.076 0.008 0.019 0.024 0.011 0.011 
  7    BBA_7    (0)    1 :  0.006 0.909 0.008 0.006 0.016 0.007 0.011 0.005 0.008 0.010 0.006 0.009 
  8    BBA_8    (0)    1 :  0.066 0.720 0.022 0.023 0.005 0.037 0.011 0.018 0.056 0.013 0.006 0.023 
  9    BBA_9    (0)    1 :  0.003 0.942 0.004 0.005 0.005 0.005 0.008 0.005 0.007 0.005 0.007 0.004 
 10   BBA_10    (0)    1 :  0.004 0.807 0.011 0.017 0.007 0.013 0.010 0.008 0.087 0.009 0.018 0.010 
 11   BBA_11    (0)    1 :  0.004 0.811 0.012 0.021 0.005 0.010 0.022 0.039 0.010 0.029 0.025 0.011 
 12   BBA_12    (0)    1 :  0.004 0.916 0.009 0.009 0.005 0.008 0.015 0.007 0.008 0.006 0.005 0.009 
 13   BBA_13    (0)    1 :  0.004 0.126 0.141 0.011 0.005 0.013 0.560 0.007 0.070 0.028 0.013 0.021 
 14   BBA_14    (0)    1 :  0.008 0.822 0.013 0.007 0.023 0.029 0.011 0.018 0.023 0.017 0.013 0.017 
 15   BBA_15    (0)    1 :  0.004 0.594 0.014 0.017 0.003 0.113 0.101 0.010 0.053 0.042 0.029 0.019 
 16   BBA_16    (0)    1 :  0.004 0.836 0.008 0.010 0.078 0.006 0.012 0.006 0.012 0.005 0.016 0.007 
 17   BBA_17    (0)    1 :  0.032 0.700 0.008 0.007 0.114 0.008 0.051 0.009 0.017 0.011 0.032 0.011 
 18   BBA_18    (0)    1 :  0.004 0.938 0.007 0.006 0.003 0.006 0.007 0.006 0.005 0.004 0.006 0.007 
 19   BBA_19    (0)    1 :  0.007 0.916 0.009 0.007 0.006 0.009 0.009 0.006 0.011 0.008 0.006 0.007 
 20   BBA_20    (0)    1 :  0.003 0.900 0.012 0.014 0.004 0.010 0.019 0.006 0.008 0.008 0.006 0.009 
 21   BBA_21    (0)    1 :  0.024 0.735 0.009 0.066 0.017 0.017 0.013 0.013 0.045 0.034 0.012 0.017 
 22   BBA_22    (0)    1 :  0.052 0.622 0.011 0.067 0.015 0.017 0.126 0.008 0.022 0.017 0.034 0.011 
 23   BBA_23    (0)    1 :  0.006 0.927 0.005 0.005 0.009 0.011 0.008 0.006 0.005 0.005 0.006 0.007 
 24   BBA_24    (0)    1 :  0.004 0.835 0.020 0.014 0.021 0.012 0.008 0.013 0.017 0.016 0.031 0.009 
 25   BBA_25    (0)    1 :  0.003 0.936 0.009 0.005 0.009 0.006 0.010 0.004 0.004 0.005 0.005 0.005 
 26   BBA_26    (0)    1 :  0.013 0.131 0.038 0.455 0.012 0.086 0.036 0.025 0.037 0.031 0.027 0.109 
 27   BBA_27    (0)    1 :  0.009 0.887 0.006 0.009 0.004 0.012 0.007 0.010 0.024 0.010 0.009 0.013 
 28   BBA_28    (0)    1 :  0.004 0.921 0.007 0.008 0.007 0.010 0.007 0.006 0.007 0.006 0.006 0.011 
 29   BBA_29    (0)    1 :  0.011 0.791 0.031 0.012 0.030 0.017 0.024 0.012 0.032 0.021 0.012 0.009 
 30   BBA_30    (0)    1 :  0.004 0.908 0.006 0.006 0.008 0.015 0.009 0.005 0.008 0.011 0.011 0.009 
 31   BBA_31    (0)    1 :  0.003 0.874 0.011 0.011 0.005 0.015 0.015 0.008 0.016 0.012 0.010 0.020 
 32   BBA_32    (0)    1 :  0.006 0.823 0.043 0.017 0.008 0.018 0.010 0.024 0.011 0.009 0.009 0.022 
 33   BBA_33    (0)    1 :  0.008 0.529 0.121 0.019 0.018 0.025 0.073 0.037 0.093 0.041 0.020 0.016 
 34   BBA_34    (0)    1 :  0.015 0.273 0.426 0.048 0.034 0.035 0.012 0.008 0.026 0.041 0.070 0.013 
 35   BBA_35    (0)    1 :  0.004 0.673 0.112 0.018 0.009 0.056 0.032 0.011 0.013 0.034 0.014 0.024 
 36   BBA_36    (0)    1 :  0.004 0.873 0.005 0.009 0.009 0.012 0.007 0.010 0.033 0.020 0.008 0.010 
 37   BBA_37    (0)    1 :  0.005 0.659 0.010 0.020 0.010 0.037 0.043 0.009 0.118 0.016 0.038 0.035 
 38   BBA_38    (0)    1 :  0.004 0.269 0.025 0.384 0.159 0.025 0.010 0.050 0.019 0.021 0.022 0.012 
 39   BBA_39    (0)    1 :  0.003 0.877 0.013 0.015 0.005 0.009 0.030 0.007 0.008 0.011 0.012 0.011 
 40   BBA_40    (0)    1 :  0.016 0.792 0.008 0.046 0.057 0.019 0.006 0.008 0.013 0.013 0.012 0.011 
 41   BBA_41    (0)    1 :  0.015 0.746 0.012 0.050 0.004 0.033 0.022 0.011 0.050 0.022 0.013 0.022 
 42   BBA_42    (0)    1 :  0.007 0.515 0.028 0.014 0.005 0.078 0.136 0.065 0.050 0.052 0.036 0.012 
 43   BBA_43    (0)    1 :  0.002 0.924 0.007 0.008 0.003 0.008 0.012 0.005 0.006 0.008 0.009 0.008 
 44   BBA_44    (0)    1 :  0.004 0.925 0.007 0.006 0.007 0.009 0.007 0.006 0.009 0.006 0.007 0.006 
 45   BBA_45    (0)    1 :  0.004 0.943 0.004 0.005 0.006 0.009 0.005 0.004 0.006 0.004 0.005 0.005 
 46   BBA_46    (0)    1 :  0.003 0.950 0.004 0.004 0.003 0.006 0.005 0.004 0.006 0.005 0.004 0.005 
 47   BBA_47    (0)    1 :  0.024 0.796 0.014 0.040 0.009 0.011 0.017 0.013 0.016 0.006 0.026 0.030 
 48   BBA_48    (0)    1 :  0.008 0.744 0.009 0.012 0.006 0.113 0.015 0.008 0.013 0.018 0.029 0.024 
 49   BBA_49    (0)    1 :  0.003 0.390 0.079 0.121 0.062 0.021 0.128 0.026 0.084 0.021 0.014 0.049 
 50   BBA_50    (0)    1 :  0.011 0.791 0.031 0.019 0.015 0.032 0.037 0.006 0.009 0.022 0.009 0.019 
 51   BBA_51    (0)    1 :  0.013 0.690 0.022 0.052 0.005 0.013 0.133 0.012 0.009 0.027 0.009 0.015 
 52   BBA_52    (0)    1 :  0.004 0.833 0.012 0.009 0.004 0.022 0.008 0.008 0.044 0.013 0.011 0.030 
 53   BBA_53    (0)    1 :  0.013 0.832 0.009 0.017 0.005 0.013 0.031 0.013 0.016 0.021 0.009 0.022 
 54   BBA_54    (0)    1 :  0.029 0.768 0.049 0.008 0.004 0.018 0.035 0.013 0.018 0.013 0.018 0.030 
 55   BBA_55    (0)    1 :  0.006 0.141 0.101 0.019 0.060 0.221 0.077 0.028 0.036 0.233 0.058 0.023 
 56   BBA_56    (0)    1 :  0.008 0.831 0.017 0.020 0.003 0.013 0.033 0.012 0.029 0.011 0.008 0.014 
 57   BBA_57    (0)    1 :  0.007 0.889 0.010 0.008 0.006 0.011 0.009 0.020 0.012 0.012 0.008 0.009 
 58   BBA_58    (0)    1 :  0.009 0.820 0.012 0.018 0.006 0.017 0.014 0.013 0.014 0.023 0.027 0.026 
 59   BBA_59    (0)    1 :  0.004 0.849 0.011 0.009 0.004 0.015 0.010 0.017 0.040 0.009 0.014 0.019 
 60   BBA_60    (0)    1 :  0.009 0.683 0.014 0.019 0.117 0.055 0.023 0.010 0.025 0.009 0.024 0.012 
 61   BBA_61    (0)    1 :  0.005 0.915 0.005 0.007 0.003 0.006 0.022 0.004 0.009 0.006 0.007 0.011 
 62   BBA_62    (0)    1 :  0.004 0.875 0.007 0.015 0.016 0.011 0.012 0.008 0.026 0.008 0.007 0.010 
 63   BBA_63    (0)    1 :  0.002 0.841 0.024 0.009 0.003 0.015 0.014 0.007 0.024 0.014 0.032 0.014 
 64   BBA_64    (0)    1 :  0.006 0.926 0.006 0.006 0.009 0.009 0.007 0.005 0.005 0.008 0.006 0.006 
 65   BBA_65    (0)    1 :  0.010 0.680 0.027 0.009 0.013 0.021 0.045 0.021 0.050 0.061 0.042 0.020 
 66   BBA_66    (0)    1 :  0.005 0.301 0.013 0.095 0.017 0.038 0.013 0.020 0.010 0.063 0.226 0.198 
 67   BBA_67    (0)    1 :  0.005 0.798 0.047 0.011 0.007 0.015 0.051 0.014 0.010 0.013 0.019 0.009 
 68   BBA_68    (0)    1 :  0.007 0.636 0.038 0.017 0.049 0.009 0.115 0.011 0.007 0.031 0.020 0.061 
 69    BDN_1    (0)    2 :  0.004 0.006 0.258 0.014 0.030 0.038 0.030 0.365 0.125 0.074 0.023 0.033 
 70    BDN_2    (0)    2 :  0.017 0.021 0.042 0.117 0.005 0.221 0.055 0.120 0.080 0.102 0.013 0.207 
 71    BDN_3    (0)    2 :  0.194 0.021 0.048 0.021 0.058 0.049 0.017 0.017 0.046 0.023 0.041 0.467 
 72    BDN_4   (13)    2 :  0.010 0.013 0.021 0.022 0.005 0.022 0.140 0.021 0.049 0.094 0.389 0.215 
 73    BDN_5   (13)    2 :  0.020 0.025 0.020 0.210 0.011 0.024 0.020 0.034 0.088 0.180 0.075 0.291 
 74    BDN_6    (6)    2 :  0.116 0.011 0.066 0.132 0.010 0.259 0.167 0.033 0.029 0.028 0.032 0.118 
 75    BDN_7    (0)    2 :  0.012 0.007 0.013 0.033 0.010 0.306 0.430 0.044 0.027 0.067 0.012 0.038 
 76    BDN_8    (6)    2 :  0.016 0.009 0.022 0.136 0.015 0.421 0.008 0.055 0.115 0.102 0.030 0.072 
 77    BDN_9    (0)    2 :  0.005 0.396 0.053 0.023 0.004 0.020 0.034 0.041 0.024 0.014 0.037 0.349 
 78   BDN_10    (0)    2 :  0.006 0.208 0.068 0.010 0.003 0.019 0.294 0.032 0.016 0.120 0.023 0.202 
 79   BDN_11    (0)    2 :  0.013 0.005 0.045 0.155 0.011 0.058 0.285 0.026 0.239 0.040 0.078 0.046 
 80   BDN_12    (0)    2 :  0.005 0.009 0.020 0.152 0.005 0.098 0.224 0.202 0.066 0.035 0.012 0.172 
 81   BDN_13   (13)    2 :  0.014 0.017 0.020 0.043 0.030 0.017 0.094 0.248 0.032 0.192 0.097 0.197 
 82   BDN_14    (0)    2 :  0.003 0.044 0.059 0.070 0.015 0.102 0.044 0.206 0.060 0.052 0.092 0.253 
 83   BDN_15    (6)    2 :  0.034 0.014 0.012 0.155 0.030 0.063 0.065 0.103 0.324 0.012 0.009 0.179 
 84   BDN_16    (6)    2 :  0.005 0.072 0.021 0.121 0.019 0.062 0.413 0.014 0.049 0.066 0.110 0.048 
 85   BDN_17   (13)    2 :  0.176 0.010 0.019 0.013 0.077 0.010 0.313 0.301 0.022 0.012 0.015 0.031 
 86   BDN_18    (0)    2 :  0.004 0.019 0.013 0.045 0.003 0.042 0.042 0.073 0.153 0.217 0.058 0.334 
 87   BDN_19    (0)    2 :  0.004 0.041 0.220 0.280 0.011 0.009 0.173 0.012 0.041 0.030 0.012 0.168 
 88   BDN_20   (13)    2 :  0.051 0.053 0.016 0.051 0.090 0.062 0.081 0.069 0.215 0.112 0.080 0.120 
 89   BDN_21   (13)    2 :  0.005 0.024 0.183 0.037 0.035 0.013 0.596 0.015 0.025 0.019 0.015 0.032 
 90   BDN_22    (6)    2 :  0.019 0.585 0.068 0.043 0.019 0.031 0.068 0.027 0.064 0.014 0.007 0.055 
 91   BDN_23    (0)    2 :  0.006 0.054 0.032 0.314 0.005 0.012 0.028 0.020 0.480 0.013 0.019 0.018 
 92   BDN_24    (0)    2 :  0.008 0.018 0.026 0.019 0.017 0.081 0.088 0.092 0.155 0.436 0.012 0.049 
 93   BDN_25   (13)    2 :  0.009 0.024 0.028 0.052 0.012 0.179 0.111 0.108 0.378 0.059 0.014 0.024 
 94   BDN_26    (0)    2 :  0.326 0.019 0.041 0.022 0.004 0.011 0.040 0.030 0.480 0.008 0.006 0.014 
 95   BDN_27    (0)    2 :  0.004 0.013 0.023 0.009 0.005 0.019 0.032 0.019 0.083 0.505 0.016 0.272 
 96   BDN_28   (13)    2 :  0.005 0.013 0.029 0.211 0.013 0.103 0.208 0.160 0.033 0.022 0.124 0.080 
 97   BDN_29    (0)    2 :  0.065 0.024 0.026 0.034 0.007 0.014 0.019 0.012 0.615 0.046 0.014 0.125 
 98   BDN_30    (0)    2 :  0.010 0.027 0.015 0.076 0.104 0.010 0.509 0.038 0.012 0.141 0.015 0.042 
 99   BDN_31    (0)    2 :  0.004 0.031 0.036 0.115 0.005 0.027 0.679 0.022 0.024 0.009 0.032 0.015 
100   BDN_32    (0)    2 :  0.008 0.049 0.043 0.016 0.007 0.238 0.014 0.029 0.026 0.013 0.010 0.547 
101   BDN_33    (0)    2 :  0.009 0.007 0.018 0.013 0.014 0.022 0.584 0.025 0.016 0.256 0.005 0.030 
102   BDN_34    (0)    2 :  0.005 0.007 0.011 0.045 0.003 0.026 0.242 0.052 0.029 0.036 0.530 0.014 
103   BDN_35    (0)    2 :  0.003 0.035 0.037 0.021 0.008 0.022 0.020 0.097 0.033 0.494 0.017 0.211 
104   BDN_36    (0)    2 :  0.024 0.028 0.041 0.186 0.005 0.053 0.079 0.022 0.130 0.121 0.013 0.299 
105   BDN_37    (0)    2 :  0.018 0.015 0.084 0.401 0.007 0.022 0.188 0.131 0.046 0.046 0.018 0.023 
106   BDN_38    (0)    2 :  0.432 0.018 0.015 0.132 0.007 0.096 0.016 0.099 0.030 0.123 0.021 0.011 
107   BDN_39    (0)    2 :  0.004 0.024 0.012 0.033 0.004 0.047 0.014 0.698 0.021 0.024 0.035 0.084 
108   BDN_40    (0)    2 :  0.023 0.006 0.015 0.068 0.011 0.020 0.014 0.747 0.044 0.030 0.012 0.011 
109   BDN_41    (0)    2 :  0.040 0.013 0.015 0.090 0.005 0.039 0.045 0.056 0.081 0.020 0.093 0.503 
110   BDN_42   (13)    2 :  0.010 0.013 0.020 0.165 0.003 0.034 0.297 0.034 0.247 0.026 0.073 0.077 
111   BDN_43    (6)    2 :  0.004 0.014 0.083 0.048 0.012 0.133 0.019 0.030 0.092 0.110 0.408 0.047 
112   BDN_44    (0)    2 :  0.005 0.049 0.014 0.148 0.028 0.263 0.044 0.115 0.214 0.036 0.015 0.069 
113   BDN_45    (0)    2 :  0.007 0.010 0.020 0.070 0.019 0.053 0.014 0.099 0.268 0.405 0.020 0.016 
114   BDN_46   (13)    2 :  0.010 0.046 0.218 0.044 0.006 0.170 0.059 0.225 0.009 0.038 0.059 0.118 
115   BDN_47    (0)    2 :  0.010 0.031 0.030 0.086 0.046 0.056 0.019 0.032 0.196 0.040 0.128 0.324 
116   BDN_48    (0)    2 :  0.004 0.022 0.043 0.260 0.005 0.352 0.022 0.043 0.060 0.032 0.082 0.075 
117   BDN_49    (0)    2 :  0.003 0.017 0.053 0.048 0.005 0.102 0.021 0.103 0.472 0.097 0.065 0.014 
118   BDN_50    (0)    2 :  0.005 0.024 0.013 0.032 0.004 0.057 0.062 0.068 0.470 0.043 0.051 0.172 
119   BDN_51    (0)    2 :  0.018 0.025 0.161 0.155 0.003 0.177 0.084 0.164 0.134 0.018 0.019 0.042 
120   BDN_52    (0)    2 :  0.010 0.011 0.012 0.021 0.009 0.051 0.226 0.360 0.106 0.064 0.023 0.106 
121   BDN_53    (0)    2 :  0.004 0.040 0.025 0.061 0.009 0.331 0.048 0.019 0.125 0.126 0.119 0.094 
122   BDN_54   (13)    2 :  0.021 0.677 0.013 0.045 0.008 0.011 0.131 0.016 0.023 0.007 0.014 0.035 
123   BDN_55    (6)    2 :  0.006 0.056 0.015 0.033 0.003 0.285 0.476 0.033 0.016 0.043 0.009 0.025 
124   BDN_56   (13)    2 :  0.003 0.013 0.015 0.038 0.004 0.041 0.018 0.052 0.392 0.332 0.055 0.037 
125   BDN_57    (6)    2 :  0.010 0.024 0.022 0.047 0.073 0.035 0.015 0.022 0.034 0.648 0.014 0.055 
126   BDN_58    (6)    2 :  0.023 0.021 0.363 0.017 0.007 0.077 0.248 0.017 0.034 0.132 0.010 0.050 
127   BDN_59    (6)    2 :  0.021 0.028 0.020 0.022 0.093 0.022 0.058 0.007 0.670 0.035 0.014 0.010 
128   BDN_60    (6)    2 :  0.016 0.011 0.032 0.012 0.033 0.023 0.463 0.010 0.062 0.091 0.037 0.211 
129   BDN_61    (0)    2 :  0.022 0.014 0.102 0.030 0.005 0.167 0.024 0.038 0.182 0.159 0.164 0.092 
130   BDN_62    (0)    2 :  0.004 0.024 0.017 0.029 0.005 0.155 0.139 0.016 0.487 0.034 0.042 0.050 
131   BDN_63    (6)    2 :  0.175 0.036 0.084 0.103 0.015 0.049 0.021 0.206 0.031 0.037 0.027 0.215 
132   BDN_64    (0)    2 :  0.007 0.025 0.060 0.591 0.005 0.016 0.028 0.051 0.084 0.014 0.049 0.070 
133   BDN_65    (0)    2 :  0.026 0.167 0.023 0.052 0.034 0.216 0.032 0.141 0.060 0.039 0.019 0.192 
134   BDN_66   (13)    2 :  0.007 0.052 0.038 0.236 0.005 0.022 0.041 0.027 0.066 0.280 0.072 0.154 
135   BDN_67    (0)    2 :  0.006 0.066 0.022 0.714 0.009 0.058 0.019 0.024 0.006 0.045 0.013 0.018 
136   BDN_68    (6)    2 :  0.026 0.012 0.063 0.129 0.030 0.536 0.029 0.034 0.020 0.038 0.019 0.063 
137   BDN_69    (0)    2 :  0.008 0.010 0.038 0.053 0.006 0.161 0.031 0.055 0.137 0.079 0.021 0.401 
138   BDN_70    (6)    2 :  0.006 0.013 0.023 0.062 0.021 0.041 0.728 0.027 0.015 0.018 0.013 0.033 
139   BDN_71    (6)    2 :  0.008 0.056 0.111 0.023 0.009 0.025 0.036 0.033 0.274 0.218 0.035 0.172 
140   BDN_72    (0)    2 :  0.005 0.026 0.032 0.018 0.005 0.789 0.011 0.014 0.019 0.011 0.028 0.042 
141   BDN_73    (0)    2 :  0.004 0.020 0.010 0.018 0.012 0.554 0.011 0.016 0.018 0.044 0.179 0.113 
142   BDN_74    (0)    2 :  0.010 0.012 0.020 0.503 0.007 0.086 0.087 0.031 0.152 0.024 0.008 0.060 
143   BDN_75    (0)    2 :  0.027 0.016 0.039 0.009 0.019 0.026 0.041 0.071 0.048 0.374 0.037 0.294 
144   BDN_76    (0)    2 :  0.005 0.088 0.020 0.171 0.021 0.071 0.295 0.124 0.011 0.014 0.048 0.131 
145   BDNB_1    (0)    3 :  0.039 0.007 0.008 0.014 0.004 0.020 0.021 0.829 0.020 0.010 0.014 0.013 
146   BDNB_2    (0)    3 :  0.008 0.023 0.072 0.035 0.009 0.164 0.254 0.108 0.022 0.186 0.036 0.084 
147   BDNB_3    (0)    3 :  0.022 0.046 0.018 0.010 0.007 0.116 0.012 0.018 0.028 0.695 0.007 0.020 
148   BDNB_4    (0)    3 :  0.014 0.008 0.081 0.038 0.005 0.070 0.046 0.454 0.056 0.051 0.033 0.145 
149   BDNB_5    (0)    3 :  0.015 0.028 0.014 0.011 0.003 0.018 0.407 0.009 0.022 0.011 0.055 0.407 
150   BDNB_6    (0)    3 :  0.044 0.139 0.031 0.043 0.012 0.040 0.259 0.062 0.127 0.046 0.013 0.184 
151   BDNB_7    (0)    3 :  0.003 0.008 0.862 0.013 0.027 0.012 0.016 0.015 0.008 0.011 0.012 0.012 
152   BDNB_8    (0)    3 :  0.028 0.022 0.010 0.352 0.033 0.077 0.049 0.088 0.192 0.039 0.012 0.098 
153   BDNB_9    (0)    3 :  0.006 0.007 0.009 0.006 0.007 0.013 0.901 0.009 0.008 0.016 0.008 0.012 
154  BDNB_10    (0)    3 :  0.016 0.050 0.016 0.041 0.004 0.034 0.699 0.018 0.028 0.053 0.013 0.027 
155  BDNB_11    (0)    3 :  0.005 0.010 0.065 0.014 0.005 0.023 0.031 0.017 0.009 0.014 0.020 0.788 
156  BDNB_12    (0)    3 :  0.004 0.007 0.023 0.009 0.005 0.021 0.025 0.010 0.013 0.023 0.015 0.846 
157  BDNB_13    (0)    3 :  0.005 0.035 0.040 0.166 0.007 0.022 0.261 0.035 0.096 0.149 0.082 0.101 
158  BDNB_14    (0)    3 :  0.005 0.309 0.020 0.258 0.011 0.019 0.143 0.045 0.134 0.034 0.008 0.015 
159  BDNB_15    (0)    3 :  0.004 0.006 0.007 0.015 0.004 0.892 0.006 0.007 0.023 0.011 0.010 0.014 
160  BDNB_16    (0)    3 :  0.005 0.498 0.036 0.048 0.014 0.107 0.051 0.034 0.039 0.044 0.028 0.096 
161  BDNB_17    (6)    3 :  0.005 0.024 0.199 0.040 0.103 0.049 0.129 0.048 0.017 0.047 0.016 0.323 
162  BDNB_18    (0)    3 :  0.017 0.028 0.012 0.079 0.029 0.020 0.053 0.044 0.015 0.024 0.033 0.646 
163  BDNB_19    (0)    3 :  0.005 0.018 0.082 0.017 0.007 0.016 0.038 0.023 0.011 0.011 0.036 0.734 
164  BDNB_20    (0)    3 :  0.012 0.057 0.012 0.015 0.032 0.026 0.697 0.013 0.039 0.017 0.050 0.030 
165  BDNB_21    (0)    3 :  0.005 0.005 0.010 0.136 0.012 0.010 0.009 0.010 0.764 0.011 0.011 0.017 
166  BDNB_22    (0)    3 :  0.004 0.019 0.007 0.060 0.009 0.012 0.021 0.018 0.013 0.014 0.084 0.737 
167  BDNB_23    (0)    3 :  0.004 0.007 0.037 0.013 0.005 0.023 0.010 0.015 0.806 0.056 0.011 0.013 
168  BDNB_24    (0)    3 :  0.006 0.148 0.060 0.013 0.005 0.022 0.138 0.043 0.161 0.040 0.288 0.076 
169  BDNB_25    (0)    3 :  0.013 0.018 0.154 0.034 0.005 0.063 0.115 0.231 0.242 0.061 0.016 0.049 
170  BDNB_26    (0)    3 :  0.010 0.013 0.017 0.010 0.005 0.407 0.168 0.039 0.063 0.060 0.037 0.170 
171  BDNB_27    (0)    3 :  0.008 0.059 0.009 0.024 0.003 0.019 0.047 0.107 0.123 0.077 0.012 0.513 
172  BDNB_28    (0)    3 :  0.006 0.077 0.095 0.020 0.023 0.054 0.312 0.059 0.041 0.026 0.178 0.109 
173  BDNB_29    (0)    3 :  0.217 0.039 0.021 0.022 0.016 0.387 0.077 0.034 0.058 0.065 0.013 0.048 
174  BDNB_30    (0)    3 :  0.040 0.309 0.048 0.013 0.042 0.029 0.299 0.009 0.037 0.042 0.084 0.048 
175  BDNB_31    (0)    3 :  0.003 0.062 0.014 0.586 0.016 0.027 0.082 0.020 0.033 0.067 0.050 0.040 
176  BDNB_32    (0)    3 :  0.003 0.011 0.025 0.056 0.008 0.012 0.479 0.039 0.321 0.013 0.021 0.012 
177  BDNB_33    (0)    3 :  0.005 0.163 0.031 0.148 0.035 0.032 0.437 0.028 0.047 0.036 0.012 0.027 
178  BDNB_34    (0)    3 :  0.006 0.059 0.023 0.050 0.004 0.026 0.362 0.068 0.224 0.039 0.026 0.112 
179  BDNB_35    (0)    3 :  0.006 0.012 0.007 0.100 0.002 0.023 0.757 0.012 0.033 0.011 0.018 0.019 
180  BDNB_36    (0)    3 :  0.060 0.271 0.052 0.068 0.006 0.084 0.101 0.015 0.133 0.062 0.139 0.011 
181  BDNB_37    (0)    3 :  0.229 0.005 0.005 0.012 0.005 0.050 0.239 0.045 0.012 0.377 0.007 0.013 
182  BDNB_38    (0)    3 :  0.008 0.028 0.025 0.023 0.051 0.020 0.086 0.017 0.159 0.018 0.023 0.542 
183  BDNB_39    (0)    3 :  0.023 0.014 0.014 0.012 0.019 0.126 0.015 0.018 0.678 0.029 0.015 0.037 
184  BDNB_40    (0)    3 :  0.024 0.011 0.129 0.044 0.017 0.014 0.347 0.016 0.063 0.016 0.011 0.307 
185  BDNB_41    (0)    3 :  0.021 0.013 0.034 0.015 0.009 0.007 0.027 0.021 0.010 0.016 0.016 0.809 
186  BDNB_42    (0)    3 :  0.005 0.023 0.008 0.037 0.008 0.015 0.010 0.009 0.080 0.009 0.057 0.738 
187  BDNB_43    (0)    3 :  0.013 0.023 0.095 0.016 0.008 0.020 0.026 0.026 0.061 0.020 0.080 0.612 
188  BDNB_44    (0)    3 :  0.006 0.026 0.050 0.014 0.008 0.036 0.575 0.042 0.030 0.079 0.065 0.069 
189  BDNB_45    (0)    3 :  0.053 0.023 0.015 0.062 0.021 0.017 0.687 0.018 0.038 0.017 0.037 0.013 
190  BDNB_46    (0)    3 :  0.021 0.028 0.018 0.040 0.003 0.011 0.755 0.009 0.016 0.022 0.054 0.024 
191  BDNB_47    (0)    3 :  0.007 0.010 0.016 0.069 0.006 0.017 0.802 0.009 0.009 0.014 0.012 0.028 
192  BDNB_48    (0)    3 :  0.059 0.022 0.013 0.070 0.004 0.011 0.098 0.021 0.386 0.039 0.029 0.250 
193  BDNB_49    (0)    3 :  0.012 0.026 0.028 0.040 0.015 0.103 0.015 0.038 0.030 0.011 0.027 0.654 
194  BDNB_50    (0)    3 :  0.006 0.011 0.011 0.020 0.006 0.012 0.010 0.013 0.076 0.009 0.012 0.814 
195  BDNB_51    (0)    3 :  0.005 0.009 0.014 0.728 0.022 0.019 0.121 0.026 0.010 0.010 0.008 0.027 
196  BDNB_52    (0)    3 :  0.004 0.008 0.019 0.028 0.006 0.133 0.111 0.018 0.060 0.575 0.014 0.024 
197  BDNB_53    (0)    3 :  0.005 0.040 0.012 0.115 0.077 0.034 0.069 0.061 0.021 0.020 0.039 0.505 
198  BDNB_54    (0)    3 :  0.003 0.008 0.023 0.007 0.017 0.010 0.038 0.021 0.104 0.065 0.015 0.690 
199  BDNB_55    (0)    3 :  0.009 0.118 0.045 0.029 0.003 0.016 0.035 0.026 0.466 0.038 0.014 0.202 
200  BDNB_56    (6)    3 :  0.006 0.016 0.641 0.034 0.013 0.032 0.107 0.036 0.011 0.064 0.008 0.032 
201  BDNB_57    (0)    3 :  0.024 0.455 0.015 0.088 0.005 0.011 0.225 0.011 0.090 0.020 0.012 0.045 
202  BDNB_58    (0)    3 :  0.005 0.011 0.012 0.353 0.003 0.012 0.440 0.031 0.070 0.032 0.014 0.018 
203  BDNB_59    (0)    3 :  0.081 0.039 0.033 0.103 0.005 0.049 0.146 0.033 0.204 0.062 0.121 0.124 
204  BDNB_60    (0)    3 :  0.006 0.033 0.006 0.032 0.011 0.012 0.012 0.017 0.016 0.007 0.049 0.800 
205  BDNB_61    (0)    3 :  0.004 0.026 0.051 0.041 0.004 0.007 0.391 0.106 0.118 0.015 0.139 0.098 
206  BDNB_62    (0)    3 :  0.024 0.010 0.015 0.009 0.004 0.193 0.067 0.014 0.062 0.399 0.010 0.194 
207  BDNB_63    (0)    3 :  0.005 0.022 0.013 0.032 0.003 0.005 0.205 0.102 0.009 0.015 0.015 0.573 
208  BDNB_64    (6)    3 :  0.009 0.019 0.025 0.048 0.005 0.015 0.079 0.062 0.019 0.011 0.074 0.635 
209  BDNB_65    (0)    3 :  0.005 0.010 0.012 0.011 0.003 0.007 0.782 0.018 0.036 0.015 0.074 0.027 
210  BDNB_66    (0)    3 :  0.006 0.016 0.033 0.017 0.009 0.011 0.025 0.013 0.007 0.012 0.017 0.834 
211  BDNB_67    (0)    3 :  0.017 0.009 0.391 0.014 0.008 0.022 0.049 0.051 0.008 0.375 0.028 0.028 
212  BDNB_68    (0)    3 :  0.013 0.039 0.096 0.038 0.004 0.048 0.383 0.107 0.106 0.036 0.108 0.021 
213  BDNB_69    (0)    3 :  0.004 0.013 0.134 0.122 0.004 0.024 0.386 0.047 0.075 0.052 0.086 0.052 
214  BDNB_70    (0)    3 :  0.018 0.017 0.013 0.010 0.005 0.006 0.023 0.068 0.011 0.029 0.173 0.627 
215  BDNB_71    (0)    3 :  0.009 0.138 0.018 0.018 0.006 0.034 0.113 0.199 0.116 0.094 0.095 0.161 
216  BDNB_72    (0)    3 :  0.003 0.014 0.011 0.036 0.010 0.055 0.500 0.041 0.038 0.029 0.121 0.141 
217  BDNB_73    (0)    3 :  0.003 0.016 0.297 0.014 0.004 0.031 0.024 0.108 0.078 0.032 0.026 0.367 
218  BDNB_74    (0)    3 :  0.004 0.018 0.046 0.016 0.010 0.013 0.029 0.008 0.007 0.009 0.016 0.825 
219  BDNB_75    (0)    3 :  0.006 0.008 0.015 0.025 0.029 0.010 0.011 0.025 0.784 0.033 0.026 0.028 
220    BSB_1    (0)    4 :  0.013 0.146 0.066 0.032 0.013 0.277 0.160 0.020 0.075 0.166 0.018 0.014 
221    BSB_2    (0)    4 :  0.007 0.290 0.009 0.068 0.006 0.012 0.529 0.018 0.008 0.017 0.024 0.012 
222    BSB_3    (0)    4 :  0.004 0.011 0.165 0.029 0.014 0.010 0.037 0.007 0.021 0.138 0.527 0.036 
223    BSB_4    (0)    4 :  0.006 0.622 0.019 0.022 0.007 0.008 0.083 0.030 0.095 0.019 0.011 0.081 
224    BSB_5    (0)    4 :  0.015 0.695 0.055 0.039 0.005 0.014 0.054 0.014 0.022 0.016 0.053 0.017 
225    BSB_6    (0)    4 :  0.006 0.842 0.023 0.012 0.009 0.012 0.011 0.016 0.010 0.032 0.015 0.013 
226    BSB_7   (33)    4 :  0.264 0.143 0.036 0.022 0.033 0.054 0.202 0.029 0.034 0.058 0.018 0.106 
227    BSB_8    (0)    4 :  0.007 0.042 0.038 0.358 0.233 0.085 0.029 0.013 0.069 0.035 0.028 0.062 
228    BSB_9    (0)    4 :  0.005 0.050 0.030 0.119 0.008 0.029 0.032 0.014 0.024 0.008 0.489 0.191 
229   BSB_10    (0)    4 :  0.023 0.028 0.157 0.015 0.005 0.015 0.638 0.016 0.035 0.018 0.034 0.015 
230   BSB_11    (0)    4 :  0.005 0.146 0.207 0.070 0.247 0.014 0.039 0.009 0.043 0.136 0.064 0.020 
231   BSB_12    (0)    4 :  0.026 0.052 0.059 0.034 0.092 0.088 0.318 0.009 0.224 0.025 0.055 0.018 
232   BSB_13    (0)    4 :  0.033 0.031 0.456 0.019 0.006 0.017 0.323 0.037 0.013 0.017 0.012 0.036 
233   BSB_14    (0)    4 :  0.013 0.071 0.042 0.016 0.007 0.013 0.737 0.030 0.010 0.014 0.024 0.024 
234   BSB_15    (0)    4 :  0.061 0.170 0.133 0.105 0.032 0.064 0.089 0.011 0.293 0.014 0.005 0.021 
235   BSB_16    (6)    4 :  0.007 0.418 0.018 0.071 0.004 0.018 0.179 0.036 0.080 0.030 0.058 0.079 
236   BSB_17    (0)    4 :  0.004 0.097 0.010 0.013 0.011 0.008 0.790 0.020 0.009 0.023 0.007 0.008 
237   BSB_18    (0)    4 :  0.004 0.075 0.638 0.096 0.047 0.007 0.009 0.008 0.012 0.013 0.027 0.064 
238   BSB_19    (0)    4 :  0.030 0.396 0.029 0.014 0.008 0.007 0.025 0.014 0.417 0.040 0.007 0.012 
239   BSB_20    (0)    4 :  0.006 0.254 0.162 0.157 0.060 0.047 0.050 0.074 0.017 0.115 0.005 0.051 
240   BSB_21    (0)    4 :  0.004 0.061 0.375 0.014 0.006 0.044 0.436 0.017 0.007 0.016 0.010 0.011 
241   BSB_22    (0)    4 :  0.004 0.037 0.169 0.061 0.010 0.026 0.031 0.010 0.009 0.051 0.562 0.029 
242   BSB_23    (0)    4 :  0.009 0.473 0.140 0.018 0.019 0.010 0.115 0.029 0.042 0.018 0.089 0.039 
243   BSB_24    (0)    4 :  0.004 0.634 0.088 0.017 0.053 0.009 0.152 0.008 0.012 0.006 0.010 0.007 
244   BSB_25    (0)    4 :  0.006 0.693 0.041 0.020 0.026 0.012 0.057 0.014 0.022 0.012 0.070 0.028 
245   BSB_26    (0)    4 :  0.005 0.616 0.111 0.023 0.009 0.023 0.099 0.023 0.013 0.019 0.026 0.031 
246   BSB_27    (0)    4 :  0.003 0.159 0.503 0.043 0.008 0.027 0.056 0.034 0.084 0.038 0.010 0.035 
247   BSB_28    (0)    4 :  0.036 0.025 0.015 0.108 0.015 0.009 0.154 0.026 0.010 0.010 0.366 0.226 
248   BSB_29    (0)    4 :  0.060 0.714 0.077 0.049 0.010 0.011 0.024 0.008 0.006 0.017 0.015 0.010 
249   BSB_30    (0)    4 :  0.005 0.194 0.032 0.192 0.008 0.029 0.232 0.032 0.015 0.010 0.112 0.138 
250   BSB_31    (0)    4 :  0.026 0.015 0.118 0.033 0.008 0.025 0.013 0.029 0.102 0.532 0.020 0.078 
251   BSB_32    (0)    4 :  0.005 0.863 0.011 0.016 0.004 0.020 0.020 0.019 0.007 0.007 0.011 0.016 
252   BSB_33    (0)    4 :  0.009 0.113 0.448 0.041 0.013 0.072 0.059 0.011 0.033 0.080 0.023 0.099 
253   BSB_34    (0)    4 :  0.013 0.524 0.108 0.029 0.016 0.034 0.049 0.030 0.026 0.071 0.017 0.082 
254   BSB_35    (0)    4 :  0.006 0.895 0.006 0.016 0.003 0.007 0.014 0.008 0.014 0.009 0.013 0.010 
255   BSB_36    (0)    4 :  0.020 0.284 0.144 0.270 0.012 0.015 0.048 0.026 0.132 0.023 0.009 0.017 
256   BSB_37    (0)    4 :  0.004 0.575 0.045 0.048 0.013 0.030 0.122 0.068 0.007 0.058 0.017 0.012 
257   BSB_38   (60)    4 :  0.004 0.005 0.054 0.006 0.011 0.036 0.005 0.783 0.066 0.008 0.011 0.012 
258   BSB_39    (0)    4 :  0.034 0.026 0.023 0.012 0.064 0.105 0.056 0.035 0.262 0.024 0.020 0.339 
259   BSB_40    (0)    4 :  0.007 0.393 0.036 0.029 0.004 0.312 0.013 0.011 0.097 0.047 0.013 0.039 
260   BSB_41    (0)    4 :  0.150 0.052 0.035 0.048 0.011 0.019 0.459 0.046 0.039 0.039 0.067 0.036 
261   BSB_42    (0)    4 :  0.030 0.238 0.111 0.253 0.093 0.101 0.035 0.021 0.030 0.058 0.017 0.013 
262   BSB_43    (0)    4 :  0.009 0.107 0.704 0.007 0.006 0.028 0.041 0.008 0.022 0.052 0.007 0.009 
263   BSB_44    (0)    4 :  0.086 0.314 0.036 0.012 0.057 0.021 0.025 0.016 0.014 0.126 0.249 0.046 
264   BSB_45    (0)    4 :  0.003 0.047 0.030 0.051 0.009 0.031 0.586 0.015 0.076 0.099 0.017 0.037 
265   BSB_46    (0)    4 :  0.014 0.077 0.038 0.016 0.039 0.034 0.676 0.025 0.025 0.014 0.020 0.023 
266   BSB_47    (0)    4 :  0.013 0.557 0.024 0.081 0.059 0.023 0.069 0.053 0.029 0.035 0.009 0.049 
267   BSB_48    (0)    4 :  0.013 0.063 0.041 0.379 0.006 0.073 0.059 0.026 0.229 0.065 0.012 0.033 
268   BSB_49    (0)    4 :  0.018 0.125 0.176 0.022 0.006 0.230 0.019 0.007 0.032 0.340 0.009 0.015 
269   BSB_50   (60)    4 :  0.004 0.004 0.005 0.005 0.004 0.008 0.004 0.931 0.004 0.020 0.005 0.005 
270   BSB_51    (0)    4 :  0.008 0.046 0.281 0.188 0.007 0.127 0.080 0.020 0.096 0.092 0.017 0.039 
271   BSB_52    (0)    4 :  0.005 0.151 0.168 0.098 0.009 0.014 0.395 0.028 0.016 0.014 0.076 0.027 
272   BSB_53    (0)    4 :  0.020 0.230 0.016 0.033 0.006 0.009 0.580 0.022 0.015 0.019 0.012 0.039 
273   BSB_54    (0)    4 :  0.012 0.016 0.011 0.081 0.006 0.023 0.788 0.011 0.013 0.012 0.006 0.020 
274   BSB_55    (0)    4 :  0.009 0.071 0.206 0.024 0.012 0.070 0.134 0.032 0.032 0.020 0.345 0.046 
275   BSB_56    (0)    4 :  0.062 0.042 0.050 0.043 0.003 0.020 0.366 0.167 0.021 0.029 0.111 0.084 
276   BSB_57    (0)    4 :  0.006 0.026 0.078 0.144 0.499 0.024 0.014 0.026 0.008 0.012 0.068 0.095 
277   BSB_58    (0)    4 :  0.005 0.019 0.051 0.238 0.010 0.041 0.119 0.065 0.211 0.024 0.066 0.151 
278   BSB_59    (0)    4 :  0.062 0.598 0.015 0.023 0.054 0.033 0.069 0.036 0.023 0.014 0.021 0.052 
279   BSB_60   (60)    4 :  0.005 0.005 0.004 0.005 0.004 0.005 0.004 0.949 0.005 0.005 0.004 0.005 
280   BSB_61    (0)    4 :  0.115 0.498 0.163 0.030 0.008 0.025 0.027 0.035 0.019 0.017 0.011 0.051 
281   BSB_62    (0)    4 :  0.003 0.064 0.795 0.018 0.007 0.009 0.015 0.021 0.007 0.025 0.018 0.016 
282   BSB_63    (0)    4 :  0.005 0.213 0.138 0.102 0.012 0.007 0.306 0.022 0.009 0.012 0.162 0.013 
283   BSB_64    (0)    4 :  0.097 0.477 0.026 0.029 0.046 0.014 0.085 0.029 0.035 0.035 0.052 0.075 
284   BSB_65    (0)    4 :  0.027 0.146 0.439 0.069 0.038 0.040 0.073 0.012 0.024 0.040 0.062 0.030 
285   BSB_66    (0)    4 :  0.019 0.245 0.135 0.137 0.019 0.073 0.088 0.055 0.155 0.052 0.005 0.018 
286   BSB_67    (0)    4 :  0.026 0.077 0.269 0.078 0.007 0.012 0.085 0.027 0.037 0.153 0.014 0.215 
287   BSB_68    (0)    4 :  0.054 0.017 0.010 0.028 0.004 0.011 0.045 0.011 0.731 0.016 0.060 0.013 
288   BSB_69    (0)    4 :  0.003 0.008 0.020 0.239 0.011 0.034 0.028 0.329 0.033 0.119 0.142 0.036 
289   BSB_70    (0)    4 :  0.012 0.012 0.012 0.069 0.005 0.014 0.562 0.051 0.013 0.029 0.195 0.029 
290   BSB_71    (0)    4 :  0.008 0.532 0.117 0.009 0.003 0.009 0.165 0.079 0.008 0.033 0.025 0.012 
291   BSB_72    (0)    4 :  0.052 0.026 0.207 0.235 0.022 0.018 0.021 0.215 0.020 0.033 0.013 0.139 
