

----------------------------------------------------
STRUCTURE by Pritchard, Stephens and Donnelly (2000)
     and Falush, Stephens and Pritchard (2003)
       Code by Pritchard, Falush and Hubisz
             Version 2.3.4 (Jul 2012)
----------------------------------------------------



Command line arguments:   structure -m /global/home/hpc3579/salmon/mainparamsnewfoundlandfiles/mainparamsnewfoundland14 -e /global/home/hpc3579/salmon/extraparams_newfoundlandfile -K 14 
Input File:    /global/home/hpc3579/salmon/NewfoundlandStruc.txt

Run parameters:
   5235 individuals
   15 loci
   14 populations assumed
   100000 Burn-in period
   1000000 Reps


--------------------------------------------
Proportion of membership of each pre-defined
 population in each of the 14 clusters

Given    Inferred Clusters                                                                                    Number of
 Pop       1      2      3      4      5      6      7      8      9     10     11     12     13     14      Individuals

  1:     0.014  0.017  0.016  0.776  0.016  0.011  0.022  0.021  0.014  0.011  0.012  0.019  0.013  0.037       68
  2:     0.034  0.061  0.078  0.039  0.089  0.084  0.092  0.034  0.146  0.093  0.029  0.137  0.045  0.037       76
  3:     0.021  0.120  0.053  0.058  0.087  0.086  0.083  0.033  0.071  0.118  0.032  0.159  0.048  0.032       75
  4:     0.036  0.098  0.034  0.262  0.047  0.032  0.068  0.047  0.047  0.048  0.086  0.065  0.064  0.067       78
  5:     0.018  0.028  0.521  0.026  0.026  0.040  0.047  0.053  0.069  0.046  0.024  0.052  0.026  0.024       80
  6:     0.017  0.027  0.040  0.025  0.613  0.027  0.026  0.021  0.044  0.029  0.014  0.055  0.042  0.021       77
  7:     0.015  0.024  0.037  0.018  0.716  0.020  0.020  0.022  0.024  0.020  0.009  0.043  0.016  0.017       99
  8:     0.028  0.050  0.291  0.046  0.038  0.064  0.078  0.064  0.180  0.026  0.021  0.064  0.024  0.026       78
  9:     0.022  0.039  0.035  0.025  0.086  0.034  0.020  0.036  0.045  0.530  0.016  0.054  0.030  0.030       74
 10:     0.014  0.026  0.018  0.032  0.023  0.024  0.721  0.029  0.025  0.015  0.011  0.026  0.018  0.019      100
 11:     0.040  0.083  0.052  0.173  0.026  0.028  0.331  0.051  0.061  0.035  0.024  0.036  0.028  0.029      100
 12:     0.025  0.040  0.432  0.027  0.059  0.038  0.056  0.082  0.060  0.048  0.019  0.062  0.033  0.019       75
 13:     0.011  0.034  0.460  0.026  0.055  0.063  0.049  0.057  0.062  0.057  0.024  0.049  0.028  0.024       77
 14:     0.031  0.049  0.415  0.030  0.046  0.050  0.050  0.073  0.068  0.034  0.029  0.060  0.037  0.028       82
 15:     0.017  0.038  0.520  0.031  0.022  0.047  0.037  0.042  0.054  0.038  0.020  0.088  0.029  0.016       75
 16:     0.025  0.102  0.052  0.045  0.120  0.070  0.132  0.039  0.085  0.157  0.025  0.082  0.037  0.029       56
 17:     0.015  0.043  0.510  0.021  0.035  0.058  0.036  0.058  0.044  0.054  0.012  0.071  0.029  0.014       70
 18:     0.019  0.042  0.024  0.014  0.718  0.019  0.017  0.018  0.031  0.023  0.014  0.026  0.022  0.013       82
 19:     0.016  0.033  0.023  0.637  0.016  0.025  0.040  0.029  0.018  0.022  0.024  0.028  0.019  0.070       75
 20:     0.017  0.029  0.059  0.303  0.024  0.035  0.305  0.051  0.028  0.029  0.018  0.038  0.026  0.039       57
 21:     0.013  0.013  0.014  0.028  0.015  0.014  0.015  0.014  0.014  0.013  0.034  0.016  0.012  0.785      111
 22:     0.062  0.054  0.055  0.155  0.035  0.033  0.074  0.081  0.053  0.025  0.210  0.039  0.046  0.079       88
 23:     0.028  0.078  0.043  0.027  0.051  0.030  0.053  0.042  0.045  0.045  0.016  0.463  0.040  0.038       69
 24:     0.009  0.013  0.095  0.008  0.025  0.023  0.012  0.030  0.077  0.014  0.007  0.658  0.014  0.014       75
 25:     0.013  0.034  0.035  0.530  0.029  0.040  0.068  0.034  0.037  0.038  0.024  0.033  0.025  0.061      100
 26:     0.012  0.017  0.053  0.013  0.538  0.018  0.096  0.048  0.059  0.026  0.024  0.043  0.032  0.020       76
 27:     0.017  0.063  0.035  0.467  0.034  0.058  0.073  0.033  0.037  0.028  0.045  0.034  0.038  0.037       84
 28:     0.013  0.020  0.026  0.512  0.018  0.042  0.045  0.040  0.029  0.017  0.068  0.046  0.041  0.082       74
 29:     0.008  0.010  0.007  0.028  0.009  0.037  0.008  0.007  0.009  0.007  0.828  0.012  0.009  0.022       51
 30:     0.022  0.024  0.026  0.044  0.022  0.016  0.021  0.018  0.016  0.021  0.022  0.021  0.017  0.709       75
 31:     0.854  0.011  0.014  0.012  0.010  0.011  0.012  0.010  0.012  0.010  0.008  0.016  0.010  0.010       71
 32:     0.030  0.057  0.417  0.038  0.070  0.058  0.040  0.074  0.059  0.048  0.016  0.032  0.044  0.016       66
 33:     0.015  0.055  0.036  0.022  0.041  0.029  0.037  0.031  0.064  0.043  0.032  0.069  0.505  0.022       81
 34:     0.021  0.374  0.043  0.032  0.047  0.050  0.078  0.045  0.069  0.040  0.019  0.099  0.041  0.041       50
 35:     0.015  0.037  0.101  0.021  0.060  0.298  0.052  0.072  0.133  0.085  0.011  0.076  0.019  0.019       50
 36:     0.013  0.018  0.026  0.014  0.020  0.022  0.029  0.748  0.028  0.021  0.010  0.026  0.015  0.010      100
 37:     0.017  0.059  0.032  0.029  0.025  0.033  0.032  0.027  0.036  0.029  0.017  0.037  0.613  0.016       94
 38:     0.013  0.025  0.020  0.016  0.020  0.018  0.018  0.022  0.724  0.046  0.016  0.026  0.025  0.011      100
 39:     0.017  0.327  0.072  0.038  0.051  0.076  0.088  0.045  0.062  0.044  0.014  0.066  0.073  0.025       50
 40:     0.023  0.051  0.103  0.039  0.057  0.162  0.063  0.141  0.135  0.088  0.016  0.047  0.040  0.036       98
 41:     0.030  0.018  0.017  0.025  0.018  0.703  0.020  0.040  0.024  0.021  0.014  0.041  0.015  0.013       50
 42:     0.010  0.028  0.017  0.021  0.014  0.020  0.026  0.012  0.014  0.015  0.012  0.011  0.790  0.010       99
 43:     0.020  0.036  0.102  0.031  0.062  0.146  0.062  0.079  0.221  0.070  0.018  0.079  0.042  0.033       99
 44:     0.022  0.316  0.055  0.031  0.038  0.122  0.066  0.054  0.061  0.071  0.024  0.072  0.044  0.024      100
 45:     0.017  0.216  0.086  0.036  0.034  0.067  0.145  0.061  0.129  0.050  0.019  0.060  0.068  0.014       48
 46:     0.008  0.036  0.040  0.039  0.034  0.034  0.046  0.026  0.071  0.033  0.016  0.031  0.571  0.017       28
 47:     0.036  0.245  0.059  0.034  0.038  0.033  0.078  0.092  0.108  0.055  0.012  0.115  0.051  0.046       50
 48:     0.016  0.537  0.027  0.022  0.054  0.019  0.054  0.020  0.032  0.042  0.013  0.080  0.065  0.017      100
 49:     0.024  0.326  0.072  0.025  0.051  0.114  0.068  0.039  0.044  0.089  0.026  0.061  0.045  0.015       50
 50:     0.015  0.026  0.056  0.018  0.037  0.040  0.028  0.029  0.103  0.030  0.016  0.044  0.531  0.026       41
 51:     0.024  0.288  0.065  0.035  0.059  0.099  0.063  0.042  0.085  0.080  0.018  0.065  0.047  0.030       50
 52:     0.012  0.017  0.017  0.015  0.023  0.728  0.023  0.023  0.045  0.039  0.010  0.019  0.015  0.015      100
 53:     0.016  0.021  0.050  0.026  0.040  0.047  0.024  0.629  0.037  0.022  0.013  0.026  0.022  0.027       98
 54:     0.023  0.131  0.045  0.027  0.059  0.045  0.047  0.116  0.161  0.091  0.024  0.095  0.103  0.034      100
 55:     0.874  0.009  0.009  0.011  0.009  0.010  0.010  0.010  0.013  0.007  0.011  0.009  0.009  0.009       95
 56:     0.010  0.026  0.075  0.036  0.035  0.267  0.074  0.076  0.056  0.261  0.015  0.020  0.022  0.027       50
 57:     0.019  0.200  0.056  0.126  0.057  0.058  0.098  0.045  0.059  0.066  0.034  0.073  0.061  0.047       70
 58:     0.017  0.057  0.048  0.022  0.035  0.026  0.036  0.060  0.046  0.034  0.026  0.049  0.524  0.019      100
 59:     0.014  0.275  0.050  0.038  0.047  0.120  0.083  0.055  0.062  0.078  0.019  0.087  0.041  0.030       50
 60:     0.006  0.011  0.012  0.012  0.009  0.016  0.012  0.010  0.014  0.856  0.010  0.014  0.011  0.007       50
 61:     0.023  0.096  0.088  0.030  0.027  0.100  0.102  0.094  0.220  0.075  0.015  0.052  0.047  0.032      100
 62:     0.021  0.020  0.026  0.016  0.020  0.033  0.019  0.033  0.088  0.027  0.017  0.036  0.631  0.013       41
 63:     0.015  0.056  0.035  0.023  0.034  0.038  0.041  0.041  0.055  0.055  0.029  0.047  0.515  0.016      100
 64:     0.016  0.066  0.034  0.019  0.016  0.052  0.056  0.057  0.094  0.486  0.020  0.033  0.032  0.019       50
 65:     0.023  0.036  0.074  0.025  0.031  0.046  0.028  0.048  0.051  0.032  0.025  0.062  0.482  0.038      100
 66:     0.034  0.451  0.045  0.027  0.049  0.040  0.046  0.041  0.064  0.042  0.037  0.066  0.047  0.012       49
 67:     0.035  0.211  0.069  0.039  0.073  0.079  0.074  0.051  0.070  0.086  0.021  0.093  0.072  0.026      100
 68:     0.014  0.075  0.039  0.036  0.033  0.225  0.083  0.050  0.203  0.059  0.028  0.035  0.095  0.025       50
 69:     0.013  0.046  0.043  0.017  0.023  0.051  0.055  0.030  0.074  0.543  0.018  0.041  0.030  0.017      100
--------------------------------------------

Allele-freq. divergence among pops (Net nucleotide distance),
computed using point estimates of P.

      1       2       3       4       5       6       7       8       9      10      11      12      13      14      
 1      -    0.0692  0.0624  0.0705  0.0709  0.0672  0.0651  0.0595  0.0634  0.0740  0.0810  0.0632  0.0814  0.0711  
 2   0.0692     -    0.0252  0.0399  0.0289  0.0245  0.0187  0.0285  0.0239  0.0281  0.0484  0.0211  0.0253  0.0445  
 3   0.0624  0.0252     -    0.0350  0.0203  0.0235  0.0179  0.0165  0.0155  0.0193  0.0467  0.0186  0.0323  0.0426  
 4   0.0705  0.0399  0.0350     -    0.0489  0.0360  0.0264  0.0417  0.0403  0.0391  0.0610  0.0371  0.0546  0.0243  
 5   0.0709  0.0289  0.0203  0.0489     -    0.0323  0.0270  0.0243  0.0206  0.0311  0.0594  0.0202  0.0395  0.0468  
 6   0.0672  0.0245  0.0235  0.0360  0.0323     -    0.0223  0.0299  0.0253  0.0203  0.0541  0.0268  0.0421  0.0492  
 7   0.0651  0.0187  0.0179  0.0264  0.0270  0.0223     -    0.0219  0.0210  0.0198  0.0433  0.0180  0.0305  0.0329  
 8   0.0595  0.0285  0.0165  0.0417  0.0243  0.0299  0.0219     -    0.0187  0.0236  0.0413  0.0191  0.0342  0.0428  
 9   0.0634  0.0239  0.0155  0.0403  0.0206  0.0253  0.0210  0.0187     -    0.0212  0.0471  0.0199  0.0266  0.0489  
10   0.0740  0.0281  0.0193  0.0391  0.0311  0.0203  0.0198  0.0236  0.0212     -    0.0478  0.0251  0.0391  0.0498  
11   0.0810  0.0484  0.0467  0.0610  0.0594  0.0541  0.0433  0.0413  0.0471  0.0478     -    0.0489  0.0430  0.0635  
12   0.0632  0.0211  0.0186  0.0371  0.0202  0.0268  0.0180  0.0191  0.0199  0.0251  0.0489     -    0.0289  0.0371  
13   0.0814  0.0253  0.0323  0.0546  0.0395  0.0421  0.0305  0.0342  0.0266  0.0391  0.0430  0.0289     -    0.0592  
14   0.0711  0.0445  0.0426  0.0243  0.0468  0.0492  0.0329  0.0428  0.0489  0.0498  0.0635  0.0371  0.0592     -    

Average distances (expected heterozygosity) between individuals in same cluster:
cluster  1  : 0.7839 
cluster  2  : 0.8489 
cluster  3  : 0.8679 
cluster  4  : 0.8390 
cluster  5  : 0.8423 
cluster  6  : 0.8520 
cluster  7  : 0.8599 
cluster  8  : 0.8702 
cluster  9  : 0.8704 
cluster 10  : 0.8527 
cluster 11  : 0.8382 
cluster 12  : 0.8654 
cluster 13  : 0.8632 
cluster 14  : 0.8170 

--------------------------------------------
Estimated Ln Prob of Data   = -387458.4
Mean value of ln likelihood = -379376.7
Variance of ln likelihood   = 16163.4
Mean value of alpha         = 0.0475

Mean value of Fst_1         = 0.1405
Mean value of Fst_2         = 0.0205
Mean value of Fst_3         = 0.0186
Mean value of Fst_4         = 0.0362
Mean value of Fst_5         = 0.0320
Mean value of Fst_6         = 0.0298
Mean value of Fst_7         = 0.0266
Mean value of Fst_8         = 0.0247
Mean value of Fst_9         = 0.0181
Mean value of Fst_10         = 0.0217
Mean value of Fst_11         = 0.0779
Mean value of Fst_12         = 0.0205
Mean value of Fst_13         = 0.0273
Mean value of Fst_14         = 0.0640


Inferred ancestry of individuals:
        Label (%Miss) Pop:  Inferred clusters
  1    BBA_1    (0)    1 :  0.004 0.005 0.006 0.893 0.007 0.006 0.008 0.004 0.006 0.009 0.015 0.017 0.009 0.011 
  2    BBA_2    (0)    1 :  0.003 0.011 0.007 0.915 0.004 0.006 0.006 0.010 0.005 0.005 0.003 0.010 0.008 0.006 
  3    BBA_3    (0)    1 :  0.006 0.011 0.006 0.877 0.010 0.005 0.005 0.011 0.005 0.008 0.016 0.007 0.006 0.026 
  4    BBA_4    (0)    1 :  0.017 0.034 0.009 0.735 0.013 0.038 0.050 0.020 0.012 0.012 0.006 0.020 0.013 0.022 
  5    BBA_5    (0)    1 :  0.004 0.005 0.006 0.924 0.006 0.005 0.008 0.007 0.006 0.005 0.003 0.006 0.004 0.010 
  6    BBA_6    (0)    1 :  0.004 0.015 0.014 0.854 0.013 0.006 0.016 0.009 0.017 0.009 0.004 0.017 0.009 0.015 
  7    BBA_7    (0)    1 :  0.011 0.010 0.005 0.906 0.006 0.005 0.004 0.011 0.006 0.007 0.005 0.008 0.005 0.011 
  8    BBA_8    (0)    1 :  0.012 0.008 0.022 0.807 0.022 0.012 0.012 0.012 0.010 0.024 0.011 0.024 0.005 0.020 
  9    BBA_9    (0)    1 :  0.003 0.004 0.004 0.943 0.006 0.004 0.004 0.003 0.004 0.004 0.004 0.005 0.005 0.006 
 10   BBA_10    (0)    1 :  0.004 0.007 0.009 0.869 0.027 0.006 0.012 0.005 0.008 0.011 0.010 0.012 0.010 0.009 
 11   BBA_11    (0)    1 :  0.004 0.008 0.007 0.795 0.007 0.016 0.028 0.007 0.040 0.021 0.007 0.007 0.026 0.026 
 12   BBA_12    (0)    1 :  0.004 0.007 0.005 0.927 0.006 0.004 0.007 0.005 0.005 0.006 0.005 0.006 0.004 0.008 
 13   BBA_13    (0)    1 :  0.004 0.149 0.009 0.598 0.030 0.009 0.012 0.129 0.018 0.008 0.007 0.008 0.012 0.009 
 14   BBA_14    (0)    1 :  0.017 0.011 0.027 0.801 0.017 0.016 0.010 0.008 0.022 0.019 0.013 0.008 0.011 0.021 
 15   BBA_15    (0)    1 :  0.003 0.028 0.026 0.830 0.018 0.007 0.007 0.006 0.030 0.007 0.005 0.013 0.015 0.006 
 16   BBA_16    (0)    1 :  0.029 0.007 0.005 0.880 0.011 0.006 0.008 0.006 0.005 0.006 0.005 0.010 0.010 0.012 
 17   BBA_17    (0)    1 :  0.239 0.020 0.007 0.513 0.014 0.015 0.010 0.007 0.012 0.007 0.009 0.009 0.030 0.108 
 18   BBA_18    (0)    1 :  0.004 0.007 0.006 0.901 0.005 0.005 0.006 0.004 0.005 0.010 0.007 0.011 0.007 0.022 
 19   BBA_19    (0)    1 :  0.009 0.006 0.008 0.902 0.008 0.006 0.007 0.007 0.008 0.006 0.009 0.010 0.004 0.009 
 20   BBA_20    (0)    1 :  0.004 0.025 0.018 0.367 0.010 0.008 0.015 0.014 0.009 0.007 0.005 0.037 0.008 0.473 
 21   BBA_21    (0)    1 :  0.017 0.011 0.018 0.554 0.047 0.010 0.039 0.032 0.021 0.022 0.004 0.062 0.012 0.152 
 22   BBA_22    (0)    1 :  0.053 0.033 0.018 0.492 0.027 0.009 0.144 0.012 0.014 0.009 0.009 0.038 0.037 0.105 
 23   BBA_23    (0)    1 :  0.008 0.005 0.007 0.929 0.005 0.006 0.005 0.004 0.005 0.004 0.003 0.006 0.005 0.007 
 24   BBA_24    (0)    1 :  0.009 0.006 0.008 0.876 0.010 0.011 0.009 0.020 0.009 0.007 0.006 0.010 0.013 0.007 
 25   BBA_25    (0)    1 :  0.006 0.007 0.006 0.916 0.005 0.003 0.006 0.007 0.005 0.005 0.008 0.005 0.005 0.016 
 26   BBA_26    (0)    1 :  0.012 0.043 0.159 0.395 0.081 0.060 0.100 0.008 0.050 0.015 0.018 0.016 0.031 0.010 
 27   BBA_27    (0)    1 :  0.004 0.005 0.006 0.930 0.010 0.006 0.006 0.004 0.006 0.005 0.003 0.005 0.005 0.004 
 28   BBA_28    (0)    1 :  0.005 0.009 0.009 0.908 0.007 0.006 0.006 0.007 0.005 0.006 0.003 0.015 0.006 0.009 
 29   BBA_29    (0)    1 :  0.037 0.015 0.021 0.667 0.029 0.011 0.016 0.016 0.032 0.013 0.038 0.023 0.011 0.070 
 30   BBA_30    (0)    1 :  0.007 0.006 0.009 0.921 0.006 0.005 0.006 0.007 0.008 0.004 0.003 0.007 0.008 0.006 
 31   BBA_31    (0)    1 :  0.004 0.013 0.020 0.770 0.017 0.010 0.020 0.013 0.029 0.012 0.005 0.023 0.012 0.052 
 32   BBA_32    (0)    1 :  0.009 0.017 0.021 0.648 0.013 0.050 0.014 0.072 0.011 0.032 0.010 0.025 0.012 0.066 
 33   BBA_33    (0)    1 :  0.023 0.026 0.023 0.257 0.109 0.065 0.028 0.028 0.073 0.029 0.124 0.061 0.020 0.134 
 34   BBA_34    (0)    1 :  0.025 0.012 0.033 0.461 0.036 0.009 0.032 0.049 0.027 0.008 0.164 0.057 0.065 0.023 
 35   BBA_35    (0)    1 :  0.006 0.025 0.048 0.684 0.011 0.008 0.012 0.038 0.019 0.014 0.031 0.023 0.012 0.069 
 36   BBA_36    (0)    1 :  0.008 0.006 0.009 0.855 0.033 0.008 0.007 0.013 0.012 0.011 0.003 0.017 0.007 0.011 
 37   BBA_37    (0)    1 :  0.007 0.025 0.032 0.768 0.047 0.009 0.023 0.005 0.021 0.009 0.009 0.011 0.022 0.011 
 38   BBA_38    (0)    1 :  0.043 0.015 0.027 0.053 0.023 0.015 0.435 0.135 0.013 0.026 0.008 0.024 0.023 0.159 
 39   BBA_39    (0)    1 :  0.004 0.019 0.011 0.744 0.009 0.008 0.030 0.009 0.014 0.007 0.016 0.016 0.014 0.098 
 40   BBA_40    (0)    1 :  0.035 0.005 0.010 0.865 0.009 0.006 0.012 0.007 0.008 0.006 0.004 0.015 0.009 0.009 
 41   BBA_41    (0)    1 :  0.006 0.013 0.022 0.824 0.028 0.007 0.021 0.009 0.014 0.012 0.005 0.020 0.010 0.008 
 42   BBA_42    (0)    1 :  0.004 0.012 0.024 0.818 0.024 0.011 0.008 0.024 0.010 0.024 0.008 0.015 0.013 0.006 
 43   BBA_43    (0)    1 :  0.003 0.007 0.005 0.931 0.005 0.005 0.006 0.007 0.006 0.004 0.003 0.007 0.007 0.006 
 44   BBA_44    (0)    1 :  0.005 0.005 0.006 0.932 0.006 0.005 0.006 0.005 0.005 0.005 0.005 0.005 0.005 0.005 
 45   BBA_45    (0)    1 :  0.006 0.004 0.008 0.931 0.006 0.005 0.005 0.004 0.005 0.004 0.003 0.006 0.004 0.009 
 46   BBA_46    (0)    1 :  0.003 0.004 0.004 0.950 0.005 0.004 0.004 0.004 0.004 0.003 0.003 0.004 0.004 0.005 
 47   BBA_47    (0)    1 :  0.013 0.009 0.005 0.896 0.007 0.010 0.017 0.006 0.004 0.005 0.006 0.009 0.009 0.005 
 48   BBA_48    (0)    1 :  0.006 0.007 0.040 0.861 0.009 0.008 0.008 0.007 0.012 0.006 0.006 0.011 0.015 0.005 
 49   BBA_49    (0)    1 :  0.011 0.054 0.013 0.496 0.030 0.020 0.013 0.051 0.009 0.044 0.025 0.197 0.009 0.027 
 50   BBA_50    (0)    1 :  0.017 0.012 0.017 0.791 0.007 0.008 0.009 0.018 0.013 0.007 0.008 0.037 0.008 0.049 
 51   BBA_51    (0)    1 :  0.008 0.026 0.010 0.688 0.008 0.010 0.041 0.119 0.008 0.013 0.005 0.020 0.009 0.035 
 52   BBA_52    (0)    1 :  0.005 0.010 0.018 0.844 0.032 0.015 0.007 0.008 0.016 0.008 0.006 0.011 0.010 0.011 
 53   BBA_53    (0)    1 :  0.006 0.010 0.008 0.891 0.009 0.010 0.011 0.009 0.008 0.010 0.004 0.008 0.006 0.010 
 54   BBA_54    (0)    1 :  0.013 0.024 0.012 0.821 0.009 0.006 0.008 0.013 0.014 0.037 0.009 0.007 0.012 0.013 
 55   BBA_55    (0)    1 :  0.016 0.015 0.064 0.504 0.019 0.012 0.017 0.142 0.095 0.030 0.016 0.028 0.036 0.008 
 56   BBA_56    (0)    1 :  0.004 0.020 0.011 0.856 0.019 0.005 0.015 0.008 0.008 0.017 0.006 0.012 0.007 0.013 
 57   BBA_57    (0)    1 :  0.005 0.006 0.007 0.906 0.008 0.008 0.007 0.009 0.007 0.011 0.006 0.006 0.005 0.007 
 58   BBA_58    (0)    1 :  0.006 0.009 0.008 0.883 0.008 0.006 0.008 0.007 0.013 0.013 0.006 0.016 0.012 0.006 
 59   BBA_59    (0)    1 :  0.004 0.006 0.007 0.905 0.014 0.012 0.006 0.006 0.006 0.009 0.005 0.007 0.008 0.006 
 60   BBA_60    (0)    1 :  0.036 0.009 0.022 0.814 0.012 0.006 0.015 0.008 0.010 0.007 0.008 0.017 0.016 0.020 
 61   BBA_61    (0)    1 :  0.003 0.013 0.004 0.925 0.006 0.004 0.007 0.005 0.005 0.005 0.003 0.006 0.005 0.009 
 62   BBA_62    (0)    1 :  0.011 0.008 0.010 0.872 0.016 0.007 0.009 0.005 0.007 0.008 0.006 0.020 0.006 0.016 
 63   BBA_63    (0)    1 :  0.002 0.013 0.010 0.868 0.016 0.005 0.007 0.012 0.008 0.011 0.010 0.009 0.022 0.008 
 64   BBA_64    (0)    1 :  0.006 0.005 0.007 0.930 0.005 0.005 0.004 0.007 0.006 0.004 0.003 0.006 0.005 0.007 
 65   BBA_65    (0)    1 :  0.012 0.011 0.010 0.805 0.014 0.018 0.007 0.014 0.023 0.013 0.012 0.008 0.017 0.036 
 66   BBA_66    (0)    1 :  0.008 0.014 0.018 0.702 0.007 0.029 0.013 0.024 0.014 0.007 0.006 0.051 0.101 0.006 
 67   BBA_67    (0)    1 :  0.005 0.006 0.006 0.916 0.005 0.005 0.005 0.010 0.006 0.009 0.006 0.008 0.008 0.005 
 68   BBA_68    (0)    1 :  0.035 0.158 0.008 0.275 0.007 0.011 0.014 0.087 0.011 0.015 0.006 0.028 0.017 0.328 
 69    BDN_1    (0)    2 :  0.015 0.036 0.034 0.006 0.105 0.365 0.021 0.248 0.046 0.061 0.018 0.012 0.025 0.008 
 70    BDN_2    (0)    2 :  0.008 0.035 0.105 0.028 0.064 0.140 0.078 0.066 0.044 0.071 0.021 0.316 0.011 0.012 
 71    BDN_3    (0)    2 :  0.347 0.101 0.049 0.042 0.071 0.142 0.032 0.029 0.031 0.014 0.064 0.028 0.041 0.008 
 72    BDN_4   (13)    2 :  0.008 0.042 0.024 0.036 0.044 0.152 0.084 0.020 0.103 0.036 0.026 0.028 0.387 0.009 
 73    BDN_5   (13)    2 :  0.015 0.034 0.017 0.011 0.053 0.026 0.082 0.010 0.614 0.029 0.014 0.030 0.048 0.017 
 74    BDN_6    (6)    2 :  0.066 0.411 0.111 0.009 0.016 0.018 0.086 0.064 0.021 0.044 0.005 0.119 0.019 0.009 
 75    BDN_7    (0)    2 :  0.020 0.083 0.200 0.008 0.027 0.010 0.105 0.017 0.041 0.143 0.010 0.313 0.014 0.010 
 76    BDN_8    (6)    2 :  0.016 0.008 0.216 0.012 0.070 0.071 0.066 0.022 0.378 0.017 0.007 0.093 0.020 0.005 
 77    BDN_9    (0)    2 :  0.005 0.042 0.019 0.029 0.015 0.251 0.014 0.012 0.015 0.130 0.020 0.057 0.052 0.338 
 78   BDN_10    (0)    2 :  0.005 0.070 0.023 0.479 0.020 0.071 0.016 0.055 0.071 0.077 0.033 0.036 0.031 0.013 
 79   BDN_11    (0)    2 :  0.016 0.246 0.036 0.006 0.075 0.009 0.115 0.058 0.018 0.178 0.012 0.145 0.078 0.008 
 80   BDN_12    (0)    2 :  0.004 0.086 0.031 0.005 0.032 0.168 0.039 0.011 0.021 0.027 0.009 0.547 0.008 0.011 
 81   BDN_13   (13)    2 :  0.020 0.026 0.010 0.013 0.013 0.072 0.052 0.008 0.645 0.080 0.008 0.013 0.031 0.009 
 82   BDN_14    (0)    2 :  0.007 0.036 0.052 0.069 0.024 0.500 0.086 0.095 0.022 0.031 0.010 0.014 0.045 0.009 
 83   BDN_15    (6)    2 :  0.033 0.058 0.044 0.007 0.195 0.519 0.027 0.012 0.007 0.037 0.005 0.038 0.008 0.011 
 84   BDN_16    (6)    2 :  0.011 0.023 0.033 0.030 0.051 0.017 0.141 0.027 0.055 0.012 0.009 0.379 0.076 0.138 
 85   BDN_17   (13)    2 :  0.418 0.074 0.010 0.010 0.018 0.108 0.026 0.010 0.016 0.024 0.230 0.028 0.014 0.014 
 86   BDN_18    (0)    2 :  0.004 0.029 0.036 0.031 0.055 0.095 0.070 0.027 0.055 0.525 0.006 0.013 0.047 0.008 
 87   BDN_19    (0)    2 :  0.006 0.014 0.007 0.032 0.021 0.034 0.032 0.007 0.074 0.007 0.276 0.474 0.007 0.009 
 88   BDN_20   (13)    2 :  0.159 0.067 0.042 0.022 0.227 0.047 0.049 0.023 0.103 0.031 0.010 0.085 0.062 0.073 
 89   BDN_21   (13)    2 :  0.016 0.593 0.013 0.023 0.012 0.012 0.025 0.011 0.021 0.020 0.178 0.046 0.011 0.018 
 90   BDN_22    (6)    2 :  0.030 0.035 0.023 0.389 0.041 0.023 0.030 0.041 0.010 0.122 0.016 0.084 0.007 0.146 
 91   BDN_23    (0)    2 :  0.006 0.024 0.014 0.062 0.444 0.013 0.095 0.011 0.012 0.047 0.034 0.179 0.025 0.035 
 92   BDN_24    (0)    2 :  0.014 0.022 0.060 0.035 0.124 0.036 0.040 0.029 0.548 0.054 0.008 0.015 0.010 0.005 
 93   BDN_25   (13)    2 :  0.008 0.012 0.077 0.024 0.088 0.025 0.054 0.013 0.039 0.484 0.015 0.135 0.011 0.016 
 94   BDN_26    (0)    2 :  0.138 0.021 0.012 0.012 0.182 0.039 0.022 0.020 0.008 0.206 0.022 0.239 0.007 0.072 
 95   BDN_27    (0)    2 :  0.004 0.016 0.012 0.010 0.033 0.047 0.010 0.015 0.786 0.016 0.014 0.019 0.013 0.006 
 96   BDN_28   (13)    2 :  0.008 0.227 0.068 0.013 0.030 0.027 0.051 0.055 0.020 0.230 0.008 0.151 0.098 0.014 
 97   BDN_29    (0)    2 :  0.049 0.060 0.013 0.052 0.535 0.022 0.015 0.058 0.035 0.017 0.011 0.107 0.014 0.014 
 98   BDN_30    (0)    2 :  0.066 0.134 0.011 0.021 0.013 0.243 0.276 0.039 0.087 0.011 0.010 0.016 0.017 0.056 
 99   BDN_31    (0)    2 :  0.005 0.014 0.019 0.050 0.017 0.008 0.101 0.007 0.010 0.037 0.012 0.681 0.022 0.016 
100   BDN_32    (0)    2 :  0.010 0.102 0.353 0.020 0.040 0.064 0.011 0.113 0.013 0.062 0.006 0.062 0.014 0.128 
101   BDN_33    (0)    2 :  0.019 0.053 0.022 0.005 0.015 0.029 0.067 0.012 0.724 0.013 0.006 0.014 0.005 0.016 
102   BDN_34    (0)    2 :  0.004 0.050 0.027 0.009 0.037 0.032 0.213 0.019 0.039 0.021 0.006 0.027 0.511 0.006 
103   BDN_35    (0)    2 :  0.005 0.012 0.022 0.059 0.019 0.099 0.034 0.034 0.543 0.098 0.023 0.023 0.017 0.011 
104   BDN_36    (0)    2 :  0.010 0.030 0.025 0.011 0.050 0.019 0.053 0.030 0.036 0.089 0.020 0.596 0.009 0.023 
105   BDN_37    (0)    2 :  0.013 0.044 0.016 0.008 0.042 0.014 0.410 0.023 0.056 0.143 0.019 0.141 0.019 0.052 
106   BDN_38    (0)    2 :  0.267 0.011 0.070 0.009 0.053 0.013 0.214 0.031 0.135 0.111 0.008 0.020 0.015 0.043 
107   BDN_39    (0)    2 :  0.003 0.039 0.075 0.074 0.020 0.064 0.027 0.009 0.289 0.178 0.113 0.073 0.024 0.011 
108   BDN_40    (0)    2 :  0.012 0.007 0.036 0.006 0.079 0.054 0.010 0.016 0.050 0.047 0.169 0.496 0.009 0.007 
109   BDN_41    (0)    2 :  0.020 0.146 0.045 0.020 0.056 0.181 0.034 0.018 0.019 0.227 0.007 0.143 0.073 0.010 
110   BDN_42   (13)    2 :  0.005 0.133 0.032 0.009 0.191 0.034 0.248 0.013 0.071 0.051 0.009 0.095 0.082 0.026 
111   BDN_43    (6)    2 :  0.007 0.032 0.080 0.009 0.053 0.013 0.015 0.023 0.341 0.109 0.011 0.063 0.226 0.017 
112   BDN_44    (0)    2 :  0.012 0.027 0.115 0.025 0.102 0.051 0.048 0.016 0.021 0.212 0.006 0.310 0.014 0.040 
113   BDN_45    (0)    2 :  0.014 0.011 0.038 0.013 0.339 0.078 0.033 0.093 0.252 0.029 0.006 0.067 0.017 0.010 
114   BDN_46   (13)    2 :  0.008 0.017 0.066 0.018 0.007 0.231 0.448 0.063 0.027 0.021 0.032 0.013 0.026 0.023 
115   BDN_47    (0)    2 :  0.032 0.068 0.053 0.030 0.305 0.145 0.045 0.057 0.027 0.020 0.013 0.027 0.154 0.024 
116   BDN_48    (0)    2 :  0.004 0.029 0.242 0.020 0.034 0.012 0.274 0.077 0.009 0.199 0.013 0.023 0.053 0.011 
117   BDN_49    (0)    2 :  0.003 0.013 0.063 0.027 0.250 0.011 0.026 0.016 0.155 0.232 0.060 0.086 0.048 0.010 
118   BDN_50    (0)    2 :  0.005 0.018 0.048 0.033 0.219 0.265 0.070 0.008 0.155 0.042 0.009 0.081 0.035 0.012 
119   BDN_51    (0)    2 :  0.006 0.018 0.094 0.021 0.053 0.059 0.098 0.088 0.009 0.224 0.014 0.285 0.013 0.017 
120   BDN_52    (0)    2 :  0.012 0.111 0.047 0.014 0.077 0.083 0.052 0.010 0.101 0.439 0.007 0.021 0.020 0.008 
121   BDN_53    (0)    2 :  0.006 0.057 0.323 0.029 0.091 0.014 0.035 0.010 0.190 0.033 0.022 0.071 0.085 0.034 
122   BDN_54   (13)    2 :  0.017 0.047 0.013 0.176 0.017 0.026 0.196 0.011 0.007 0.174 0.009 0.045 0.018 0.244 
123   BDN_55    (6)    2 :  0.004 0.080 0.205 0.014 0.013 0.029 0.322 0.017 0.090 0.065 0.008 0.020 0.010 0.124 
124   BDN_56   (13)    2 :  0.003 0.019 0.035 0.009 0.238 0.025 0.014 0.025 0.348 0.095 0.007 0.114 0.044 0.023 
125   BDN_57    (6)    2 :  0.043 0.026 0.034 0.021 0.055 0.013 0.019 0.025 0.622 0.029 0.010 0.054 0.012 0.038 
126   BDN_58    (6)    2 :  0.025 0.126 0.078 0.048 0.042 0.025 0.029 0.142 0.302 0.012 0.045 0.097 0.010 0.018 
127   BDN_59    (6)    2 :  0.058 0.018 0.021 0.029 0.499 0.008 0.016 0.023 0.028 0.017 0.011 0.207 0.014 0.051 
128   BDN_60    (6)    2 :  0.052 0.127 0.023 0.012 0.041 0.052 0.027 0.018 0.528 0.013 0.023 0.038 0.034 0.011 
129   BDN_61    (0)    2 :  0.007 0.007 0.048 0.009 0.038 0.026 0.079 0.010 0.664 0.013 0.029 0.015 0.045 0.010 
130   BDN_62    (0)    2 :  0.004 0.026 0.128 0.015 0.412 0.072 0.035 0.033 0.046 0.021 0.006 0.091 0.050 0.062 
131   BDN_63    (6)    2 :  0.133 0.016 0.027 0.035 0.018 0.341 0.022 0.055 0.015 0.110 0.011 0.186 0.019 0.014 
132   BDN_64    (0)    2 :  0.006 0.045 0.015 0.023 0.115 0.009 0.364 0.010 0.020 0.212 0.036 0.073 0.050 0.021 
133   BDN_65    (0)    2 :  0.045 0.042 0.091 0.011 0.038 0.085 0.077 0.023 0.039 0.169 0.010 0.018 0.016 0.334 
134   BDN_66   (13)    2 :  0.005 0.040 0.015 0.036 0.029 0.025 0.052 0.011 0.171 0.114 0.066 0.387 0.038 0.012 
135   BDN_67    (0)    2 :  0.008 0.015 0.056 0.269 0.007 0.009 0.109 0.046 0.082 0.089 0.007 0.264 0.024 0.017 
136   BDN_68    (6)    2 :  0.093 0.016 0.305 0.016 0.013 0.039 0.255 0.072 0.048 0.039 0.017 0.056 0.018 0.011 
137   BDN_69    (0)    2 :  0.007 0.059 0.070 0.007 0.046 0.053 0.025 0.049 0.057 0.097 0.006 0.490 0.018 0.015 
138   BDN_70    (6)    2 :  0.012 0.089 0.039 0.016 0.015 0.018 0.257 0.023 0.022 0.174 0.013 0.288 0.015 0.019 
139   BDN_71    (6)    2 :  0.009 0.021 0.020 0.028 0.114 0.260 0.015 0.038 0.216 0.031 0.129 0.062 0.026 0.030 
140   BDN_72    (0)    2 :  0.005 0.026 0.729 0.017 0.017 0.014 0.020 0.016 0.018 0.015 0.031 0.030 0.027 0.034 
141   BDN_73    (0)    2 :  0.007 0.017 0.573 0.010 0.020 0.043 0.015 0.018 0.053 0.018 0.007 0.034 0.157 0.028 
142   BDN_74    (0)    2 :  0.012 0.027 0.040 0.009 0.096 0.013 0.063 0.014 0.018 0.032 0.013 0.642 0.008 0.012 
143   BDN_75    (0)    2 :  0.029 0.018 0.019 0.012 0.019 0.300 0.013 0.021 0.468 0.036 0.008 0.014 0.026 0.016 
144   BDN_76    (0)    2 :  0.010 0.037 0.047 0.126 0.009 0.040 0.533 0.010 0.016 0.094 0.011 0.017 0.034 0.016 
145   BDNB_1    (0)    3 :  0.017 0.019 0.047 0.006 0.023 0.069 0.089 0.008 0.017 0.641 0.010 0.028 0.016 0.010 
146   BDNB_2    (0)    3 :  0.008 0.038 0.080 0.037 0.012 0.053 0.041 0.095 0.178 0.365 0.019 0.027 0.034 0.012 
147   BDNB_3    (0)    3 :  0.017 0.032 0.175 0.021 0.024 0.013 0.018 0.379 0.066 0.173 0.027 0.015 0.009 0.031 
148   BDNB_4    (0)    3 :  0.007 0.054 0.036 0.008 0.032 0.302 0.039 0.021 0.037 0.378 0.037 0.019 0.023 0.008 
149   BDNB_5    (0)    3 :  0.007 0.332 0.023 0.055 0.028 0.069 0.103 0.012 0.022 0.034 0.021 0.111 0.151 0.033 
150   BDNB_6    (0)    3 :  0.036 0.112 0.028 0.018 0.038 0.043 0.013 0.011 0.064 0.171 0.016 0.227 0.010 0.212 
151   BDNB_7    (0)    3 :  0.021 0.022 0.040 0.029 0.019 0.052 0.051 0.082 0.026 0.145 0.394 0.068 0.040 0.010 
152   BDNB_8    (0)    3 :  0.087 0.027 0.034 0.035 0.080 0.019 0.055 0.008 0.065 0.049 0.007 0.517 0.009 0.009 
153   BDNB_9    (0)    3 :  0.017 0.775 0.023 0.038 0.017 0.005 0.030 0.017 0.015 0.026 0.006 0.011 0.007 0.014 
154  BDNB_10    (0)    3 :  0.009 0.295 0.049 0.069 0.025 0.019 0.053 0.014 0.151 0.026 0.010 0.100 0.025 0.155 
155  BDNB_11    (0)    3 :  0.005 0.105 0.035 0.019 0.010 0.127 0.068 0.034 0.025 0.190 0.054 0.289 0.030 0.009 
156  BDNB_12    (0)    3 :  0.005 0.127 0.047 0.011 0.022 0.175 0.031 0.100 0.038 0.113 0.018 0.273 0.031 0.008 
157  BDNB_13    (0)    3 :  0.006 0.183 0.017 0.019 0.050 0.047 0.038 0.009 0.276 0.030 0.025 0.208 0.033 0.058 
158  BDNB_14    (0)    3 :  0.010 0.021 0.012 0.172 0.086 0.010 0.134 0.020 0.022 0.126 0.012 0.260 0.008 0.108 
159  BDNB_15    (0)    3 :  0.004 0.010 0.858 0.005 0.021 0.006 0.011 0.006 0.016 0.021 0.006 0.020 0.009 0.006 
160  BDNB_16    (0)    3 :  0.008 0.087 0.097 0.284 0.037 0.016 0.074 0.088 0.018 0.058 0.011 0.055 0.022 0.144 
161  BDNB_17    (6)    3 :  0.026 0.023 0.034 0.043 0.015 0.384 0.070 0.063 0.038 0.017 0.025 0.233 0.018 0.012 
162  BDNB_18    (0)    3 :  0.036 0.018 0.012 0.030 0.009 0.105 0.022 0.008 0.018 0.051 0.006 0.653 0.022 0.011 
163  BDNB_19    (0)    3 :  0.006 0.023 0.015 0.026 0.008 0.308 0.031 0.016 0.017 0.085 0.037 0.380 0.035 0.013 
164  BDNB_20    (0)    3 :  0.059 0.262 0.046 0.063 0.088 0.026 0.113 0.016 0.039 0.024 0.013 0.095 0.103 0.054 
165  BDNB_21    (0)    3 :  0.008 0.014 0.010 0.006 0.747 0.016 0.017 0.034 0.007 0.017 0.003 0.104 0.011 0.005 
166  BDNB_22    (0)    3 :  0.007 0.062 0.012 0.022 0.012 0.143 0.066 0.009 0.029 0.017 0.004 0.470 0.132 0.015 
167  BDNB_23    (0)    3 :  0.005 0.010 0.017 0.009 0.757 0.011 0.021 0.028 0.085 0.018 0.010 0.014 0.012 0.006 
168  BDNB_24    (0)    3 :  0.006 0.032 0.021 0.212 0.098 0.024 0.013 0.034 0.065 0.098 0.007 0.099 0.244 0.047 
169  BDNB_25    (0)    3 :  0.009 0.072 0.054 0.014 0.187 0.291 0.034 0.047 0.090 0.075 0.032 0.057 0.014 0.023 
170  BDNB_26    (0)    3 :  0.008 0.256 0.350 0.013 0.070 0.021 0.011 0.009 0.102 0.085 0.010 0.024 0.030 0.012 
171  BDNB_27    (0)    3 :  0.005 0.107 0.014 0.035 0.184 0.017 0.031 0.005 0.355 0.163 0.019 0.010 0.012 0.042 
172  BDNB_28    (0)    3 :  0.013 0.045 0.019 0.016 0.014 0.010 0.018 0.014 0.022 0.644 0.017 0.025 0.071 0.072 
173  BDNB_29    (0)    3 :  0.184 0.113 0.288 0.026 0.044 0.014 0.015 0.045 0.039 0.099 0.006 0.048 0.009 0.069 
174  BDNB_30    (0)    3 :  0.081 0.057 0.026 0.570 0.024 0.009 0.024 0.018 0.031 0.020 0.015 0.032 0.078 0.014 
175  BDNB_31    (0)    3 :  0.007 0.059 0.027 0.226 0.038 0.039 0.074 0.021 0.115 0.019 0.006 0.296 0.060 0.015 
176  BDNB_32    (0)    3 :  0.005 0.032 0.008 0.016 0.332 0.050 0.314 0.013 0.016 0.078 0.014 0.056 0.053 0.011 
177  BDNB_33    (0)    3 :  0.017 0.101 0.022 0.373 0.028 0.017 0.272 0.060 0.018 0.034 0.005 0.021 0.012 0.021 
178  BDNB_34    (0)    3 :  0.004 0.047 0.016 0.115 0.072 0.039 0.022 0.013 0.053 0.143 0.005 0.435 0.018 0.019 
179  BDNB_35    (0)    3 :  0.004 0.148 0.029 0.011 0.032 0.007 0.043 0.009 0.023 0.030 0.004 0.606 0.037 0.016 
180  BDNB_36    (0)    3 :  0.025 0.017 0.043 0.142 0.128 0.007 0.062 0.011 0.055 0.035 0.029 0.143 0.111 0.192 
181  BDNB_37    (0)    3 :  0.158 0.034 0.056 0.006 0.013 0.013 0.019 0.009 0.482 0.053 0.004 0.141 0.007 0.005 
182  BDNB_38    (0)    3 :  0.045 0.221 0.028 0.031 0.114 0.037 0.076 0.021 0.026 0.111 0.025 0.178 0.034 0.054 
183  BDNB_39    (0)    3 :  0.051 0.021 0.104 0.009 0.186 0.006 0.019 0.010 0.033 0.487 0.012 0.015 0.014 0.033 
184  BDNB_40    (0)    3 :  0.035 0.318 0.022 0.022 0.098 0.058 0.083 0.033 0.030 0.127 0.061 0.085 0.014 0.014 
185  BDNB_41    (0)    3 :  0.037 0.291 0.010 0.014 0.012 0.258 0.111 0.030 0.086 0.068 0.027 0.010 0.028 0.019 
186  BDNB_42    (0)    3 :  0.005 0.094 0.023 0.013 0.127 0.040 0.020 0.016 0.009 0.026 0.008 0.424 0.120 0.073 
187  BDNB_43    (0)    3 :  0.011 0.019 0.018 0.021 0.052 0.356 0.053 0.024 0.039 0.025 0.030 0.240 0.092 0.019 
188  BDNB_44    (0)    3 :  0.011 0.528 0.046 0.031 0.019 0.035 0.033 0.070 0.046 0.054 0.030 0.013 0.060 0.023 
189  BDNB_45    (0)    3 :  0.162 0.087 0.020 0.115 0.032 0.010 0.326 0.040 0.011 0.098 0.008 0.018 0.057 0.015 
190  BDNB_46    (0)    3 :  0.009 0.148 0.014 0.044 0.021 0.013 0.291 0.032 0.027 0.050 0.007 0.075 0.154 0.113 
191  BDNB_47    (0)    3 :  0.007 0.273 0.021 0.030 0.010 0.014 0.492 0.011 0.015 0.020 0.012 0.069 0.016 0.009 
192  BDNB_48    (0)    3 :  0.016 0.035 0.010 0.038 0.385 0.067 0.139 0.017 0.029 0.204 0.005 0.021 0.026 0.010 
193  BDNB_49    (0)    3 :  0.042 0.042 0.150 0.033 0.024 0.085 0.124 0.011 0.032 0.369 0.015 0.022 0.032 0.019 
194  BDNB_50    (0)    3 :  0.014 0.063 0.023 0.013 0.171 0.297 0.039 0.018 0.013 0.125 0.011 0.173 0.019 0.022 
195  BDNB_51    (0)    3 :  0.011 0.027 0.016 0.008 0.008 0.018 0.485 0.017 0.011 0.032 0.008 0.338 0.008 0.013 
196  BDNB_52    (0)    3 :  0.005 0.057 0.099 0.007 0.056 0.010 0.015 0.016 0.508 0.010 0.014 0.181 0.014 0.011 
197  BDNB_53    (0)    3 :  0.023 0.013 0.017 0.044 0.012 0.103 0.030 0.010 0.012 0.050 0.006 0.647 0.022 0.010 
198  BDNB_54    (0)    3 :  0.010 0.238 0.014 0.014 0.087 0.080 0.011 0.040 0.228 0.130 0.034 0.076 0.030 0.006 
199  BDNB_55    (0)    3 :  0.004 0.091 0.019 0.138 0.375 0.021 0.021 0.013 0.057 0.134 0.065 0.020 0.015 0.026 
200  BDNB_56    (6)    3 :  0.014 0.057 0.036 0.023 0.009 0.029 0.041 0.058 0.120 0.077 0.168 0.342 0.010 0.014 
201  BDNB_57    (0)    3 :  0.012 0.106 0.011 0.456 0.093 0.009 0.092 0.014 0.020 0.039 0.006 0.044 0.012 0.087 
202  BDNB_58    (0)    3 :  0.004 0.121 0.011 0.023 0.031 0.016 0.077 0.016 0.029 0.030 0.006 0.608 0.022 0.005 
203  BDNB_59    (0)    3 :  0.028 0.024 0.040 0.030 0.064 0.039 0.431 0.028 0.121 0.046 0.010 0.029 0.090 0.020 
204  BDNB_60    (0)    3 :  0.008 0.011 0.015 0.044 0.009 0.222 0.027 0.005 0.009 0.040 0.005 0.538 0.058 0.009 
205  BDNB_61    (0)    3 :  0.005 0.174 0.007 0.036 0.066 0.036 0.255 0.015 0.017 0.171 0.045 0.013 0.145 0.016 
206  BDNB_62    (0)    3 :  0.008 0.153 0.176 0.009 0.051 0.012 0.007 0.016 0.478 0.036 0.005 0.027 0.010 0.012 
207  BDNB_63    (0)    3 :  0.003 0.709 0.005 0.010 0.009 0.057 0.037 0.007 0.021 0.027 0.068 0.011 0.013 0.022 
208  BDNB_64    (6)    3 :  0.008 0.397 0.012 0.012 0.010 0.334 0.042 0.011 0.020 0.036 0.009 0.015 0.075 0.020 
209  BDNB_65    (0)    3 :  0.005 0.244 0.014 0.023 0.046 0.041 0.069 0.006 0.112 0.123 0.037 0.047 0.218 0.014 
210  BDNB_66    (0)    3 :  0.008 0.024 0.011 0.019 0.006 0.231 0.025 0.024 0.015 0.052 0.020 0.532 0.018 0.016 
211  BDNB_67    (0)    3 :  0.016 0.028 0.035 0.033 0.008 0.036 0.041 0.306 0.074 0.037 0.343 0.008 0.026 0.009 
212  BDNB_68    (0)    3 :  0.007 0.063 0.047 0.025 0.075 0.023 0.211 0.014 0.081 0.192 0.050 0.041 0.122 0.049 
213  BDNB_69    (0)    3 :  0.005 0.067 0.026 0.022 0.047 0.020 0.070 0.030 0.030 0.294 0.133 0.159 0.086 0.011 
214  BDNB_70    (0)    3 :  0.010 0.021 0.006 0.011 0.008 0.702 0.014 0.009 0.011 0.026 0.007 0.013 0.136 0.025 
215  BDNB_71    (0)    3 :  0.005 0.065 0.015 0.068 0.031 0.010 0.011 0.007 0.067 0.651 0.009 0.010 0.041 0.011 
216  BDNB_72    (0)    3 :  0.005 0.277 0.065 0.015 0.022 0.143 0.174 0.016 0.055 0.047 0.007 0.030 0.128 0.016 
217  BDNB_73    (0)    3 :  0.003 0.092 0.042 0.024 0.069 0.176 0.015 0.048 0.046 0.363 0.045 0.039 0.029 0.009 
218  BDNB_74    (0)    3 :  0.006 0.017 0.015 0.021 0.006 0.141 0.037 0.010 0.032 0.034 0.085 0.560 0.018 0.019 
219  BDNB_75    (0)    3 :  0.014 0.016 0.011 0.013 0.630 0.091 0.013 0.045 0.029 0.029 0.008 0.061 0.032 0.007 
220    BSB_1    (0)    4 :  0.016 0.023 0.207 0.095 0.103 0.028 0.041 0.253 0.066 0.023 0.007 0.028 0.022 0.088 
221    BSB_2    (0)    4 :  0.007 0.155 0.014 0.136 0.008 0.030 0.049 0.008 0.031 0.017 0.007 0.236 0.036 0.267 
222    BSB_3    (0)    4 :  0.009 0.089 0.010 0.009 0.023 0.006 0.038 0.116 0.039 0.023 0.028 0.020 0.573 0.019 
223    BSB_4    (0)    4 :  0.007 0.089 0.007 0.266 0.017 0.028 0.015 0.014 0.026 0.122 0.007 0.040 0.011 0.350 
224    BSB_5    (0)    4 :  0.008 0.030 0.014 0.674 0.023 0.009 0.045 0.022 0.022 0.026 0.015 0.021 0.045 0.046 
225    BSB_6    (0)    4 :  0.008 0.006 0.010 0.800 0.009 0.016 0.009 0.009 0.023 0.020 0.027 0.012 0.014 0.037 
226    BSB_7   (33)    4 :  0.157 0.208 0.048 0.185 0.034 0.035 0.018 0.046 0.099 0.041 0.007 0.057 0.018 0.045 
227    BSB_8    (0)    4 :  0.102 0.041 0.055 0.024 0.021 0.023 0.017 0.036 0.022 0.026 0.012 0.533 0.026 0.062 
228    BSB_9    (0)    4 :  0.007 0.055 0.032 0.125 0.019 0.030 0.079 0.010 0.010 0.036 0.014 0.051 0.516 0.015 
229   BSB_10    (0)    4 :  0.014 0.453 0.017 0.058 0.034 0.017 0.036 0.043 0.029 0.062 0.050 0.036 0.070 0.080 
230   BSB_11    (0)    4 :  0.163 0.021 0.017 0.144 0.068 0.012 0.096 0.081 0.092 0.020 0.122 0.062 0.074 0.028 
231   BSB_12    (0)    4 :  0.080 0.130 0.085 0.162 0.240 0.013 0.081 0.030 0.017 0.016 0.027 0.038 0.062 0.020 
232   BSB_13    (0)    4 :  0.026 0.280 0.018 0.028 0.008 0.034 0.024 0.044 0.017 0.078 0.206 0.079 0.013 0.146 
233   BSB_14    (0)    4 :  0.010 0.351 0.014 0.365 0.008 0.040 0.030 0.042 0.014 0.025 0.004 0.024 0.038 0.035 
234   BSB_15    (0)    4 :  0.057 0.019 0.051 0.057 0.267 0.022 0.140 0.117 0.014 0.011 0.005 0.032 0.004 0.205 
235   BSB_16    (6)    4 :  0.004 0.045 0.011 0.745 0.037 0.019 0.018 0.011 0.016 0.020 0.006 0.019 0.035 0.016 
236   BSB_17    (0)    4 :  0.008 0.145 0.011 0.480 0.011 0.013 0.070 0.022 0.038 0.073 0.012 0.080 0.011 0.025 
237   BSB_18    (0)    4 :  0.027 0.057 0.009 0.234 0.022 0.023 0.045 0.162 0.008 0.021 0.220 0.071 0.064 0.035 
238   BSB_19    (0)    4 :  0.020 0.012 0.007 0.457 0.021 0.006 0.010 0.036 0.012 0.369 0.006 0.014 0.009 0.021 
239   BSB_20    (0)    4 :  0.015 0.027 0.024 0.535 0.013 0.044 0.066 0.024 0.135 0.058 0.009 0.029 0.005 0.015 
240   BSB_21    (0)    4 :  0.007 0.255 0.060 0.123 0.006 0.016 0.046 0.009 0.047 0.045 0.357 0.011 0.011 0.007 
241   BSB_22    (0)    4 :  0.006 0.050 0.030 0.039 0.011 0.011 0.092 0.046 0.038 0.011 0.045 0.020 0.556 0.046 
242   BSB_23    (0)    4 :  0.013 0.080 0.010 0.144 0.057 0.055 0.082 0.016 0.027 0.019 0.042 0.008 0.121 0.327 
243   BSB_24    (0)    4 :  0.019 0.057 0.011 0.571 0.016 0.007 0.049 0.020 0.007 0.014 0.035 0.025 0.014 0.155 
244   BSB_25    (0)    4 :  0.014 0.017 0.015 0.616 0.040 0.019 0.109 0.013 0.013 0.013 0.040 0.010 0.045 0.037 
245   BSB_26    (0)    4 :  0.007 0.045 0.021 0.546 0.012 0.026 0.033 0.011 0.022 0.020 0.023 0.013 0.022 0.200 
246   BSB_27    (0)    4 :  0.005 0.028 0.019 0.527 0.166 0.024 0.083 0.049 0.022 0.026 0.025 0.009 0.009 0.010 
247   BSB_28    (0)    4 :  0.030 0.370 0.008 0.009 0.008 0.098 0.032 0.016 0.006 0.015 0.011 0.060 0.261 0.077 
