

----------------------------------------------------
STRUCTURE by Pritchard, Stephens and Donnelly (2000)
     and Falush, Stephens and Pritchard (2003)
       Code by Pritchard, Falush and Hubisz
             Version 2.3.4 (Jul 2012)
----------------------------------------------------



Command line arguments:   structure -m /global/home/hpc3579/salmon/mainparamsnewfoundlandfiles/mainparamsnewfoundland11 -e /global/home/hpc3579/salmon/extraparams_newfoundlandfile -K 11 
Input File:    /global/home/hpc3579/salmon/NewfoundlandStruc.txt

Run parameters:
   5235 individuals
   15 loci
   11 populations assumed
   100000 Burn-in period
   1000000 Reps


--------------------------------------------
Proportion of membership of each pre-defined
 population in each of the 11 clusters

Given    Inferred Clusters                                                               Number of
 Pop       1      2      3      4      5      6      7      8      9     10     11      Individuals

  1:     0.795  0.014  0.023  0.015  0.017  0.016  0.020  0.018  0.012  0.044  0.025       68
  2:     0.043  0.108  0.047  0.057  0.035  0.128  0.127  0.112  0.135  0.046  0.162       76
  3:     0.060  0.066  0.044  0.049  0.023  0.257  0.112  0.062  0.094  0.039  0.195       75
  4:     0.301  0.038  0.067  0.069  0.039  0.062  0.063  0.044  0.097  0.070  0.151       78
  5:     0.036  0.082  0.066  0.033  0.021  0.044  0.036  0.561  0.046  0.029  0.046       80
  6:     0.031  0.025  0.027  0.047  0.019  0.050  0.665  0.048  0.033  0.025  0.030       77
  7:     0.020  0.030  0.023  0.020  0.017  0.036  0.743  0.051  0.014  0.020  0.025       99
  8:     0.070  0.121  0.103  0.052  0.035  0.086  0.049  0.352  0.038  0.033  0.062       78
  9:     0.033  0.094  0.079  0.041  0.025  0.071  0.475  0.059  0.049  0.035  0.039       74
 10:     0.061  0.044  0.049  0.032  0.017  0.039  0.038  0.042  0.022  0.043  0.614      100
 11:     0.179  0.048  0.058  0.029  0.042  0.052  0.034  0.057  0.048  0.034  0.419      100
 12:     0.039  0.074  0.104  0.039  0.027  0.057  0.077  0.469  0.043  0.021  0.048       75
 13:     0.037  0.120  0.071  0.035  0.012  0.045  0.068  0.485  0.049  0.027  0.052       77
 14:     0.040  0.062  0.099  0.049  0.036  0.086  0.066  0.436  0.038  0.034  0.054       82
 15:     0.040  0.074  0.057  0.032  0.020  0.069  0.027  0.584  0.037  0.018  0.042       75
 16:     0.052  0.122  0.054  0.044  0.028  0.132  0.161  0.054  0.138  0.037  0.179       56
 17:     0.027  0.076  0.072  0.034  0.016  0.094  0.039  0.555  0.032  0.016  0.039       70
 18:     0.017  0.032  0.023  0.028  0.021  0.043  0.743  0.029  0.022  0.016  0.026       82
 19:     0.698  0.019  0.030  0.020  0.016  0.037  0.017  0.023  0.018  0.078  0.044       75
 20:     0.476  0.064  0.078  0.040  0.020  0.053  0.029  0.079  0.030  0.047  0.085       57
 21:     0.032  0.016  0.016  0.014  0.015  0.015  0.016  0.016  0.038  0.808  0.015      111
 22:     0.328  0.044  0.143  0.057  0.074  0.051  0.038  0.072  0.035  0.083  0.074       88
 23:     0.040  0.099  0.069  0.052  0.033  0.102  0.148  0.101  0.046  0.121  0.189       69
 24:     0.015  0.062  0.057  0.029  0.016  0.039  0.058  0.647  0.027  0.024  0.025       75
 25:     0.586  0.048  0.038  0.029  0.014  0.039  0.033  0.038  0.047  0.073  0.055      100
 26:     0.018  0.029  0.070  0.043  0.013  0.025  0.614  0.075  0.043  0.023  0.047       76
 27:     0.535  0.059  0.037  0.037  0.019  0.060  0.038  0.032  0.054  0.043  0.086       84
 28:     0.617  0.035  0.044  0.045  0.014  0.038  0.022  0.035  0.026  0.085  0.039       74
 29:     0.067  0.038  0.014  0.016  0.024  0.023  0.014  0.011  0.730  0.044  0.017       51
 30:     0.053  0.021  0.021  0.018  0.025  0.024  0.023  0.027  0.017  0.745  0.026       75
 31:     0.013  0.013  0.012  0.012  0.871  0.016  0.011  0.014  0.013  0.012  0.014       71
 32:     0.046  0.089  0.105  0.057  0.031  0.101  0.085  0.387  0.045  0.021  0.035       66
 33:     0.029  0.042  0.037  0.561  0.016  0.078  0.049  0.055  0.054  0.025  0.054       81
 34:     0.031  0.037  0.044  0.054  0.022  0.442  0.053  0.067  0.032  0.046  0.172       50
 35:     0.020  0.570  0.049  0.020  0.017  0.048  0.051  0.114  0.058  0.019  0.036       50
 36:     0.019  0.034  0.780  0.016  0.014  0.017  0.024  0.035  0.020  0.012  0.029      100
 37:     0.033  0.030  0.032  0.650  0.017  0.084  0.026  0.031  0.037  0.018  0.042       94
 38:     0.024  0.048  0.064  0.061  0.023  0.036  0.063  0.069  0.552  0.016  0.044      100
 39:     0.043  0.061  0.064  0.071  0.017  0.322  0.050  0.084  0.033  0.027  0.229       50
 40:     0.051  0.304  0.165  0.048  0.024  0.079  0.067  0.090  0.061  0.043  0.069       98
 41:     0.035  0.137  0.110  0.022  0.039  0.552  0.022  0.030  0.023  0.017  0.014       50
 42:     0.023  0.016  0.013  0.818  0.011  0.027  0.016  0.014  0.017  0.011  0.033       99
 43:     0.037  0.328  0.150  0.051  0.023  0.072  0.074  0.103  0.063  0.043  0.055       99
 44:     0.033  0.063  0.060  0.048  0.019  0.510  0.040  0.059  0.056  0.030  0.083      100
 45:     0.045  0.097  0.075  0.082  0.020  0.163  0.050  0.095  0.060  0.015  0.298       48
 46:     0.046  0.035  0.036  0.625  0.008  0.043  0.038  0.053  0.037  0.019  0.059       28
 47:     0.035  0.045  0.148  0.078  0.040  0.259  0.042  0.073  0.046  0.052  0.181       50
 48:     0.030  0.026  0.031  0.089  0.020  0.108  0.078  0.048  0.039  0.020  0.509      100
 49:     0.028  0.030  0.042  0.046  0.021  0.588  0.048  0.063  0.036  0.015  0.084       50
 50:     0.023  0.091  0.042  0.600  0.017  0.032  0.035  0.062  0.040  0.026  0.031       41
 51:     0.035  0.056  0.048  0.048  0.025  0.532  0.077  0.063  0.031  0.028  0.057       50
 52:     0.018  0.798  0.021  0.018  0.014  0.021  0.021  0.016  0.032  0.017  0.024      100
 53:     0.032  0.049  0.682  0.025  0.016  0.035  0.039  0.051  0.019  0.029  0.022       98
 54:     0.035  0.077  0.192  0.131  0.025  0.123  0.081  0.092  0.104  0.042  0.099      100
 55:     0.012  0.013  0.011  0.010  0.895  0.009  0.010  0.010  0.009  0.010  0.011       95
 56:     0.038  0.569  0.073  0.024  0.010  0.037  0.041  0.057  0.079  0.029  0.044       50
 57:     0.143  0.057  0.056  0.070  0.022  0.207  0.065  0.075  0.079  0.056  0.170       70
 58:     0.028  0.032  0.072  0.564  0.018  0.083  0.043  0.048  0.041  0.021  0.049      100
 59:     0.042  0.094  0.067  0.047  0.014  0.428  0.069  0.065  0.047  0.038  0.088       50
 60:     0.018  0.050  0.016  0.015  0.007  0.023  0.014  0.018  0.812  0.010  0.017       50
 61:     0.040  0.198  0.128  0.057  0.026  0.206  0.039  0.092  0.061  0.035  0.118      100
 62:     0.023  0.045  0.045  0.693  0.023  0.042  0.023  0.038  0.031  0.015  0.024       41
 63:     0.028  0.048  0.054  0.578  0.016  0.064  0.044  0.046  0.052  0.019  0.051      100
 64:     0.022  0.102  0.091  0.043  0.019  0.135  0.026  0.049  0.427  0.022  0.064       50
 65:     0.030  0.057  0.065  0.543  0.025  0.050  0.045  0.066  0.035  0.044  0.039      100
 66:     0.035  0.046  0.050  0.062  0.038  0.386  0.054  0.057  0.068  0.013  0.192       49
 67:     0.042  0.064  0.062  0.075  0.036  0.364  0.080  0.089  0.047  0.029  0.114      100
 68:     0.047  0.202  0.090  0.145  0.015  0.233  0.034  0.047  0.066  0.032  0.090       50
 69:     0.024  0.110  0.053  0.043  0.013  0.139  0.042  0.063  0.428  0.021  0.063      100
--------------------------------------------

Allele-freq. divergence among pops (Net nucleotide distance),
computed using point estimates of P.

      1       2       3       4       5       6       7       8       9      10      11      
 1      -    0.0298  0.0326  0.0460  0.0640  0.0264  0.0393  0.0289  0.0345  0.0211  0.0262  
 2   0.0298     -    0.0180  0.0333  0.0625  0.0163  0.0210  0.0147  0.0150  0.0422  0.0193  
 3   0.0326  0.0180     -    0.0277  0.0543  0.0201  0.0178  0.0115  0.0182  0.0368  0.0189  
 4   0.0460  0.0333  0.0277     -    0.0759  0.0234  0.0330  0.0261  0.0279  0.0533  0.0234  
 5   0.0640  0.0625  0.0543  0.0759     -    0.0618  0.0658  0.0578  0.0663  0.0674  0.0620  
 6   0.0264  0.0163  0.0201  0.0234  0.0618     -    0.0223  0.0160  0.0207  0.0354  0.0105  
 7   0.0393  0.0210  0.0178  0.0330  0.0658  0.0223     -    0.0145  0.0250  0.0395  0.0218  
 8   0.0289  0.0147  0.0115  0.0261  0.0578  0.0160  0.0145     -    0.0178  0.0368  0.0170  
 9   0.0345  0.0150  0.0182  0.0279  0.0663  0.0207  0.0250  0.0178     -    0.0473  0.0200  
10   0.0211  0.0422  0.0368  0.0533  0.0674  0.0354  0.0395  0.0368  0.0473     -    0.0317  
11   0.0262  0.0193  0.0189  0.0234  0.0620  0.0105  0.0218  0.0170  0.0200  0.0317     -    

Average distances (expected heterozygosity) between individuals in same cluster:
cluster  1  : 0.8494 
cluster  2  : 0.8620 
cluster  3  : 0.8750 
cluster  4  : 0.8662 
cluster  5  : 0.7885 
cluster  6  : 0.8627 
cluster  7  : 0.8509 
cluster  8  : 0.8746 
cluster  9  : 0.8683 
cluster 10  : 0.8226 
cluster 11  : 0.8593 

--------------------------------------------
Estimated Ln Prob of Data   = -389399.0
Mean value of ln likelihood = -382752.4
Variance of ln likelihood   = 13293.3
Mean value of alpha         = 0.0504

Mean value of Fst_1         = 0.0284
Mean value of Fst_2         = 0.0219
Mean value of Fst_3         = 0.0181
Mean value of Fst_4         = 0.0230
Mean value of Fst_5         = 0.1318
Mean value of Fst_6         = 0.0136
Mean value of Fst_7         = 0.0250
Mean value of Fst_8         = 0.0155
Mean value of Fst_9         = 0.0185
Mean value of Fst_10         = 0.0559
Mean value of Fst_11         = 0.0187


Inferred ancestry of individuals:
        Label (%Miss) Pop:  Inferred clusters
  1    BBA_1    (0)    1 :  0.932 0.008 0.004 0.008 0.004 0.006 0.007 0.006 0.010 0.007 0.007 
  2    BBA_2    (0)    1 :  0.919 0.006 0.011 0.009 0.003 0.018 0.005 0.009 0.005 0.008 0.008 
  3    BBA_3    (0)    1 :  0.894 0.006 0.011 0.006 0.006 0.007 0.013 0.007 0.008 0.033 0.010 
  4    BBA_4    (0)    1 :  0.767 0.027 0.023 0.014 0.018 0.039 0.018 0.010 0.009 0.028 0.047 
  5    BBA_5    (0)    1 :  0.934 0.006 0.007 0.005 0.005 0.007 0.007 0.007 0.004 0.011 0.006 
  6    BBA_6    (0)    1 :  0.861 0.009 0.011 0.010 0.004 0.010 0.018 0.017 0.011 0.018 0.031 
  7    BBA_7    (0)    1 :  0.909 0.006 0.014 0.006 0.014 0.009 0.008 0.007 0.006 0.013 0.007 
  8    BBA_8    (0)    1 :  0.837 0.016 0.013 0.006 0.013 0.015 0.033 0.023 0.010 0.027 0.008 
  9    BBA_9    (0)    1 :  0.948 0.005 0.004 0.006 0.004 0.005 0.007 0.005 0.005 0.007 0.006 
 10   BBA_10    (0)    1 :  0.891 0.007 0.006 0.010 0.004 0.007 0.037 0.010 0.008 0.011 0.009 
 11   BBA_11    (0)    1 :  0.824 0.017 0.008 0.028 0.005 0.010 0.009 0.009 0.036 0.032 0.020 
 12   BBA_12    (0)    1 :  0.936 0.006 0.006 0.005 0.005 0.006 0.007 0.006 0.005 0.010 0.008 
 13   BBA_13    (0)    1 :  0.642 0.008 0.146 0.013 0.005 0.022 0.047 0.009 0.008 0.009 0.092 
 14   BBA_14    (0)    1 :  0.850 0.016 0.010 0.011 0.018 0.018 0.020 0.017 0.012 0.020 0.009 
 15   BBA_15    (0)    1 :  0.825 0.008 0.007 0.018 0.003 0.018 0.024 0.052 0.014 0.008 0.022 
 16   BBA_16    (0)    1 :  0.878 0.006 0.007 0.013 0.038 0.008 0.012 0.007 0.006 0.015 0.010 
 17   BBA_17    (0)    1 :  0.365 0.015 0.008 0.042 0.354 0.014 0.019 0.009 0.009 0.136 0.030 
 18   BBA_18    (0)    1 :  0.913 0.005 0.005 0.007 0.004 0.009 0.006 0.007 0.009 0.027 0.007 
 19   BBA_19    (0)    1 :  0.922 0.007 0.008 0.005 0.009 0.007 0.010 0.009 0.008 0.009 0.007 
 20   BBA_20    (0)    1 :  0.379 0.009 0.017 0.009 0.004 0.016 0.009 0.023 0.008 0.493 0.033 
 21   BBA_21    (0)    1 :  0.543 0.012 0.038 0.014 0.018 0.024 0.054 0.028 0.019 0.235 0.016 
 22   BBA_22    (0)    1 :  0.404 0.010 0.018 0.048 0.061 0.016 0.033 0.025 0.014 0.157 0.215 
 23   BBA_23    (0)    1 :  0.931 0.007 0.005 0.006 0.010 0.007 0.006 0.009 0.004 0.009 0.006 
 24   BBA_24    (0)    1 :  0.894 0.015 0.017 0.015 0.010 0.007 0.012 0.008 0.006 0.008 0.008 
 25   BBA_25    (0)    1 :  0.924 0.004 0.008 0.005 0.007 0.006 0.006 0.006 0.006 0.020 0.008 
 26   BBA_26    (0)    1 :  0.461 0.017 0.011 0.036 0.014 0.113 0.075 0.173 0.058 0.014 0.028 
 27   BBA_27    (0)    1 :  0.937 0.007 0.005 0.006 0.005 0.007 0.011 0.006 0.006 0.004 0.005 
 28   BBA_28    (0)    1 :  0.919 0.008 0.008 0.007 0.005 0.011 0.008 0.012 0.005 0.010 0.007 
 29   BBA_29    (0)    1 :  0.705 0.024 0.017 0.014 0.046 0.012 0.039 0.024 0.019 0.077 0.024 
 30   BBA_30    (0)    1 :  0.923 0.008 0.008 0.009 0.008 0.008 0.008 0.010 0.004 0.007 0.007 
 31   BBA_31    (0)    1 :  0.789 0.019 0.016 0.014 0.005 0.026 0.022 0.018 0.012 0.062 0.018 
 32   BBA_32    (0)    1 :  0.698 0.065 0.055 0.014 0.009 0.029 0.012 0.017 0.017 0.074 0.010 
 33   BBA_33    (0)    1 :  0.322 0.138 0.039 0.026 0.034 0.021 0.117 0.035 0.037 0.182 0.050 
 34   BBA_34    (0)    1 :  0.690 0.013 0.057 0.072 0.029 0.014 0.028 0.038 0.021 0.022 0.016 
 35   BBA_35    (0)    1 :  0.770 0.014 0.033 0.011 0.006 0.020 0.011 0.038 0.015 0.065 0.017 
 36   BBA_36    (0)    1 :  0.874 0.010 0.014 0.008 0.009 0.011 0.033 0.015 0.008 0.012 0.006 
 37   BBA_37    (0)    1 :  0.790 0.013 0.007 0.024 0.008 0.026 0.060 0.020 0.009 0.014 0.029 
 38   BBA_38    (0)    1 :  0.054 0.041 0.207 0.036 0.048 0.018 0.032 0.034 0.028 0.198 0.303 
 39   BBA_39    (0)    1 :  0.726 0.011 0.011 0.017 0.005 0.014 0.010 0.015 0.011 0.124 0.058 
 40   BBA_40    (0)    1 :  0.877 0.008 0.009 0.009 0.040 0.008 0.011 0.013 0.006 0.010 0.008 
 41   BBA_41    (0)    1 :  0.843 0.010 0.011 0.011 0.007 0.017 0.040 0.025 0.008 0.010 0.017 
 42   BBA_42    (0)    1 :  0.829 0.028 0.020 0.017 0.005 0.007 0.024 0.029 0.015 0.007 0.019 
 43   BBA_43    (0)    1 :  0.936 0.006 0.007 0.008 0.003 0.007 0.006 0.007 0.004 0.007 0.008 
 44   BBA_44    (0)    1 :  0.940 0.006 0.005 0.006 0.006 0.006 0.008 0.007 0.005 0.006 0.006 
 45   BBA_45    (0)    1 :  0.935 0.006 0.005 0.005 0.007 0.005 0.007 0.010 0.004 0.010 0.006 
 46   BBA_46    (0)    1 :  0.954 0.005 0.005 0.004 0.003 0.005 0.005 0.005 0.004 0.006 0.005 
 47   BBA_47    (0)    1 :  0.911 0.008 0.006 0.010 0.016 0.011 0.008 0.006 0.005 0.006 0.013 
 48   BBA_48    (0)    1 :  0.878 0.008 0.008 0.016 0.006 0.012 0.010 0.042 0.008 0.006 0.007 
 49   BBA_49    (0)    1 :  0.645 0.025 0.066 0.012 0.012 0.047 0.060 0.029 0.019 0.034 0.049 
 50   BBA_50    (0)    1 :  0.763 0.007 0.020 0.009 0.021 0.021 0.008 0.042 0.010 0.082 0.017 
 51   BBA_51    (0)    1 :  0.744 0.011 0.075 0.009 0.010 0.013 0.009 0.012 0.009 0.036 0.072 
 52   BBA_52    (0)    1 :  0.881 0.009 0.008 0.010 0.005 0.019 0.027 0.016 0.006 0.011 0.006 
 53   BBA_53    (0)    1 :  0.903 0.011 0.011 0.007 0.006 0.013 0.010 0.010 0.007 0.011 0.011 
 54   BBA_54    (0)    1 :  0.858 0.007 0.016 0.013 0.014 0.023 0.013 0.011 0.018 0.014 0.013 
 55   BBA_55    (0)    1 :  0.503 0.022 0.193 0.046 0.017 0.017 0.027 0.052 0.090 0.010 0.023 
 56   BBA_56    (0)    1 :  0.872 0.006 0.009 0.007 0.004 0.013 0.025 0.012 0.013 0.016 0.024 
 57   BBA_57    (0)    1 :  0.917 0.012 0.009 0.006 0.006 0.008 0.009 0.007 0.010 0.009 0.007 
 58   BBA_58    (0)    1 :  0.906 0.007 0.008 0.012 0.006 0.013 0.009 0.010 0.012 0.007 0.009 
 59   BBA_59    (0)    1 :  0.922 0.010 0.006 0.008 0.004 0.010 0.015 0.007 0.005 0.006 0.006 
 60   BBA_60    (0)    1 :  0.835 0.012 0.009 0.016 0.037 0.009 0.014 0.022 0.006 0.023 0.018 
 61   BBA_61    (0)    1 :  0.933 0.004 0.006 0.005 0.003 0.010 0.008 0.005 0.004 0.011 0.010 
 62   BBA_62    (0)    1 :  0.888 0.007 0.006 0.007 0.012 0.010 0.021 0.013 0.008 0.021 0.009 
 63   BBA_63    (0)    1 :  0.896 0.006 0.012 0.020 0.003 0.012 0.017 0.010 0.009 0.009 0.007 
 64   BBA_64    (0)    1 :  0.934 0.007 0.008 0.006 0.007 0.006 0.006 0.009 0.004 0.008 0.006 
 65   BBA_65    (0)    1 :  0.813 0.017 0.016 0.022 0.016 0.013 0.021 0.014 0.014 0.044 0.011 
 66   BBA_66    (0)    1 :  0.739 0.038 0.020 0.093 0.008 0.048 0.008 0.024 0.006 0.006 0.010 
 67   BBA_67    (0)    1 :  0.926 0.006 0.011 0.009 0.005 0.006 0.006 0.007 0.009 0.006 0.008 
 68   BBA_68    (0)    1 :  0.301 0.010 0.087 0.023 0.045 0.066 0.008 0.013 0.013 0.352 0.082 
 69    BDN_1    (0)    2 :  0.006 0.633 0.148 0.023 0.013 0.023 0.086 0.018 0.023 0.008 0.019 
 70    BDN_2    (0)    2 :  0.038 0.276 0.108 0.014 0.009 0.167 0.091 0.145 0.058 0.016 0.079 
 71    BDN_3    (0)    2 :  0.040 0.020 0.034 0.037 0.318 0.406 0.059 0.032 0.026 0.009 0.021 
 72    BDN_4   (13)    2 :  0.027 0.070 0.021 0.368 0.007 0.219 0.056 0.019 0.044 0.009 0.160 
 73    BDN_5   (13)    2 :  0.021 0.042 0.015 0.083 0.020 0.395 0.117 0.037 0.199 0.030 0.041 
 74    BDN_6    (6)    2 :  0.016 0.094 0.124 0.031 0.084 0.144 0.027 0.296 0.012 0.014 0.159 
 75    BDN_7    (0)    2 :  0.008 0.019 0.020 0.012 0.019 0.041 0.027 0.470 0.042 0.012 0.330 
 76    BDN_8    (6)    2 :  0.015 0.178 0.027 0.028 0.020 0.042 0.120 0.528 0.023 0.006 0.012 
 77    BDN_9    (0)    2 :  0.027 0.060 0.019 0.057 0.005 0.272 0.023 0.019 0.070 0.409 0.040 
 78   BDN_10    (0)    2 :  0.438 0.018 0.050 0.024 0.005 0.238 0.021 0.016 0.133 0.015 0.042 
 79   BDN_11    (0)    2 :  0.007 0.012 0.055 0.061 0.015 0.043 0.151 0.063 0.037 0.008 0.548 
 80   BDN_12    (0)    2 :  0.006 0.427 0.019 0.011 0.005 0.115 0.049 0.061 0.024 0.018 0.264 
 81   BDN_13   (13)    2 :  0.022 0.391 0.016 0.082 0.031 0.104 0.027 0.014 0.107 0.013 0.194 
 82   BDN_14    (0)    2 :  0.089 0.488 0.097 0.055 0.007 0.097 0.033 0.044 0.013 0.010 0.066 
 83   BDN_15    (6)    2 :  0.010 0.157 0.022 0.010 0.047 0.246 0.335 0.073 0.012 0.018 0.072 
 84   BDN_16    (6)    2 :  0.052 0.018 0.042 0.153 0.013 0.053 0.061 0.114 0.023 0.205 0.268 
 85   BDN_17   (13)    2 :  0.011 0.101 0.013 0.016 0.379 0.036 0.028 0.010 0.118 0.016 0.274 
 86   BDN_18    (0)    2 :  0.042 0.197 0.063 0.063 0.004 0.300 0.160 0.041 0.036 0.011 0.085 
 87   BDN_19    (0)    2 :  0.047 0.029 0.010 0.012 0.009 0.122 0.048 0.026 0.478 0.024 0.197 
 88   BDN_20   (13)    2 :  0.033 0.080 0.036 0.087 0.183 0.106 0.215 0.056 0.046 0.069 0.089 
 89   BDN_21   (13)    2 :  0.037 0.018 0.016 0.014 0.023 0.034 0.021 0.013 0.080 0.024 0.720 
 90   BDN_22    (6)    2 :  0.357 0.028 0.056 0.008 0.032 0.069 0.054 0.041 0.022 0.289 0.044 
 91   BDN_23    (0)    2 :  0.056 0.026 0.015 0.034 0.007 0.030 0.506 0.047 0.046 0.051 0.181 
 92   BDN_24    (0)    2 :  0.047 0.261 0.047 0.012 0.016 0.042 0.150 0.039 0.314 0.007 0.065 
 93   BDN_25   (13)    2 :  0.036 0.097 0.019 0.014 0.010 0.019 0.346 0.123 0.238 0.021 0.076 
 94   BDN_26    (0)    2 :  0.011 0.057 0.026 0.007 0.166 0.018 0.495 0.021 0.021 0.106 0.071 
 95   BDN_27    (0)    2 :  0.022 0.140 0.040 0.020 0.005 0.310 0.101 0.021 0.305 0.008 0.027 
 96   BDN_28   (13)    2 :  0.017 0.049 0.047 0.120 0.009 0.092 0.034 0.217 0.115 0.017 0.284 
 97   BDN_29    (0)    2 :  0.061 0.015 0.067 0.015 0.048 0.183 0.547 0.018 0.011 0.014 0.020 
 98   BDN_30    (0)    2 :  0.017 0.122 0.042 0.013 0.059 0.025 0.010 0.010 0.031 0.038 0.634 
 99   BDN_31    (0)    2 :  0.071 0.017 0.010 0.060 0.005 0.023 0.049 0.041 0.040 0.033 0.651 
100   BDN_32    (0)    2 :  0.018 0.015 0.064 0.010 0.008 0.537 0.020 0.223 0.012 0.082 0.010 
101   BDN_33    (0)    2 :  0.008 0.050 0.046 0.007 0.018 0.038 0.027 0.026 0.101 0.016 0.663 
102   BDN_34    (0)    2 :  0.009 0.095 0.019 0.460 0.004 0.017 0.029 0.023 0.021 0.006 0.317 
103   BDN_35    (0)    2 :  0.024 0.062 0.031 0.010 0.004 0.058 0.022 0.013 0.752 0.009 0.014 
104   BDN_36    (0)    2 :  0.014 0.017 0.062 0.013 0.013 0.439 0.131 0.076 0.062 0.045 0.129 
105   BDN_37    (0)    2 :  0.011 0.020 0.038 0.016 0.016 0.028 0.041 0.023 0.359 0.075 0.373 
106   BDN_38    (0)    2 :  0.011 0.037 0.040 0.017 0.243 0.014 0.051 0.068 0.277 0.042 0.199 
107   BDN_39    (0)    2 :  0.047 0.033 0.014 0.032 0.003 0.065 0.023 0.065 0.685 0.012 0.019 
108   BDN_40    (0)    2 :  0.007 0.197 0.018 0.011 0.011 0.013 0.061 0.097 0.556 0.007 0.023 
109   BDN_41    (0)    2 :  0.022 0.059 0.030 0.088 0.021 0.511 0.085 0.058 0.029 0.012 0.085 
110   BDN_42   (13)    2 :  0.011 0.046 0.014 0.059 0.005 0.072 0.183 0.035 0.022 0.024 0.528 
111   BDN_43    (6)    2 :  0.013 0.050 0.037 0.443 0.008 0.054 0.084 0.156 0.114 0.024 0.018 
112   BDN_44    (0)    2 :  0.045 0.226 0.025 0.018 0.014 0.072 0.195 0.265 0.027 0.063 0.051 
113   BDN_45    (0)    2 :  0.016 0.305 0.121 0.022 0.017 0.018 0.364 0.055 0.047 0.012 0.024 
114   BDN_46   (13)    2 :  0.028 0.652 0.057 0.037 0.007 0.038 0.008 0.042 0.020 0.029 0.081 
115   BDN_47    (0)    2 :  0.039 0.043 0.073 0.128 0.029 0.421 0.159 0.045 0.013 0.023 0.026 
116   BDN_48    (0)    2 :  0.036 0.014 0.094 0.101 0.004 0.127 0.078 0.338 0.076 0.016 0.115 
117   BDN_49    (0)    2 :  0.020 0.018 0.013 0.031 0.003 0.012 0.201 0.056 0.622 0.011 0.014 
118   BDN_50    (0)    2 :  0.025 0.240 0.010 0.044 0.005 0.113 0.356 0.034 0.078 0.013 0.082 
119   BDN_51    (0)    2 :  0.030 0.149 0.126 0.021 0.007 0.057 0.167 0.213 0.052 0.024 0.153 
120   BDN_52    (0)    2 :  0.017 0.301 0.015 0.029 0.014 0.158 0.131 0.037 0.165 0.009 0.125 
121   BDN_53    (0)    2 :  0.058 0.031 0.015 0.163 0.007 0.123 0.135 0.310 0.067 0.042 0.049 
122   BDN_54   (13)    2 :  0.157 0.015 0.015 0.019 0.017 0.084 0.035 0.015 0.012 0.275 0.357 
123   BDN_55    (6)    2 :  0.014 0.039 0.019 0.008 0.004 0.027 0.014 0.161 0.027 0.133 0.552 
124   BDN_56   (13)    2 :  0.010 0.037 0.033 0.050 0.004 0.040 0.439 0.057 0.287 0.027 0.017 
125   BDN_57    (6)    2 :  0.032 0.080 0.173 0.024 0.064 0.090 0.146 0.133 0.177 0.043 0.038 
126   BDN_58    (6)    2 :  0.045 0.120 0.337 0.014 0.023 0.083 0.044 0.085 0.055 0.020 0.173 
127   BDN_59    (6)    2 :  0.025 0.008 0.021 0.015 0.059 0.013 0.742 0.034 0.019 0.041 0.023 
128   BDN_60    (6)    2 :  0.018 0.022 0.018 0.036 0.050 0.411 0.073 0.025 0.089 0.011 0.247 
129   BDN_61    (0)    2 :  0.020 0.108 0.026 0.206 0.011 0.058 0.197 0.120 0.218 0.012 0.025 
130   BDN_62    (0)    2 :  0.013 0.043 0.034 0.044 0.004 0.064 0.493 0.134 0.011 0.092 0.067 
131   BDN_63    (6)    2 :  0.052 0.188 0.095 0.029 0.198 0.264 0.030 0.055 0.052 0.019 0.018 
132   BDN_64    (0)    2 :  0.041 0.011 0.018 0.059 0.007 0.102 0.120 0.021 0.441 0.031 0.149 
133   BDN_65    (0)    2 :  0.013 0.084 0.037 0.020 0.048 0.149 0.065 0.088 0.029 0.394 0.072 
134   BDN_66   (13)    2 :  0.031 0.013 0.017 0.039 0.006 0.067 0.042 0.020 0.637 0.017 0.111 
135   BDN_67    (0)    2 :  0.313 0.013 0.102 0.031 0.009 0.032 0.009 0.212 0.183 0.025 0.073 
136   BDN_68    (6)    2 :  0.018 0.066 0.067 0.018 0.055 0.043 0.018 0.640 0.031 0.011 0.034 
137   BDN_69    (0)    2 :  0.009 0.129 0.095 0.023 0.007 0.404 0.149 0.108 0.021 0.019 0.035 
138   BDN_70    (6)    2 :  0.014 0.019 0.021 0.015 0.011 0.038 0.017 0.067 0.037 0.021 0.739 
139   BDN_71    (6)    2 :  0.020 0.039 0.035 0.027 0.010 0.107 0.148 0.018 0.541 0.033 0.023 
140   BDN_72    (0)    2 :  0.020 0.016 0.027 0.043 0.006 0.066 0.027 0.711 0.028 0.039 0.018 
141   BDN_73    (0)    2 :  0.015 0.091 0.024 0.232 0.008 0.149 0.025 0.392 0.020 0.030 0.013 
142   BDN_74    (0)    2 :  0.016 0.024 0.026 0.009 0.011 0.114 0.168 0.459 0.030 0.019 0.123 
143   BDN_75    (0)    2 :  0.014 0.146 0.043 0.039 0.038 0.272 0.045 0.017 0.343 0.019 0.023 
144   BDN_76    (0)    2 :  0.145 0.072 0.013 0.037 0.012 0.078 0.010 0.034 0.050 0.019 0.529 
145   BDNB_1    (0)    3 :  0.008 0.636 0.010 0.032 0.024 0.031 0.034 0.028 0.111 0.012 0.076 
146   BDNB_2    (0)    3 :  0.054 0.165 0.174 0.040 0.009 0.087 0.022 0.151 0.128 0.017 0.152 
147   BDNB_3    (0)    3 :  0.029 0.038 0.463 0.010 0.019 0.028 0.044 0.171 0.150 0.030 0.019 
148   BDNB_4    (0)    3 :  0.012 0.290 0.038 0.032 0.009 0.199 0.048 0.070 0.211 0.009 0.083 
149   BDNB_5    (0)    3 :  0.033 0.014 0.012 0.068 0.006 0.548 0.024 0.018 0.010 0.031 0.236 
150   BDNB_6    (0)    3 :  0.019 0.036 0.018 0.013 0.043 0.194 0.116 0.067 0.106 0.291 0.096 
151   BDNB_7    (0)    3 :  0.073 0.159 0.139 0.093 0.031 0.120 0.026 0.050 0.235 0.012 0.062 
152   BDNB_8    (0)    3 :  0.053 0.044 0.014 0.013 0.076 0.142 0.294 0.202 0.089 0.012 0.061 
153   BDNB_9    (0)    3 :  0.019 0.009 0.024 0.011 0.013 0.022 0.014 0.015 0.021 0.008 0.844 
154  BDNB_10    (0)    3 :  0.072 0.030 0.017 0.024 0.009 0.148 0.044 0.078 0.054 0.145 0.379 
155  BDNB_11    (0)    3 :  0.017 0.013 0.021 0.020 0.005 0.803 0.010 0.021 0.058 0.009 0.022 
156  BDNB_12    (0)    3 :  0.010 0.014 0.046 0.017 0.005 0.825 0.015 0.021 0.022 0.008 0.017 
157  BDNB_13    (0)    3 :  0.023 0.053 0.014 0.074 0.007 0.114 0.084 0.025 0.240 0.109 0.259 
158  BDNB_14    (0)    3 :  0.128 0.033 0.030 0.010 0.009 0.017 0.232 0.062 0.070 0.229 0.179 
159  BDNB_15    (0)    3 :  0.007 0.007 0.008 0.013 0.005 0.017 0.027 0.881 0.021 0.007 0.007 
160  BDNB_16    (0)    3 :  0.278 0.043 0.096 0.029 0.009 0.116 0.041 0.080 0.024 0.221 0.063 
161  BDNB_17    (6)    3 :  0.052 0.443 0.100 0.022 0.030 0.204 0.017 0.032 0.014 0.016 0.070 
162  BDNB_18    (0)    3 :  0.055 0.032 0.016 0.035 0.062 0.643 0.019 0.028 0.048 0.014 0.048 
163  BDNB_19    (0)    3 :  0.033 0.025 0.018 0.040 0.007 0.744 0.012 0.017 0.059 0.017 0.029 
164  BDNB_20    (0)    3 :  0.041 0.029 0.019 0.085 0.061 0.051 0.059 0.041 0.017 0.040 0.557 
165  BDNB_21    (0)    3 :  0.007 0.013 0.035 0.012 0.009 0.024 0.857 0.017 0.007 0.006 0.014 
166  BDNB_22    (0)    3 :  0.024 0.039 0.011 0.095 0.007 0.729 0.014 0.015 0.014 0.023 0.030 
167  BDNB_23    (0)    3 :  0.009 0.018 0.041 0.012 0.005 0.013 0.838 0.021 0.023 0.006 0.013 
168  BDNB_24    (0)    3 :  0.147 0.045 0.049 0.373 0.006 0.072 0.147 0.017 0.038 0.075 0.032 
169  BDNB_25    (0)    3 :  0.035 0.521 0.077 0.014 0.008 0.033 0.169 0.041 0.022 0.024 0.056 
170  BDNB_26    (0)    3 :  0.018 0.032 0.011 0.042 0.009 0.325 0.076 0.286 0.141 0.014 0.047 
171  BDNB_27    (0)    3 :  0.060 0.017 0.007 0.012 0.004 0.428 0.135 0.016 0.264 0.034 0.021 
172  BDNB_28    (0)    3 :  0.028 0.016 0.030 0.133 0.015 0.117 0.033 0.037 0.386 0.145 0.061 
173  BDNB_29    (0)    3 :  0.029 0.047 0.059 0.013 0.204 0.091 0.080 0.329 0.028 0.082 0.039 
174  BDNB_30    (0)    3 :  0.581 0.010 0.022 0.084 0.083 0.051 0.035 0.025 0.018 0.015 0.076 
175  BDNB_31    (0)    3 :  0.289 0.089 0.034 0.069 0.008 0.051 0.068 0.110 0.033 0.021 0.229 
176  BDNB_32    (0)    3 :  0.023 0.062 0.016 0.031 0.005 0.016 0.317 0.014 0.015 0.012 0.490 
177  BDNB_33    (0)    3 :  0.358 0.027 0.059 0.012 0.017 0.023 0.037 0.024 0.018 0.023 0.402 
178  BDNB_34    (0)    3 :  0.169 0.100 0.026 0.035 0.005 0.124 0.238 0.043 0.073 0.025 0.162 
179  BDNB_35    (0)    3 :  0.009 0.008 0.011 0.017 0.004 0.020 0.027 0.024 0.012 0.015 0.853 
180  BDNB_36    (0)    3 :  0.167 0.017 0.018 0.165 0.026 0.013 0.202 0.091 0.023 0.231 0.047 
181  BDNB_37    (0)    3 :  0.006 0.018 0.012 0.008 0.219 0.020 0.017 0.074 0.565 0.006 0.054 
182  BDNB_38    (0)    3 :  0.035 0.031 0.019 0.026 0.044 0.541 0.142 0.017 0.019 0.042 0.085 
183  BDNB_39    (0)    3 :  0.010 0.009 0.014 0.015 0.037 0.046 0.475 0.063 0.293 0.025 0.013 
184  BDNB_40    (0)    3 :  0.017 0.011 0.024 0.012 0.051 0.274 0.053 0.021 0.141 0.012 0.385 
185  BDNB_41    (0)    3 :  0.014 0.034 0.018 0.016 0.021 0.796 0.010 0.007 0.027 0.018 0.039 
186  BDNB_42    (0)    3 :  0.011 0.016 0.012 0.065 0.007 0.711 0.077 0.019 0.007 0.061 0.014 
187  BDNB_43    (0)    3 :  0.031 0.075 0.042 0.099 0.013 0.524 0.086 0.018 0.055 0.030 0.027 
188  BDNB_44    (0)    3 :  0.048 0.074 0.089 0.115 0.012 0.137 0.039 0.046 0.066 0.026 0.347 
189  BDNB_45    (0)    3 :  0.066 0.015 0.032 0.042 0.113 0.016 0.036 0.017 0.020 0.014 0.629 
190  BDNB_46    (0)    3 :  0.032 0.011 0.032 0.076 0.007 0.039 0.020 0.013 0.010 0.057 0.703 
191  BDNB_47    (0)    3 :  0.018 0.009 0.009 0.010 0.007 0.025 0.008 0.014 0.007 0.006 0.885 
192  BDNB_48    (0)    3 :  0.044 0.032 0.022 0.028 0.019 0.219 0.433 0.013 0.023 0.012 0.156 
193  BDNB_49    (0)    3 :  0.041 0.034 0.013 0.030 0.025 0.631 0.030 0.101 0.038 0.021 0.034 
194  BDNB_50    (0)    3 :  0.010 0.021 0.014 0.014 0.008 0.775 0.087 0.018 0.015 0.019 0.018 
195  BDNB_51    (0)    3 :  0.010 0.081 0.019 0.009 0.012 0.036 0.013 0.100 0.015 0.021 0.684 
196  BDNB_52    (0)    3 :  0.011 0.043 0.031 0.023 0.007 0.043 0.162 0.184 0.406 0.016 0.075 
197  BDNB_53    (0)    3 :  0.090 0.038 0.018 0.042 0.047 0.537 0.031 0.050 0.066 0.017 0.063 
198  BDNB_54    (0)    3 :  0.012 0.030 0.030 0.016 0.012 0.740 0.079 0.008 0.047 0.006 0.019 
199  BDNB_55    (0)    3 :  0.117 0.020 0.017 0.014 0.005 0.230 0.392 0.021 0.121 0.040 0.025 
200  BDNB_56    (6)    3 :  0.048 0.075 0.202 0.014 0.019 0.089 0.012 0.095 0.219 0.017 0.209 
201  BDNB_57    (0)    3 :  0.432 0.010 0.019 0.013 0.013 0.090 0.113 0.015 0.015 0.117 0.163 
202  BDNB_58    (0)    3 :  0.013 0.025 0.017 0.011 0.003 0.015 0.055 0.022 0.026 0.006 0.808 
203  BDNB_59    (0)    3 :  0.046 0.066 0.040 0.117 0.025 0.116 0.184 0.033 0.034 0.023 0.316 
204  BDNB_60    (0)    3 :  0.045 0.019 0.007 0.050 0.009 0.799 0.016 0.016 0.012 0.016 0.012 
205  BDNB_61    (0)    3 :  0.030 0.027 0.015 0.074 0.004 0.057 0.064 0.006 0.057 0.016 0.649 
206  BDNB_62    (0)    3 :  0.011 0.015 0.024 0.013 0.011 0.451 0.088 0.226 0.120 0.015 0.026 
207  BDNB_63    (0)    3 :  0.009 0.029 0.008 0.013 0.004 0.581 0.009 0.006 0.147 0.028 0.167 
208  BDNB_64    (6)    3 :  0.016 0.115 0.017 0.073 0.008 0.486 0.016 0.014 0.014 0.027 0.213 
209  BDNB_65    (0)    3 :  0.014 0.031 0.008 0.107 0.005 0.032 0.046 0.010 0.030 0.010 0.706 
210  BDNB_66    (0)    3 :  0.021 0.015 0.021 0.017 0.009 0.831 0.008 0.012 0.028 0.018 0.019 
211  BDNB_67    (0)    3 :  0.031 0.049 0.462 0.048 0.020 0.058 0.009 0.017 0.244 0.009 0.052 
212  BDNB_68    (0)    3 :  0.021 0.072 0.018 0.102 0.007 0.025 0.084 0.030 0.242 0.049 0.348 
213  BDNB_69    (0)    3 :  0.029 0.038 0.049 0.123 0.006 0.061 0.099 0.049 0.207 0.015 0.326 
214  BDNB_70    (0)    3 :  0.012 0.107 0.017 0.185 0.016 0.548 0.012 0.007 0.046 0.023 0.026 
215  BDNB_71    (0)    3 :  0.064 0.012 0.012 0.055 0.006 0.076 0.052 0.016 0.673 0.013 0.021 
216  BDNB_72    (0)    3 :  0.015 0.236 0.015 0.093 0.006 0.105 0.031 0.043 0.013 0.016 0.428 
217  BDNB_73    (0)    3 :  0.025 0.149 0.052 0.032 0.004 0.540 0.077 0.037 0.056 0.009 0.019 
218  BDNB_74    (0)    3 :  0.020 0.009 0.011 0.017 0.007 0.790 0.008 0.015 0.077 0.025 0.022 
219  BDNB_75    (0)    3 :  0.013 0.041 0.037 0.028 0.015 0.029 0.775 0.015 0.024 0.007 0.016 
220    BSB_1    (0)    4 :  0.094 0.041 0.394 0.021 0.015 0.015 0.091 0.191 0.014 0.068 0.056 
221    BSB_2    (0)    4 :  0.088 0.027 0.008 0.026 0.007 0.015 0.008 0.020 0.022 0.222 0.558 
222    BSB_3    (0)    4 :  0.011 0.006 0.139 0.603 0.008 0.076 0.023 0.011 0.057 0.018 0.048 
223    BSB_4    (0)    4 :  0.298 0.019 0.021 0.011 0.008 0.074 0.073 0.008 0.028 0.402 0.058 
224    BSB_5    (0)    4 :  0.715 0.012 0.027 0.047 0.009 0.018 0.028 0.017 0.023 0.046 0.058 
225    BSB_6    (0)    4 :  0.821 0.015 0.009 0.014 0.007 0.011 0.009 0.011 0.060 0.037 0.007 
226    BSB_7   (33)    4 :  0.202 0.073 0.073 0.024 0.180 0.186 0.046 0.051 0.031 0.060 0.075 
227    BSB_8    (0)    4 :  0.040 0.025 0.090 0.040 0.102 0.099 0.060 0.385 0.014 0.114 0.031 
228    BSB_9    (0)    4 :  0.130 0.014 0.012 0.500 0.007 0.224 0.024 0.030 0.012 0.016 0.030 
229   BSB_10    (0)    4 :  0.068 0.039 0.064 0.100 0.017 0.029 0.064 0.022 0.043 0.071 0.482 
230   BSB_11    (0)    4 :  0.285 0.011 0.114 0.078 0.179 0.029 0.070 0.033 0.115 0.031 0.053 
231   BSB_12    (0)    4 :  0.145 0.018 0.034 0.068 0.081 0.022 0.242 0.095 0.013 0.021 0.260 
232   BSB_13    (0)    4 :  0.041 0.039 0.139 0.020 0.030 0.093 0.016 0.032 0.177 0.157 0.255 
233   BSB_14    (0)    4 :  0.298 0.060 0.062 0.045 0.010 0.055 0.011 0.016 0.011 0.036 0.396 
234   BSB_15    (0)    4 :  0.058 0.018 0.132 0.005 0.063 0.022 0.286 0.057 0.010 0.200 0.148 
235   BSB_16    (6)    4 :  0.765 0.025 0.012 0.037 0.004 0.032 0.043 0.013 0.014 0.018 0.037 
236   BSB_17    (0)    4 :  0.231 0.016 0.017 0.010 0.008 0.013 0.012 0.012 0.069 0.027 0.585 
237   BSB_18    (0)    4 :  0.472 0.010 0.108 0.046 0.024 0.243 0.017 0.012 0.018 0.036 0.013 
238   BSB_19    (0)    4 :  0.477 0.009 0.061 0.009 0.017 0.011 0.344 0.007 0.021 0.027 0.018 
239   BSB_20    (0)    4 :  0.666 0.102 0.033 0.006 0.017 0.030 0.016 0.027 0.040 0.015 0.050 
240   BSB_21    (0)    4 :  0.314 0.019 0.017 0.015 0.007 0.018 0.008 0.036 0.292 0.009 0.264 
241   BSB_22    (0)    4 :  0.066 0.018 0.069 0.629 0.007 0.036 0.010 0.025 0.015 0.053 0.072 
242   BSB_23    (0)    4 :  0.198 0.057 0.020 0.117 0.016 0.052 0.051 0.008 0.045 0.300 0.136 
243   BSB_24    (0)    4 :  0.647 0.011 0.022 0.015 0.022 0.012 0.014 0.015 0.013 0.117 0.113 
244   BSB_25    (0)    4 :  0.764 0.012 0.014 0.042 0.015 0.021 0.030 0.012 0.014 0.038 0.038 
245   BSB_26    (0)    4 :  0.579 0.034 0.014 0.023 0.007 0.027 0.012 0.017 0.016 0.221 0.049 
246   BSB_27    (0)    4 :  0.632 0.034 0.073 0.009 0.005 0.025 0.137 0.012 0.018 0.010 0.046 
247   BSB_28    (0)    4 :  0.009 0.027 0.017 0.354 0.031 0.273 0.010 0.011 0.010 0.077 0.180 
248   BSB_29    (0)    4 :  0.661 0.011 0.016 0.012 0.098 0.011 0.007 0.012 0.011 0.119 0.041 
249   BSB_30    (0)    4 :  0.330 0.032 0.012 0.110 0.008 0.133 0.014 0.037 0.021 0.026 0.278 
250   BSB_31    (0)    4 :  0.016 0.036 0.146 0.028 0.029 0.102 0.146 0.050 0.406 0.027 0.013 
251   BSB_32    (0)    4 :  0.528 0.017 0.017 0.016 0.006 0.031 0.009 0.031 0.016 0.298 0.030 
252   BSB_33    (0)    4 :  0.194 0.010 0.200 0.035 0.019 0.237 0.059 0.068 0.059 0.061 0.058 
253   BSB_34    (0)    4 :  0.578 0.054 0.090 0.020 0.018 0.046 0.035 0.017 0.016 0.096 0.031 
254   BSB_35    (0)    4 :  0.853 0.009 0.013 0.012 0.004 0.009 0.015 0.007 0.007 0.044 0.027 
255   BSB_36    (0)    4 :  0.531 0.059 0.068 0.009 0.025 0.018 0.128 0.020 0.025 0.066 0.052 
256   BSB_37    (0)    4 :  0.837 0.030 0.011 0.011 0.008 0.008 0.007 0.016 0.026 0.010 0.035 
257   BSB_38   (60)    4 :  0.005 0.005 0.031 0.011 0.007 0.010 0.067 0.022 0.831 0.005 0.005 
258   BSB_39    (0)    4 :  0.017 0.019 0.026 0.021 0.111 0.459 0.165 0.074 0.050 0.031 0.027 
259   BSB_40    (0)    4 :  0.648 0.015 0.020 0.011 0.005 0.029 0.077 0.144 0.017 0.014 0.021 
260   BSB_41    (0)    4 :  0.142 0.107 0.032 0.081 0.096 0.054 0.056 0.028 0.055 0.063 0.286 
261   BSB_42    (0)    4 :  0.363 0.044 0.079 0.020 0.099 0.017 0.035 0.138 0.044 0.056 0.104 
262   BSB_43    (0)    4 :  0.251 0.009 0.546 0.009 0.012 0.012 0.027 0.016 0.041 0.046 0.031 
263   BSB_44    (0)    4 :  0.475 0.041 0.031 0.189 0.162 0.029 0.014 0.013 0.016 0.016 0.015 
264   BSB_45    (0)    4 :  0.140 0.025 0.066 0.023 0.006 0.075 0.104 0.047 0.049 0.019 0.449 
265   BSB_46    (0)    4 :  0.190 0.015 0.022 0.031 0.035 0.036 0.025 0.043 0.108 0.038 0.456 
266   BSB_47    (0)    4 :  0.624 0.079 0.014 0.009 0.040 0.043 0.026 0.022 0.040 0.041 0.062 
267   BSB_48    (0)    4 :  0.108 0.017 0.099 0.011 0.011 0.041 0.346 0.166 0.062 0.071 0.066 
268   BSB_49    (0)    4 :  0.278 0.023 0.114 0.013 0.016 0.024 0.064 0.343 0.070 0.016 0.039 
269   BSB_50   (60)    4 :  0.004 0.006 0.021 0.006 0.004 0.005 0.005 0.008 0.933 0.004 0.004 
270   BSB_51    (0)    4 :  0.020 0.031 0.342 0.019 0.007 0.039 0.129 0.100 0.013 0.177 0.123 
271   BSB_52    (0)    4 :  0.079 0.010 0.043 0.053 0.010 0.025 0.013 0.013 0.106 0.094 0.554 
272   BSB_53    (0)    4 :  0.753 0.012 0.014 0.013 0.007 0.033 0.013 0.008 0.022 0.009 0.116 
273   BSB_54    (0)    4 :  0.026 0.022 0.016 0.009 0.011 0.068 0.020 0.105 0.010 0.035 0.679 
274   BSB_55    (0)    4 :  0.125 0.042 0.134 0.355 0.015 0.080 0.030 0.060 0.012 0.077 0.071 
275   BSB_56    (0)    4 :  0.067 0.170 0.021 0.145 0.011 0.135 0.023 0.023 0.132 0.071 0.203 
276   BSB_57    (0)    4 :  0.126 0.036 0.032 0.061 0.466 0.129 0.008 0.047 0.011 0.064 0.019 
277   BSB_58    (0)    4 :  0.044 0.121 0.041 0.072 0.007 0.140 0.180 0.041 0.024 0.014 0.314 
278   BSB_59    (0)    4 :  0.716 0.014 0.012 0.013 0.130 0.031 0.019 0.019 0.011 0.015 0.020 
279   BSB_60   (60)    4 :  0.004 0.005 0.005 0.004 0.005 0.005 0.005 0.005 0.952 0.005 0.004 
280   BSB_61    (0)    4 :  0.439 0.031 0.052 0.012 0.057 0.068 0.022 0.027 0.026 0.238 0.028 
281   BSB_62    (0)    4 :  0.351 0.023 0.306 0.026 0.007 0.017 0.008 0.015 0.069 0.153 0.026 
282   BSB_63    (0)    4 :  0.337 0.009 0.010 0.181 0.009 0.013 0.009 0.010 0.110 0.040 0.273 
283   BSB_64    (0)    4 :  0.429 0.072 0.036 0.056 0.158 0.061 0.034 0.011 0.012 0.075 0.056 
284   BSB_65    (0)    4 :  0.281 0.010 0.057 0.093 0.095 0.060 0.043 0.053 0.121 0.084 0.105 
285   BSB_66    (0)    4 :  0.543 0.025 0.030 0.006 0.033 0.014 0.090 0.069 0.118 0.014 0.058 
286   BSB_67    (0)    4 :  0.245 0.021 0.137 0.020 0.025 0.221 0.049 0.016 0.121 0.024 0.121 
287   BSB_68    (0)    4 :  0.019 0.012 0.011 0.056 0.011 0.016 0.789 0.011 0.020 0.017 0.040 
288   BSB_69    (0)    4 :  0.013 0.288 0.027 0.160 0.007 0.036 0.048 0.053 0.180 0.010 0.180 
289   BSB_70    (0)    4 :  0.013 0.098 0.012 0.287 0.009 0.041 0.014 0.020 0.048 0.022 0.436 
290   BSB_71    (0)    4 :  0.783 0.035 0.029 0.022 0.004 0.013 0.007 0.007 0.026 0.014 0.059 
291   BSB_72    (0)    4 :  0.045 0.177 0.145 0.019 0.116 0.183 0.028 0.034 0.164 0.044 0.047 
292   BSB_73    (0)    4 :  0.082 0.027 0.025 0.018 0.006 0.014 0.014 0.096 0.010 0.028 0.682 
293   BSB_74    (0)    4 :  0.126 0.016 0.114 0.040 0.018 0.024 0.012 0.039 0.056 0.208 0.346 
294   BSB_75    (0)    4 :  0.670 0.039 0.040 0.014 0.006 0.042 0.094 0.014 0.045 0.011 0.026 
295   BSB_76    (0)    4 :  0.221 0.023 0.053 0.030 0.029 0.080 0.016 0.009 0.037 0.245 0.257 
296   BSB_77   (53)    4 :  0.004 0.004 0.004 0.004 0.004 0.005 0.004 0.006 0.959 0.004 0.004 
297   BSB_78    (0)    4 :  0.031 0.119 0.013 0.015 0.018 0.044 0.006 0.019 0.012 0.061 0.663 
298    CCR_1    (0)    5 :  0.024 0.039 0.063 0.009 0.022 0.030 0.039 0.677 0.019 0.049 0.029 
299    CCR_2    (0)    5 :  0.008 0.010 0.062 0.039 0.006 0.010 0.006 0.830 0.007 0.010 0.012 
300    CCR_3    (0)    5 :  0.011 0.636 0.025 0.034 0.008 0.024 0.017 0.175 0.029 0.025 0.016 
301    CCR_4    (0)    5 :  0.009 0.016 0.022 0.065 0.036 0.028 0.057 0.554 0.190 0.010 0.013 
302    CCR_5    (0)    5 :  0.008 0.013 0.692 0.016 0.010 0.010 0.012 0.201 0.009 0.021 0.009 
303    CCR_6    (0)    5 :  0.011 0.014 0.112 0.007 0.006 0.010 0.026 0.778 0.009 0.011 0.017 
304    CCR_7    (0)    5 :  0.010 0.035 0.034 0.031 0.004 0.012 0.011 0.773 0.031 0.046 0.012 
305    CCR_8    (0)    5 :  0.050 0.192 0.028 0.070 0.013 0.092 0.050 0.031 0.276 0.027 0.173 
306    CCR_9    (0)    5 :  0.013 0.017 0.015 0.008 0.005 0.015 0.015 0.886 0.007 0.008 0.011 
307   CCR_10    (0)    5 :  0.022 0.156 0.011 0.014 0.007 0.043 0.029 0.081 0.356 0.047 0.234 
308   CCR_11    (0)    5 :  0.009 0.029 0.015 0.015 0.014 0.019 0.067 0.752 0.055 0.013 0.012 
309   CCR_12    (0)    5 :  0.010 0.049 0.112 0.012 0.007 0.011 0.007 0.756 0.006 0.021 0.008 
310   CCR_13    (0)    5 :  0.014 0.151 0.043 0.017 0.005 0.034 0.017 0.663 0.019 0.005 0.032 
311   CCR_14    (0)    5 :  0.016 0.093 0.093 0.042 0.028 0.013 0.020 0.214 0.415 0.029 0.038 
312   CCR_15    (0)    5 :  0.010 0.228 0.058 0.020 0.004 0.119 0.233 0.208 0.073 0.010 0.035 
313   CCR_16    (0)    5 :  0.038 0.012 0.132 0.116 0.011 0.013 0.016 0.110 0.281 0.059 0.212 
314   CCR_17    (0)    5 :  0.008 0.783 0.021 0.012 0.008 0.021 0.010 0.095 0.020 0.006 0.015 
315   CCR_18    (0)    5 :  0.009 0.099 0.038 0.210 0.004 0.289 0.013 0.251 0.037 0.009 0.041 
316   CCR_19    (0)    5 :  0.019 0.186 0.035 0.013 0.006 0.018 0.053 0.610 0.021 0.026 0.013 
317   CCR_20    (0)    5 :  0.070 0.037 0.028 0.009 0.021 0.017 0.014 0.695 0.021 0.062 0.026 
318   CCR_21    (0)    5 :  0.012 0.008 0.010 0.010 0.014 0.011 0.013 0.869 0.008 0.026 0.019 
