

----------------------------------------------------
STRUCTURE by Pritchard, Stephens and Donnelly (2000)
     and Falush, Stephens and Pritchard (2003)
       Code by Pritchard, Falush and Hubisz
             Version 2.3.4 (Jul 2012)
----------------------------------------------------



Command line arguments:   structure -m /global/home/hpc3579/salmon/mainparamsnewfoundlandfiles/mainparamsnewfoundland9 -e /global/home/hpc3579/salmon/extraparams_newfoundlandfile -K 9 
Input File:    /global/home/hpc3579/salmon/NewfoundlandStruc.txt

Run parameters:
   5235 individuals
   15 loci
   9 populations assumed
   100000 Burn-in period
   1000000 Reps


--------------------------------------------
Proportion of membership of each pre-defined
 population in each of the 9 clusters

Given    Inferred Clusters                                                 Number of
 Pop       1      2      3      4      5      6      7      8      9      Individuals

  1:     0.035  0.025  0.007  0.018  0.026  0.022  0.821  0.016  0.030       68
  2:     0.081  0.195  0.033  0.018  0.161  0.075  0.067  0.194  0.178       76
  3:     0.094  0.163  0.016  0.015  0.084  0.073  0.073  0.183  0.299       75
  4:     0.156  0.073  0.068  0.030  0.051  0.084  0.317  0.052  0.169       78
  5:     0.073  0.045  0.013  0.015  0.646  0.036  0.040  0.080  0.052       80
  6:     0.026  0.727  0.018  0.011  0.053  0.055  0.029  0.031  0.050       77
  7:     0.021  0.800  0.011  0.015  0.058  0.020  0.022  0.025  0.028       99
  8:     0.113  0.064  0.020  0.020  0.457  0.064  0.066  0.100  0.096       78
  9:     0.065  0.583  0.013  0.018  0.065  0.046  0.040  0.107  0.064       74
 10:     0.120  0.067  0.011  0.017  0.087  0.054  0.103  0.069  0.472      100
 11:     0.137  0.045  0.023  0.028  0.086  0.041  0.185  0.068  0.387      100
 12:     0.101  0.095  0.016  0.019  0.566  0.043  0.034  0.060  0.067       75
 13:     0.071  0.085  0.009  0.011  0.583  0.036  0.031  0.117  0.058       77
 14:     0.111  0.082  0.017  0.023  0.535  0.054  0.046  0.060  0.072       82
 15:     0.069  0.034  0.011  0.017  0.680  0.035  0.027  0.066  0.061       75
 16:     0.077  0.221  0.028  0.017  0.083  0.058  0.048  0.247  0.221       56
 17:     0.048  0.047  0.009  0.015  0.659  0.038  0.022  0.096  0.066       70
 18:     0.026  0.805  0.013  0.010  0.033  0.030  0.015  0.023  0.045       82
 19:     0.045  0.020  0.010  0.020  0.027  0.023  0.751  0.028  0.077       75
 20:     0.155  0.035  0.015  0.012  0.112  0.053  0.435  0.052  0.131       57
 21:     0.020  0.026  0.039  0.021  0.022  0.018  0.819  0.019  0.017      111
 22:     0.386  0.039  0.014  0.076  0.072  0.059  0.226  0.038  0.090       88
 23:     0.061  0.266  0.020  0.030  0.126  0.065  0.081  0.103  0.248       69
 24:     0.063  0.093  0.012  0.014  0.680  0.034  0.017  0.051  0.036       75
 25:     0.093  0.042  0.008  0.014  0.048  0.038  0.613  0.066  0.079      100
 26:     0.079  0.692  0.007  0.014  0.082  0.046  0.018  0.032  0.030       76
 27:     0.073  0.052  0.028  0.013  0.052  0.059  0.518  0.068  0.137       84
 28:     0.082  0.026  0.010  0.013  0.047  0.057  0.684  0.037  0.044       74
 29:     0.664  0.017  0.147  0.011  0.014  0.017  0.079  0.031  0.020       51
 30:     0.035  0.035  0.034  0.017  0.039  0.020  0.755  0.020  0.044       75
 31:     0.011  0.011  0.914  0.008  0.013  0.009  0.012  0.011  0.012       71
 32:     0.115  0.104  0.017  0.023  0.475  0.067  0.042  0.090  0.067       66
 33:     0.070  0.054  0.010  0.017  0.062  0.636  0.027  0.056  0.067       81
 34:     0.079  0.085  0.018  0.018  0.106  0.066  0.036  0.094  0.496       50
 35:     0.065  0.084  0.009  0.014  0.171  0.026  0.023  0.542  0.066       50
 36:     0.732  0.042  0.009  0.018  0.065  0.025  0.019  0.061  0.028      100
 37:     0.039  0.031  0.012  0.016  0.036  0.730  0.026  0.038  0.072       94
 38:     0.363  0.108  0.012  0.021  0.103  0.075  0.021  0.186  0.111      100
 39:     0.072  0.069  0.015  0.011  0.129  0.090  0.047  0.087  0.480       50
 40:     0.169  0.099  0.011  0.024  0.156  0.062  0.057  0.336  0.085       98
 41:     0.108  0.032  0.022  0.019  0.058  0.033  0.038  0.653  0.037       50
 42:     0.015  0.014  0.010  0.007  0.014  0.873  0.019  0.020  0.027       99
 43:     0.152  0.132  0.018  0.020  0.176  0.066  0.044  0.323  0.068       99
 44:     0.104  0.062  0.019  0.013  0.101  0.068  0.027  0.158  0.448      100
 45:     0.118  0.057  0.010  0.019  0.118  0.110  0.028  0.112  0.426       48
 46:     0.071  0.047  0.006  0.009  0.062  0.677  0.039  0.040  0.051       28
 47:     0.106  0.055  0.015  0.038  0.111  0.091  0.061  0.077  0.446       50
 48:     0.055  0.090  0.014  0.018  0.055  0.109  0.024  0.040  0.595      100
 49:     0.087  0.082  0.021  0.012  0.106  0.071  0.024  0.119  0.477       50
 50:     0.066  0.047  0.009  0.020  0.065  0.677  0.027  0.056  0.033       41
 51:     0.082  0.117  0.019  0.021  0.116  0.070  0.046  0.136  0.393       50
 52:     0.043  0.040  0.012  0.017  0.034  0.031  0.030  0.745  0.048      100
 53:     0.623  0.058  0.010  0.017  0.101  0.032  0.051  0.075  0.032       98
 54:     0.270  0.104  0.011  0.024  0.106  0.154  0.040  0.113  0.179      100
 55:     0.010  0.010  0.007  0.930  0.009  0.008  0.009  0.009  0.008       95
 56:     0.092  0.061  0.009  0.007  0.076  0.025  0.049  0.643  0.037       50
 57:     0.076  0.092  0.035  0.017  0.102  0.084  0.146  0.114  0.334       70
 58:     0.099  0.050  0.009  0.015  0.055  0.635  0.025  0.039  0.074      100
 59:     0.093  0.102  0.011  0.016  0.113  0.057  0.058  0.158  0.392       50
 60:     0.027  0.015  0.006  0.007  0.022  0.017  0.013  0.872  0.022       50
 61:     0.173  0.057  0.017  0.016  0.156  0.072  0.036  0.271  0.202      100
 62:     0.055  0.025  0.011  0.015  0.045  0.757  0.017  0.050  0.026       41
 63:     0.064  0.047  0.010  0.015  0.049  0.665  0.023  0.060  0.067      100
 64:     0.106  0.033  0.018  0.014  0.058  0.055  0.019  0.582  0.116       50
 65:     0.082  0.053  0.009  0.028  0.073  0.623  0.036  0.053  0.044      100
 66:     0.102  0.071  0.028  0.016  0.081  0.082  0.020  0.086  0.514       49
 67:     0.079  0.115  0.033  0.018  0.127  0.106  0.042  0.148  0.333      100
 68:     0.118  0.054  0.019  0.012  0.070  0.196  0.049  0.356  0.126       50
 69:     0.083  0.051  0.015  0.010  0.079  0.049  0.022  0.558  0.132      100
--------------------------------------------

Allele-freq. divergence among pops (Net nucleotide distance),
computed using point estimates of P.

      1       2       3       4       5       6       7       8       9      
 1      -    0.0141  0.0673  0.0858  0.0092  0.0187  0.0274  0.0134  0.0134  
 2   0.0141     -    0.0765  0.0962  0.0106  0.0256  0.0336  0.0176  0.0162  
 3   0.0673  0.0765     -    0.1314  0.0713  0.0891  0.0760  0.0765  0.0770  
 4   0.0858  0.0962  0.1314     -    0.0889  0.1017  0.0977  0.0941  0.0914  
 5   0.0092  0.0106  0.0713  0.0889     -    0.0210  0.0275  0.0118  0.0127  
 6   0.0187  0.0256  0.0891  0.1017  0.0210     -    0.0428  0.0267  0.0174  
 7   0.0274  0.0336  0.0760  0.0977  0.0275  0.0428     -    0.0293  0.0247  
 8   0.0134  0.0176  0.0765  0.0941  0.0118  0.0267  0.0293     -    0.0134  
 9   0.0134  0.0162  0.0770  0.0914  0.0127  0.0174  0.0247  0.0134     -    

Average distances (expected heterozygosity) between individuals in same cluster:
cluster  1  : 0.8811 
cluster  2  : 0.8578 
cluster  3  : 0.7860 
cluster  4  : 0.7103 
cluster  5  : 0.8760 
cluster  6  : 0.8701 
cluster  7  : 0.8440 
cluster  8  : 0.8665 
cluster  9  : 0.8641 

--------------------------------------------
Estimated Ln Prob of Data   = -390491.1
Mean value of ln likelihood = -384956.3
Variance of ln likelihood   = 11069.6
Mean value of alpha         = 0.0448

Mean value of Fst_1         = 0.0113
Mean value of Fst_2         = 0.0180
Mean value of Fst_3         = 0.1396
Mean value of Fst_4         = 0.1801
Mean value of Fst_5         = 0.0120
Mean value of Fst_6         = 0.0186
Mean value of Fst_7         = 0.0266
Mean value of Fst_8         = 0.0131
Mean value of Fst_9         = 0.0104


Inferred ancestry of individuals:
        Label (%Miss) Pop:  Inferred clusters
  1    BBA_1    (0)    1 :  0.007 0.009 0.003 0.004 0.009 0.012 0.936 0.011 0.009 
  2    BBA_2    (0)    1 :  0.012 0.006 0.003 0.004 0.014 0.012 0.924 0.010 0.016 
  3    BBA_3    (0)    1 :  0.015 0.015 0.004 0.006 0.007 0.007 0.929 0.006 0.010 
  4    BBA_4    (0)    1 :  0.020 0.022 0.005 0.028 0.011 0.015 0.775 0.025 0.099 
  5    BBA_5    (0)    1 :  0.007 0.008 0.003 0.007 0.008 0.005 0.952 0.005 0.006 
  6    BBA_6    (0)    1 :  0.011 0.018 0.005 0.003 0.018 0.010 0.897 0.009 0.030 
  7    BBA_7    (0)    1 :  0.012 0.009 0.005 0.018 0.007 0.006 0.927 0.006 0.010 
  8    BBA_8    (0)    1 :  0.014 0.040 0.035 0.005 0.032 0.007 0.840 0.017 0.011 
  9    BBA_9    (0)    1 :  0.004 0.008 0.003 0.005 0.005 0.007 0.958 0.005 0.006 
 10   BBA_10    (0)    1 :  0.008 0.059 0.003 0.006 0.012 0.013 0.880 0.007 0.011 
 11   BBA_11    (0)    1 :  0.012 0.011 0.004 0.005 0.010 0.021 0.893 0.028 0.015 
 12   BBA_12    (0)    1 :  0.007 0.008 0.004 0.005 0.007 0.005 0.946 0.006 0.012 
 13   BBA_13    (0)    1 :  0.358 0.065 0.004 0.005 0.011 0.015 0.231 0.008 0.304 
 14   BBA_14    (0)    1 :  0.011 0.021 0.008 0.022 0.019 0.012 0.876 0.020 0.011 
 15   BBA_15    (0)    1 :  0.018 0.051 0.004 0.003 0.143 0.029 0.675 0.010 0.067 
 16   BBA_16    (0)    1 :  0.006 0.011 0.004 0.074 0.006 0.013 0.872 0.006 0.008 
 17   BBA_17    (0)    1 :  0.009 0.016 0.024 0.117 0.009 0.032 0.761 0.010 0.023 
 18   BBA_18    (0)    1 :  0.005 0.005 0.004 0.003 0.006 0.006 0.957 0.006 0.007 
 19   BBA_19    (0)    1 :  0.009 0.010 0.007 0.006 0.008 0.006 0.941 0.007 0.007 
 20   BBA_20    (0)    1 :  0.008 0.007 0.003 0.004 0.009 0.006 0.947 0.006 0.010 
 21   BBA_21    (0)    1 :  0.020 0.046 0.019 0.016 0.022 0.012 0.836 0.013 0.015 
 22   BBA_22    (0)    1 :  0.014 0.021 0.030 0.014 0.015 0.029 0.811 0.008 0.058 
 23   BBA_23    (0)    1 :  0.005 0.006 0.005 0.009 0.011 0.006 0.945 0.007 0.007 
 24   BBA_24    (0)    1 :  0.023 0.016 0.004 0.022 0.012 0.031 0.871 0.012 0.009 
 25   BBA_25    (0)    1 :  0.007 0.005 0.003 0.010 0.005 0.005 0.954 0.004 0.007 
 26   BBA_26    (0)    1 :  0.041 0.093 0.009 0.013 0.192 0.038 0.300 0.085 0.229 
 27   BBA_27    (0)    1 :  0.007 0.023 0.008 0.004 0.010 0.009 0.920 0.010 0.010 
 28   BBA_28    (0)    1 :  0.007 0.007 0.003 0.007 0.012 0.007 0.940 0.008 0.009 
 29   BBA_29    (0)    1 :  0.024 0.031 0.010 0.030 0.017 0.011 0.852 0.011 0.015 
 30   BBA_30    (0)    1 :  0.008 0.009 0.004 0.009 0.016 0.012 0.927 0.007 0.009 
 31   BBA_31    (0)    1 :  0.013 0.018 0.003 0.005 0.015 0.011 0.905 0.012 0.018 
 32   BBA_32    (0)    1 :  0.021 0.010 0.005 0.009 0.017 0.010 0.895 0.021 0.013 
 33   BBA_33    (0)    1 :  0.086 0.101 0.007 0.020 0.030 0.022 0.657 0.044 0.031 
 34   BBA_34    (0)    1 :  0.298 0.036 0.014 0.039 0.046 0.089 0.449 0.011 0.018 
 35   BBA_35    (0)    1 :  0.074 0.013 0.004 0.009 0.044 0.014 0.799 0.013 0.029 
 36   BBA_36    (0)    1 :  0.008 0.027 0.004 0.009 0.015 0.008 0.911 0.011 0.007 
 37   BBA_37    (0)    1 :  0.009 0.092 0.005 0.010 0.035 0.034 0.757 0.011 0.047 
 38   BBA_38    (0)    1 :  0.115 0.072 0.004 0.159 0.050 0.053 0.335 0.073 0.139 
 39   BBA_39    (0)    1 :  0.014 0.008 0.003 0.005 0.011 0.013 0.912 0.008 0.026 
 40   BBA_40    (0)    1 :  0.009 0.012 0.012 0.054 0.016 0.012 0.870 0.008 0.008 
 41   BBA_41    (0)    1 :  0.014 0.047 0.010 0.004 0.034 0.013 0.837 0.012 0.028 
 42   BBA_42    (0)    1 :  0.037 0.058 0.006 0.005 0.075 0.046 0.686 0.059 0.030 
 43   BBA_43    (0)    1 :  0.007 0.007 0.002 0.003 0.008 0.009 0.947 0.006 0.010 
 44   BBA_44    (0)    1 :  0.006 0.009 0.003 0.008 0.009 0.008 0.944 0.007 0.007 
 45   BBA_45    (0)    1 :  0.004 0.006 0.003 0.007 0.009 0.005 0.957 0.005 0.005 
 46   BBA_46    (0)    1 :  0.005 0.006 0.002 0.003 0.007 0.005 0.962 0.005 0.006 
 47   BBA_47    (0)    1 :  0.008 0.012 0.017 0.008 0.009 0.019 0.884 0.010 0.031 
 48   BBA_48    (0)    1 :  0.013 0.015 0.008 0.006 0.103 0.028 0.800 0.010 0.018 
 49   BBA_49    (0)    1 :  0.123 0.128 0.003 0.064 0.042 0.019 0.466 0.042 0.112 
 50   BBA_50    (0)    1 :  0.027 0.009 0.008 0.015 0.050 0.009 0.847 0.007 0.026 
 51   BBA_51    (0)    1 :  0.051 0.009 0.010 0.005 0.014 0.010 0.841 0.013 0.047 
 52   BBA_52    (0)    1 :  0.010 0.033 0.004 0.004 0.023 0.011 0.892 0.011 0.012 
 53   BBA_53    (0)    1 :  0.012 0.014 0.010 0.005 0.014 0.009 0.903 0.015 0.019 
 54   BBA_54    (0)    1 :  0.022 0.015 0.021 0.004 0.013 0.018 0.869 0.015 0.023 
 55   BBA_55    (0)    1 :  0.425 0.054 0.005 0.055 0.139 0.082 0.156 0.044 0.040 
 56   BBA_56    (0)    1 :  0.011 0.022 0.006 0.003 0.012 0.008 0.903 0.010 0.024 
 57   BBA_57    (0)    1 :  0.009 0.012 0.005 0.007 0.009 0.008 0.926 0.015 0.009 
 58   BBA_58    (0)    1 :  0.013 0.014 0.008 0.006 0.017 0.021 0.887 0.014 0.019 
 59   BBA_59    (0)    1 :  0.008 0.025 0.004 0.004 0.010 0.011 0.913 0.015 0.010 
 60   BBA_60    (0)    1 :  0.010 0.022 0.008 0.117 0.039 0.022 0.755 0.010 0.017 
 61   BBA_61    (0)    1 :  0.006 0.008 0.004 0.003 0.006 0.006 0.943 0.005 0.020 
 62   BBA_62    (0)    1 :  0.007 0.023 0.003 0.016 0.013 0.007 0.913 0.007 0.011 
 63   BBA_63    (0)    1 :  0.021 0.020 0.002 0.003 0.013 0.023 0.900 0.007 0.011 
 64   BBA_64    (0)    1 :  0.008 0.006 0.005 0.009 0.010 0.007 0.943 0.006 0.006 
 65   BBA_65    (0)    1 :  0.033 0.043 0.009 0.015 0.022 0.041 0.793 0.026 0.018 
 66   BBA_66    (0)    1 :  0.037 0.012 0.005 0.013 0.097 0.355 0.355 0.084 0.043 
 67   BBA_67    (0)    1 :  0.027 0.009 0.004 0.007 0.010 0.017 0.903 0.012 0.011 
 68   BBA_68    (0)    1 :  0.069 0.008 0.006 0.051 0.012 0.022 0.738 0.020 0.074 
 69    BDN_1    (0)    2 :  0.223 0.119 0.003 0.029 0.028 0.023 0.007 0.545 0.022 
 70    BDN_2    (0)    2 :  0.105 0.151 0.014 0.004 0.213 0.015 0.026 0.323 0.147 
 71    BDN_3    (0)    2 :  0.091 0.143 0.229 0.058 0.101 0.099 0.054 0.073 0.152 
 72    BDN_4   (13)    2 :  0.042 0.135 0.011 0.005 0.025 0.500 0.021 0.151 0.109 
 73    BDN_5   (13)    2 :  0.043 0.358 0.020 0.013 0.068 0.109 0.040 0.177 0.171 
 74    BDN_6    (6)    2 :  0.053 0.028 0.074 0.008 0.394 0.032 0.012 0.051 0.348 
 75    BDN_7    (0)    2 :  0.040 0.028 0.010 0.012 0.613 0.013 0.009 0.046 0.229 
 76    BDN_8    (6)    2 :  0.020 0.111 0.013 0.013 0.656 0.024 0.008 0.142 0.013 
 77    BDN_9    (0)    2 :  0.037 0.045 0.005 0.005 0.034 0.063 0.484 0.266 0.062 
 78   BDN_10    (0)    2 :  0.160 0.034 0.006 0.003 0.017 0.036 0.290 0.275 0.179 
 79   BDN_11    (0)    2 :  0.058 0.194 0.009 0.011 0.065 0.060 0.006 0.021 0.577 
 80   BDN_12    (0)    2 :  0.022 0.081 0.004 0.004 0.124 0.013 0.009 0.472 0.270 
 81   BDN_13   (13)    2 :  0.018 0.027 0.012 0.025 0.014 0.070 0.014 0.761 0.060 
 82   BDN_14    (0)    2 :  0.144 0.071 0.003 0.014 0.104 0.127 0.046 0.401 0.091 
 83   BDN_15    (6)    2 :  0.017 0.475 0.026 0.028 0.099 0.011 0.015 0.168 0.161 
 84   BDN_16    (6)    2 :  0.041 0.066 0.005 0.018 0.211 0.154 0.151 0.024 0.329 
 85   BDN_17   (13)    2 :  0.027 0.042 0.389 0.137 0.022 0.029 0.025 0.151 0.177 
 86   BDN_18    (0)    2 :  0.034 0.166 0.003 0.003 0.052 0.064 0.022 0.580 0.076 
 87   BDN_19    (0)    2 :  0.272 0.194 0.004 0.016 0.031 0.015 0.096 0.110 0.261 
 88   BDN_20   (13)    2 :  0.031 0.258 0.040 0.084 0.105 0.094 0.056 0.062 0.271 
 89   BDN_21   (13)    2 :  0.126 0.029 0.005 0.037 0.015 0.018 0.031 0.018 0.722 
 90   BDN_22    (6)    2 :  0.033 0.055 0.013 0.016 0.032 0.007 0.768 0.029 0.047 
 91   BDN_23    (0)    2 :  0.060 0.618 0.008 0.005 0.060 0.046 0.095 0.037 0.069 
 92   BDN_24    (0)    2 :  0.071 0.232 0.007 0.015 0.046 0.010 0.021 0.561 0.037 
 93   BDN_25   (13)    2 :  0.062 0.593 0.008 0.011 0.157 0.014 0.028 0.079 0.049 
 94   BDN_26    (0)    2 :  0.032 0.551 0.303 0.004 0.014 0.007 0.024 0.032 0.033 
 95   BDN_27    (0)    2 :  0.107 0.276 0.004 0.005 0.020 0.022 0.016 0.500 0.050 
 96   BDN_28   (13)    2 :  0.026 0.034 0.004 0.011 0.216 0.103 0.014 0.143 0.449 
 97   BDN_29    (0)    2 :  0.036 0.758 0.060 0.006 0.026 0.015 0.026 0.017 0.055 
 98   BDN_30    (0)    2 :  0.096 0.017 0.008 0.113 0.014 0.015 0.032 0.100 0.605 
 99   BDN_31    (0)    2 :  0.029 0.119 0.004 0.007 0.087 0.091 0.121 0.061 0.480 
100   BDN_32    (0)    2 :  0.035 0.031 0.007 0.009 0.704 0.013 0.080 0.076 0.045 
101   BDN_33    (0)    2 :  0.147 0.037 0.009 0.016 0.043 0.006 0.009 0.060 0.674 
102   BDN_34    (0)    2 :  0.027 0.037 0.004 0.003 0.033 0.664 0.009 0.059 0.164 
103   BDN_35    (0)    2 :  0.094 0.040 0.003 0.007 0.013 0.010 0.030 0.784 0.018 
104   BDN_36    (0)    2 :  0.072 0.350 0.021 0.006 0.101 0.016 0.028 0.138 0.268 
105   BDN_37    (0)    2 :  0.347 0.075 0.018 0.007 0.035 0.030 0.022 0.107 0.359 
106   BDN_38    (0)    2 :  0.068 0.038 0.455 0.007 0.086 0.028 0.021 0.237 0.061 
107   BDN_39    (0)    2 :  0.018 0.034 0.063 0.004 0.157 0.029 0.035 0.577 0.083 
108   BDN_40    (0)    2 :  0.040 0.288 0.162 0.006 0.144 0.012 0.007 0.318 0.023 
109   BDN_41    (0)    2 :  0.024 0.115 0.035 0.005 0.082 0.137 0.017 0.319 0.266 
110   BDN_42   (13)    2 :  0.022 0.345 0.009 0.003 0.053 0.113 0.015 0.053 0.388 
111   BDN_43    (6)    2 :  0.046 0.107 0.004 0.012 0.204 0.521 0.014 0.058 0.034 
112   BDN_44    (0)    2 :  0.029 0.236 0.004 0.027 0.334 0.019 0.071 0.202 0.079 
113   BDN_45    (0)    2 :  0.129 0.556 0.007 0.022 0.085 0.026 0.013 0.135 0.027 
114   BDN_46   (13)    2 :  0.147 0.010 0.009 0.006 0.131 0.060 0.055 0.473 0.110 
115   BDN_47    (0)    2 :  0.060 0.329 0.011 0.051 0.112 0.247 0.040 0.061 0.088 
116   BDN_48    (0)    2 :  0.108 0.095 0.004 0.005 0.446 0.135 0.028 0.045 0.134 
117   BDN_49    (0)    2 :  0.056 0.665 0.002 0.004 0.116 0.055 0.018 0.067 0.016 
118   BDN_50    (0)    2 :  0.011 0.504 0.004 0.004 0.030 0.034 0.022 0.355 0.035 
119   BDN_51    (0)    2 :  0.201 0.183 0.013 0.003 0.289 0.023 0.030 0.203 0.055 
120   BDN_52    (0)    2 :  0.021 0.136 0.008 0.008 0.037 0.023 0.011 0.554 0.202 
121   BDN_53    (0)    2 :  0.031 0.151 0.003 0.009 0.433 0.132 0.046 0.027 0.168 
122   BDN_54   (13)    2 :  0.010 0.020 0.017 0.007 0.012 0.015 0.812 0.018 0.089 
123   BDN_55    (6)    2 :  0.027 0.019 0.006 0.003 0.253 0.008 0.073 0.032 0.579 
124   BDN_56   (13)    2 :  0.060 0.594 0.003 0.004 0.085 0.057 0.011 0.163 0.022 
125   BDN_57    (6)    2 :  0.149 0.198 0.009 0.092 0.245 0.027 0.033 0.164 0.084 
126   BDN_58    (6)    2 :  0.534 0.058 0.022 0.007 0.108 0.013 0.030 0.044 0.185 
127   BDN_59    (6)    2 :  0.024 0.808 0.014 0.071 0.023 0.011 0.025 0.008 0.017 
128   BDN_60    (6)    2 :  0.062 0.194 0.015 0.032 0.021 0.048 0.015 0.083 0.529 
129   BDN_61    (0)    2 :  0.135 0.211 0.017 0.005 0.192 0.256 0.018 0.117 0.049 
130   BDN_62    (0)    2 :  0.025 0.701 0.003 0.005 0.115 0.048 0.027 0.034 0.042 
131   BDN_63    (6)    2 :  0.105 0.039 0.117 0.012 0.089 0.032 0.040 0.526 0.038 
132   BDN_64    (0)    2 :  0.105 0.176 0.009 0.006 0.028 0.183 0.052 0.061 0.378 
133   BDN_65    (0)    2 :  0.033 0.083 0.019 0.032 0.288 0.022 0.179 0.219 0.125 
134   BDN_66   (13)    2 :  0.164 0.130 0.007 0.005 0.044 0.161 0.049 0.289 0.150 
135   BDN_67    (0)    2 :  0.177 0.010 0.005 0.011 0.382 0.040 0.218 0.060 0.098 
136   BDN_68    (6)    2 :  0.125 0.022 0.017 0.026 0.656 0.019 0.013 0.058 0.062 
137   BDN_69    (0)    2 :  0.082 0.333 0.007 0.006 0.214 0.033 0.013 0.122 0.189 
138   BDN_70    (6)    2 :  0.070 0.025 0.005 0.023 0.138 0.022 0.020 0.059 0.636 
139   BDN_71    (6)    2 :  0.202 0.450 0.008 0.010 0.018 0.030 0.044 0.198 0.039 
140   BDN_72    (0)    2 :  0.029 0.027 0.006 0.005 0.817 0.042 0.029 0.013 0.032 
141   BDN_73    (0)    2 :  0.017 0.030 0.004 0.012 0.593 0.252 0.020 0.042 0.030 
142   BDN_74    (0)    2 :  0.039 0.223 0.007 0.007 0.462 0.010 0.019 0.051 0.180 
143   BDN_75    (0)    2 :  0.053 0.045 0.025 0.019 0.015 0.028 0.013 0.776 0.026 
144   BDN_76    (0)    2 :  0.024 0.014 0.004 0.022 0.072 0.080 0.140 0.320 0.324 
145   BDNB_1    (0)    3 :  0.010 0.029 0.035 0.004 0.022 0.018 0.008 0.838 0.037 
146   BDNB_2    (0)    3 :  0.146 0.030 0.006 0.009 0.222 0.039 0.034 0.384 0.131 
147   BDNB_3    (0)    3 :  0.646 0.049 0.013 0.008 0.152 0.009 0.040 0.054 0.028 
148   BDNB_4    (0)    3 :  0.047 0.038 0.010 0.005 0.048 0.022 0.008 0.775 0.047 
149   BDNB_5    (0)    3 :  0.015 0.034 0.014 0.003 0.020 0.113 0.044 0.024 0.732 
150   BDNB_6    (0)    3 :  0.036 0.230 0.032 0.011 0.057 0.015 0.134 0.174 0.310 
151   BDNB_7    (0)    3 :  0.628 0.020 0.003 0.075 0.040 0.055 0.017 0.131 0.032 
152   BDNB_8    (0)    3 :  0.013 0.295 0.016 0.033 0.143 0.011 0.027 0.107 0.355 
153   BDNB_9    (0)    3 :  0.016 0.014 0.008 0.012 0.012 0.008 0.016 0.008 0.905 
154  BDNB_10    (0)    3 :  0.033 0.062 0.016 0.004 0.091 0.025 0.099 0.023 0.648 
155  BDNB_11    (0)    3 :  0.159 0.018 0.005 0.005 0.090 0.073 0.018 0.366 0.266 
156  BDNB_12    (0)    3 :  0.141 0.050 0.004 0.006 0.113 0.063 0.011 0.399 0.213 
157  BDNB_13    (0)    3 :  0.048 0.128 0.004 0.008 0.028 0.138 0.043 0.185 0.418 
158  BDNB_14    (0)    3 :  0.048 0.239 0.004 0.011 0.066 0.008 0.530 0.041 0.054 
159  BDNB_15    (0)    3 :  0.010 0.028 0.004 0.004 0.919 0.012 0.006 0.008 0.009 
160  BDNB_16    (0)    3 :  0.062 0.039 0.005 0.014 0.079 0.029 0.509 0.038 0.226 
161  BDNB_17    (6)    3 :  0.179 0.045 0.004 0.121 0.123 0.035 0.035 0.316 0.142 
162  BDNB_18    (0)    3 :  0.011 0.025 0.012 0.022 0.024 0.046 0.039 0.708 0.112 
163  BDNB_19    (0)    3 :  0.046 0.019 0.004 0.009 0.023 0.101 0.028 0.660 0.109 
164  BDNB_20    (0)    3 :  0.016 0.043 0.011 0.030 0.029 0.064 0.100 0.014 0.693 
165  BDNB_21    (0)    3 :  0.012 0.914 0.004 0.011 0.016 0.011 0.006 0.014 0.013 
166  BDNB_22    (0)    3 :  0.010 0.027 0.004 0.011 0.040 0.343 0.028 0.114 0.423 
167  BDNB_23    (0)    3 :  0.042 0.870 0.004 0.005 0.031 0.012 0.007 0.017 0.011 
168  BDNB_24    (0)    3 :  0.026 0.210 0.005 0.005 0.019 0.492 0.115 0.085 0.043 
169  BDNB_25    (0)    3 :  0.230 0.403 0.010 0.005 0.063 0.016 0.021 0.187 0.065 
170  BDNB_26    (0)    3 :  0.013 0.068 0.008 0.005 0.400 0.043 0.014 0.089 0.360 
171  BDNB_27    (0)    3 :  0.023 0.209 0.014 0.003 0.038 0.014 0.053 0.120 0.525 
172  BDNB_28    (0)    3 :  0.125 0.056 0.006 0.027 0.074 0.260 0.128 0.115 0.208 
173  BDNB_29    (0)    3 :  0.046 0.087 0.178 0.019 0.383 0.015 0.044 0.065 0.163 
174  BDNB_30    (0)    3 :  0.068 0.046 0.030 0.038 0.035 0.129 0.481 0.014 0.160 
175  BDNB_31    (0)    3 :  0.046 0.089 0.002 0.021 0.176 0.104 0.196 0.088 0.276 
176  BDNB_32    (0)    3 :  0.069 0.431 0.003 0.011 0.017 0.041 0.015 0.069 0.344 
177  BDNB_33    (0)    3 :  0.055 0.054 0.004 0.038 0.039 0.014 0.305 0.034 0.458 
178  BDNB_34    (0)    3 :  0.025 0.298 0.006 0.004 0.051 0.038 0.098 0.189 0.291 
179  BDNB_35    (0)    3 :  0.009 0.077 0.006 0.002 0.023 0.023 0.015 0.010 0.835 
180  BDNB_36    (0)    3 :  0.039 0.180 0.051 0.006 0.113 0.152 0.391 0.013 0.055 
181  BDNB_37    (0)    3 :  0.193 0.062 0.201 0.006 0.174 0.010 0.006 0.087 0.262 
182  BDNB_38    (0)    3 :  0.036 0.433 0.007 0.053 0.025 0.043 0.045 0.045 0.314 
183  BDNB_39    (0)    3 :  0.022 0.781 0.016 0.019 0.082 0.016 0.014 0.021 0.028 
184  BDNB_40    (0)    3 :  0.075 0.083 0.015 0.020 0.024 0.012 0.013 0.047 0.712 
185  BDNB_41    (0)    3 :  0.036 0.014 0.021 0.009 0.010 0.023 0.015 0.429 0.442 
186  BDNB_42    (0)    3 :  0.015 0.351 0.004 0.008 0.055 0.375 0.043 0.041 0.108 
187  BDNB_43    (0)    3 :  0.058 0.245 0.009 0.012 0.024 0.159 0.032 0.392 0.069 
188  BDNB_44    (0)    3 :  0.169 0.038 0.007 0.009 0.048 0.083 0.032 0.052 0.562 
189  BDNB_45    (0)    3 :  0.047 0.041 0.041 0.028 0.020 0.056 0.053 0.019 0.695 
190  BDNB_46    (0)    3 :  0.024 0.023 0.018 0.003 0.016 0.064 0.073 0.012 0.766 
191  BDNB_47    (0)    3 :  0.014 0.008 0.006 0.005 0.014 0.011 0.014 0.008 0.921 
192  BDNB_48    (0)    3 :  0.017 0.519 0.039 0.004 0.015 0.030 0.027 0.195 0.155 
193  BDNB_49    (0)    3 :  0.022 0.056 0.016 0.024 0.252 0.044 0.031 0.417 0.138 
194  BDNB_50    (0)    3 :  0.019 0.459 0.010 0.007 0.051 0.028 0.021 0.292 0.113 
195  BDNB_51    (0)    3 :  0.042 0.022 0.006 0.032 0.260 0.014 0.015 0.189 0.420 
196  BDNB_52    (0)    3 :  0.239 0.255 0.004 0.006 0.252 0.016 0.011 0.019 0.198 
197  BDNB_53    (0)    3 :  0.014 0.050 0.004 0.063 0.044 0.053 0.064 0.602 0.105 
198  BDNB_54    (0)    3 :  0.092 0.467 0.003 0.021 0.011 0.031 0.012 0.131 0.233 
199  BDNB_55    (0)    3 :  0.043 0.607 0.009 0.003 0.033 0.016 0.141 0.048 0.100 
200  BDNB_56    (6)    3 :  0.804 0.011 0.006 0.013 0.033 0.009 0.017 0.049 0.058 
201  BDNB_57    (0)    3 :  0.017 0.081 0.017 0.005 0.013 0.011 0.555 0.011 0.290 
202  BDNB_58    (0)    3 :  0.020 0.140 0.004 0.003 0.020 0.016 0.011 0.034 0.753 
203  BDNB_59    (0)    3 :  0.057 0.154 0.047 0.004 0.030 0.088 0.038 0.085 0.497 
204  BDNB_60    (0)    3 :  0.008 0.054 0.007 0.014 0.056 0.349 0.056 0.344 0.113 
205  BDNB_61    (0)    3 :  0.065 0.138 0.004 0.004 0.007 0.102 0.030 0.059 0.591 
206  BDNB_62    (0)    3 :  0.038 0.101 0.026 0.004 0.557 0.014 0.010 0.034 0.215 
207  BDNB_63    (0)    3 :  0.014 0.009 0.005 0.003 0.006 0.013 0.017 0.048 0.884 
208  BDNB_64    (6)    3 :  0.015 0.017 0.008 0.005 0.015 0.073 0.018 0.252 0.597 
209  BDNB_65    (0)    3 :  0.016 0.080 0.005 0.004 0.016 0.162 0.020 0.049 0.649 
210  BDNB_66    (0)    3 :  0.069 0.014 0.005 0.013 0.022 0.064 0.029 0.647 0.136 
211  BDNB_67    (0)    3 :  0.862 0.007 0.023 0.008 0.012 0.023 0.009 0.030 0.026 
212  BDNB_68    (0)    3 :  0.075 0.168 0.010 0.005 0.049 0.207 0.064 0.177 0.246 
213  BDNB_69    (0)    3 :  0.389 0.139 0.004 0.005 0.040 0.115 0.017 0.060 0.232 
214  BDNB_70    (0)    3 :  0.012 0.012 0.015 0.005 0.008 0.167 0.019 0.725 0.038 
215  BDNB_71    (0)    3 :  0.044 0.176 0.008 0.006 0.038 0.134 0.141 0.197 0.255 
216  BDNB_72    (0)    3 :  0.014 0.034 0.003 0.009 0.048 0.130 0.016 0.124 0.623 
217  BDNB_73    (0)    3 :  0.105 0.064 0.003 0.004 0.032 0.033 0.018 0.692 0.049 
218  BDNB_74    (0)    3 :  0.081 0.023 0.004 0.016 0.030 0.101 0.041 0.560 0.144 
219  BDNB_75    (0)    3 :  0.023 0.843 0.005 0.024 0.015 0.025 0.010 0.041 0.014 
220    BSB_1    (0)    4 :  0.346 0.109 0.010 0.013 0.238 0.021 0.195 0.035 0.034 
221    BSB_2    (0)    4 :  0.017 0.009 0.008 0.006 0.033 0.052 0.465 0.041 0.370 
222    BSB_3    (0)    4 :  0.305 0.021 0.004 0.011 0.009 0.578 0.011 0.009 0.053 
223    BSB_4    (0)    4 :  0.023 0.083 0.005 0.006 0.008 0.010 0.727 0.032 0.105 
224    BSB_5    (0)    4 :  0.028 0.023 0.011 0.005 0.014 0.044 0.828 0.013 0.034 
225    BSB_6    (0)    4 :  0.025 0.011 0.005 0.008 0.012 0.013 0.896 0.022 0.009 
226    BSB_7   (33)    4 :  0.088 0.065 0.232 0.040 0.061 0.027 0.172 0.056 0.261 
227    BSB_8    (0)    4 :  0.061 0.079 0.006 0.221 0.453 0.035 0.057 0.014 0.075 
228    BSB_9    (0)    4 :  0.020 0.025 0.004 0.008 0.031 0.742 0.065 0.024 0.081 
229   BSB_10    (0)    4 :  0.289 0.058 0.026 0.005 0.020 0.128 0.067 0.038 0.369 
230   BSB_11    (0)    4 :  0.326 0.056 0.004 0.259 0.020 0.058 0.227 0.012 0.037 
231   BSB_12    (0)    4 :  0.121 0.294 0.017 0.088 0.079 0.082 0.106 0.017 0.198 
232   BSB_13    (0)    4 :  0.411 0.016 0.029 0.006 0.022 0.017 0.062 0.055 0.381 
233   BSB_14    (0)    4 :  0.035 0.012 0.011 0.006 0.015 0.042 0.191 0.045 0.643 
234   BSB_15    (0)    4 :  0.121 0.407 0.044 0.038 0.076 0.006 0.220 0.019 0.069 
235   BSB_16    (6)    4 :  0.030 0.072 0.006 0.004 0.019 0.061 0.612 0.038 0.158 
236   BSB_17    (0)    4 :  0.037 0.015 0.004 0.013 0.020 0.015 0.579 0.066 0.250 
237   BSB_18    (0)    4 :  0.643 0.015 0.004 0.074 0.013 0.039 0.137 0.020 0.056 
238   BSB_19    (0)    4 :  0.072 0.334 0.020 0.009 0.008 0.009 0.511 0.015 0.023 
239   BSB_20    (0)    4 :  0.129 0.022 0.005 0.052 0.053 0.006 0.416 0.201 0.116 
240   BSB_21    (0)    4 :  0.358 0.010 0.004 0.007 0.051 0.017 0.157 0.027 0.370 
241   BSB_22    (0)    4 :  0.151 0.011 0.004 0.010 0.023 0.658 0.053 0.013 0.079 
242   BSB_23    (0)    4 :  0.062 0.038 0.007 0.018 0.009 0.080 0.689 0.033 0.063 
243   BSB_24    (0)    4 :  0.014 0.009 0.004 0.046 0.009 0.010 0.878 0.006 0.024 
244   BSB_25    (0)    4 :  0.014 0.018 0.005 0.023 0.009 0.043 0.849 0.014 0.024 
245   BSB_26    (0)    4 :  0.033 0.014 0.004 0.008 0.018 0.024 0.832 0.022 0.044 
246   BSB_27    (0)    4 :  0.454 0.125 0.003 0.009 0.017 0.011 0.271 0.057 0.053 
247   BSB_28    (0)    4 :  0.016 0.010 0.036 0.015 0.011 0.507 0.025 0.027 0.351 
248   BSB_29    (0)    4 :  0.024 0.007 0.058 0.010 0.011 0.014 0.836 0.010 0.029 
249   BSB_30    (0)    4 :  0.036 0.015 0.004 0.009 0.044 0.195 0.364 0.080 0.253 
250   BSB_31    (0)    4 :  0.635 0.147 0.021 0.008 0.044 0.027 0.017 0.082 0.019 
251   BSB_32    (0)    4 :  0.010 0.007 0.005 0.004 0.015 0.010 0.920 0.011 0.017 
252   BSB_33    (0)    4 :  0.508 0.039 0.007 0.014 0.042 0.026 0.093 0.012 0.258 
253   BSB_34    (0)    4 :  0.109 0.029 0.010 0.014 0.020 0.017 0.698 0.035 0.067 
254   BSB_35    (0)    4 :  0.007 0.013 0.005 0.003 0.006 0.010 0.934 0.007 0.014 
255   BSB_36    (0)    4 :  0.125 0.164 0.017 0.012 0.022 0.010 0.559 0.048 0.044 
256   BSB_37    (0)    4 :  0.032 0.008 0.004 0.014 0.026 0.016 0.810 0.055 0.036 
257   BSB_38   (60)    4 :  0.018 0.075 0.849 0.012 0.016 0.008 0.005 0.009 0.006 
258   BSB_39    (0)    4 :  0.033 0.415 0.025 0.057 0.175 0.026 0.031 0.067 0.171 
259   BSB_40    (0)    4 :  0.054 0.112 0.006 0.004 0.231 0.016 0.519 0.025 0.033 
260   BSB_41    (0)    4 :  0.094 0.073 0.129 0.010 0.032 0.149 0.152 0.087 0.275 
261   BSB_42    (0)    4 :  0.268 0.041 0.028 0.085 0.133 0.023 0.342 0.029 0.051 
262   BSB_43    (0)    4 :  0.826 0.019 0.008 0.006 0.013 0.007 0.099 0.008 0.013 
263   BSB_44    (0)    4 :  0.071 0.017 0.083 0.060 0.022 0.315 0.356 0.058 0.018 
264   BSB_45    (0)    4 :  0.104 0.142 0.003 0.009 0.056 0.023 0.128 0.027 0.507 
265   BSB_46    (0)    4 :  0.039 0.022 0.008 0.034 0.033 0.027 0.160 0.024 0.653 
266   BSB_47    (0)    4 :  0.025 0.033 0.010 0.052 0.027 0.009 0.686 0.091 0.068 
267   BSB_48    (0)    4 :  0.171 0.324 0.012 0.007 0.212 0.012 0.117 0.037 0.108 
268   BSB_49    (0)    4 :  0.476 0.048 0.019 0.007 0.294 0.011 0.101 0.015 0.030 
269   BSB_50   (60)    4 :  0.031 0.007 0.910 0.004 0.021 0.007 0.005 0.011 0.005 
270   BSB_51    (0)    4 :  0.565 0.100 0.006 0.006 0.144 0.018 0.048 0.020 0.093 
271   BSB_52    (0)    4 :  0.132 0.013 0.005 0.011 0.014 0.059 0.172 0.012 0.582 
272   BSB_53    (0)    4 :  0.024 0.017 0.011 0.005 0.011 0.016 0.561 0.038 0.317 
273   BSB_54    (0)    4 :  0.019 0.020 0.011 0.006 0.146 0.011 0.040 0.016 0.731 
274   BSB_55    (0)    4 :  0.119 0.040 0.007 0.013 0.079 0.442 0.161 0.048 0.091 
275   BSB_56    (0)    4 :  0.053 0.032 0.059 0.003 0.021 0.182 0.086 0.197 0.366 
276   BSB_57    (0)    4 :  0.045 0.010 0.006 0.521 0.053 0.164 0.067 0.053 0.080 
277   BSB_58    (0)    4 :  0.058 0.339 0.004 0.009 0.053 0.080 0.033 0.120 0.304 
278   BSB_59    (0)    4 :  0.015 0.020 0.051 0.046 0.022 0.017 0.766 0.028 0.035 
279   BSB_60   (60)    4 :  0.005 0.007 0.950 0.004 0.007 0.006 0.009 0.006 0.007 
280   BSB_61    (0)    4 :  0.095 0.021 0.076 0.009 0.027 0.011 0.691 0.033 0.038 
281   BSB_62    (0)    4 :  0.730 0.007 0.003 0.010 0.012 0.018 0.184 0.021 0.015 
282   BSB_63    (0)    4 :  0.124 0.011 0.004 0.011 0.010 0.245 0.393 0.013 0.189 
283   BSB_64    (0)    4 :  0.041 0.035 0.078 0.048 0.013 0.062 0.610 0.055 0.059 
284   BSB_65    (0)    4 :  0.319 0.033 0.018 0.049 0.036 0.074 0.215 0.012 0.244 
285   BSB_66    (0)    4 :  0.224 0.143 0.013 0.020 0.090 0.005 0.376 0.079 0.050 
286   BSB_67    (0)    4 :  0.270 0.056 0.050 0.007 0.016 0.018 0.103 0.029 0.451 
287   BSB_68    (0)    4 :  0.013 0.804 0.037 0.004 0.012 0.065 0.016 0.008 0.041 
288   BSB_69    (0)    4 :  0.062 0.053 0.003 0.010 0.050 0.175 0.010 0.550 0.087 
289   BSB_70    (0)    4 :  0.020 0.017 0.010 0.006 0.023 0.409 0.017 0.074 0.424 
290   BSB_71    (0)    4 :  0.099 0.008 0.007 0.003 0.008 0.023 0.753 0.034 0.065 
291   BSB_72    (0)    4 :  0.181 0.027 0.037 0.025 0.029 0.017 0.041 0.576 0.068 
292   BSB_73    (0)    4 :  0.027 0.017 0.005 0.006 0.176 0.028 0.130 0.024 0.587 
293   BSB_74    (0)    4 :  0.623 0.015 0.008 0.010 0.027 0.026 0.096 0.014 0.182 
294   BSB_75    (0)    4 :  0.275 0.133 0.017 0.004 0.020 0.021 0.307 0.055 0.169 
295   BSB_76    (0)    4 :  0.043 0.017 0.012 0.013 0.011 0.031 0.495 0.024 0.354 
296   BSB_77   (53)    4 :  0.003 0.003 0.971 0.004 0.004 0.004 0.003 0.004 0.004 
297   BSB_78    (0)    4 :  0.047 0.009 0.066 0.004 0.038 0.031 0.141 0.099 0.565 
298    CCR_1    (0)    5 :  0.038 0.051 0.051 0.007 0.738 0.008 0.030 0.044 0.033 
299    CCR_2    (0)    5 :  0.025 0.006 0.007 0.004 0.899 0.031 0.008 0.013 0.007 
300    CCR_3    (0)    5 :  0.061 0.031 0.010 0.005 0.442 0.057 0.021 0.346 0.026 
301    CCR_4    (0)    5 :  0.036 0.113 0.081 0.007 0.626 0.073 0.009 0.033 0.022 
302    CCR_5    (0)    5 :  0.223 0.016 0.005 0.017 0.671 0.029 0.012 0.017 0.010 
303    CCR_6    (0)    5 :  0.034 0.029 0.004 0.005 0.881 0.006 0.015 0.013 0.013 
304    CCR_7    (0)    5 :  0.033 0.015 0.003 0.004 0.848 0.033 0.027 0.026 0.011 
305    CCR_8    (0)    5 :  0.143 0.086 0.014 0.012 0.051 0.140 0.050 0.238 0.267 
306    CCR_9    (0)    5 :  0.011 0.013 0.003 0.005 0.929 0.008 0.010 0.013 0.009 
307   CCR_10    (0)    5 :  0.016 0.055 0.008 0.004 0.107 0.016 0.033 0.563 0.198 
308   CCR_11    (0)    5 :  0.018 0.069 0.026 0.005 0.814 0.013 0.010 0.029 0.015 
309   CCR_12    (0)    5 :  0.047 0.007 0.005 0.008 0.879 0.012 0.013 0.019 0.009 
310   CCR_13    (0)    5 :  0.032 0.015 0.004 0.004 0.822 0.016 0.007 0.069 0.031 
311   CCR_14    (0)    5 :  0.069 0.021 0.007 0.073 0.204 0.039 0.017 0.555 0.015 
312   CCR_15    (0)    5 :  0.068 0.366 0.006 0.003 0.337 0.019 0.008 0.146 0.046 
313   CCR_16    (0)    5 :  0.808 0.010 0.005 0.009 0.054 0.041 0.023 0.008 0.042 
314   CCR_17    (0)    5 :  0.021 0.012 0.012 0.003 0.164 0.015 0.007 0.745 0.022 
315   CCR_18    (0)    5 :  0.024 0.015 0.003 0.004 0.333 0.214 0.007 0.331 0.068 
316   CCR_19    (0)    5 :  0.018 0.050 0.005 0.005 0.789 0.013 0.023 0.081 0.015 
317   CCR_20    (0)    5 :  0.064 0.014 0.010 0.016 0.753 0.009 0.080 0.029 0.025 
318   CCR_21    (0)    5 :  0.013 0.014 0.022 0.006 0.885 0.010 0.019 0.007 0.023 
319   CCR_22    (0)    5 :  0.022 0.065 0.004 0.004 0.790 0.027 0.030 0.021 0.036 
320   CCR_23    (0)    5 :  0.012 0.013 0.023 0.062 0.834 0.025 0.006 0.013 0.013 
321   CCR_24    (0)    5 :  0.012 0.011 0.003 0.004 0.936 0.006 0.007 0.009 0.011 
322   CCR_25    (0)    5 :  0.081 0.067 0.013 0.013 0.110 0.022 0.114 0.478 0.102 
323   CCR_26    (0)    5 :  0.021 0.025 0.011 0.004 0.583 0.008 0.090 0.028 0.230 
324   CCR_27    (0)    5 :  0.008 0.012 0.003 0.003 0.899 0.013 0.009 0.044 0.008 
325   CCR_28    (0)    5 :  0.021 0.011 0.047 0.018 0.837 0.012 0.025 0.008 0.021 
326   CCR_29    (0)    5 :  0.011 0.019 0.005 0.006 0.921 0.005 0.010 0.013 0.009 
327   CCR_30    (0)    5 :  0.023 0.243 0.010 0.012 0.596 0.014 0.007 0.071 0.024 
328   CCR_31    (0)    5 :  0.053 0.023 0.006 0.005 0.174 0.025 0.125 0.037 0.554 
329   CCR_32    (0)    5 :  0.016 0.012 0.027 0.157 0.671 0.007 0.068 0.018 0.025 
330   CCR_33    (0)    5 :  0.261 0.041 0.003 0.026 0.450 0.028 0.011 0.095 0.084 
331   CCR_34    (0)    5 :  0.025 0.009 0.003 0.020 0.896 0.013 0.010 0.013 0.011 
332   CCR_35    (0)    5 :  0.270 0.060 0.013 0.004 0.485 0.042 0.037 0.030 0.060 
333   CCR_36    (0)    5 :  0.054 0.028 0.015 0.005 0.431 0.072 0.011 0.131 0.253 
334   CCR_37    (0)    5 :  0.074 0.039 0.004 0.008 0.153 0.013 0.678 0.015 0.017 
335   CCR_38    (0)    5 :  0.018 0.014 0.006 0.006 0.911 0.014 0.012 0.010 0.010 
336   CCR_39    (0)    5 :  0.061 0.033 0.005 0.005 0.853 0.015 0.007 0.013 0.008 
337   CCR_40    (0)    5 :  0.454 0.014 0.005 0.007 0.113 0.053 0.273 0.012 0.070 
338   CCR_41    (0)    5 :  0.019 0.034 0.006 0.015 0.849 0.017 0.013 0.025 0.022 
339   CCR_42    (0)    5 :  0.009 0.009 0.013 0.004 0.916 0.010 0.016 0.011 0.012 
340   CCR_43    (0)    5 :  0.043 0.042 0.030 0.020 0.641 0.019 0.008 0.024 0.173 
341   CCR_44    (0)    5 :  0.156 0.077 0.028 0.119 0.378 0.062 0.103 0.024 0.052 
342   CCR_45    (0)    5 :  0.035 0.053 0.061 0.011 0.739 0.010 0.014 0.056 0.022 
343   CCR_46    (0)    5 :  0.013 0.014 0.018 0.010 0.865 0.006 0.017 0.014 0.044 
344   CCR_47    (0)    5 :  0.081 0.020 0.008 0.010 0.794 0.009 0.031 0.022 0.025 
345   CCR_48    (0)    5 :  0.114 0.069 0.007 0.042 0.277 0.026 0.008 0.430 0.026 
346   CCR_49    (0)    5 :  0.451 0.032 0.012 0.035 0.332 0.042 0.036 0.039 0.022 
347   CCR_50    (0)    5 :  0.015 0.007 0.007 0.012 0.896 0.029 0.013 0.011 0.008 
348   CCR_51    (0)    5 :  0.073 0.016 0.007 0.015 0.805 0.004 0.055 0.009 0.016 
349   CCR_52    (0)    5 :  0.012 0.015 0.004 0.010 0.716 0.010 0.020 0.188 0.025 
350   CCR_53    (0)    5 :  0.322 0.056 0.006 0.013 0.403 0.035 0.017 0.051 0.097 
351   CCR_54    (0)    5 :  0.025 0.051 0.005 0.012 0.569 0.101 0.047 0.159 0.032 
352   CCR_55    (0)    5 :  0.021 0.020 0.014 0.004 0.820 0.011 0.083 0.017 0.010 
353   CCR_56    (0)    5 :  0.008 0.012 0.008 0.009 0.893 0.017 0.012 0.025 0.016 
354   CCR_57    (0)    5 :  0.045 0.026 0.006 0.009 0.718 0.013 0.024 0.137 0.023 
355   CCR_58    (0)    5 :  0.037 0.222 0.004 0.009 0.427 0.032 0.020 0.123 0.126 
356   CCR_59    (0)    5 :  0.018 0.058 0.021 0.006 0.675 0.014 0.071 0.034 0.102 
357   CCR_60    (0)    5 :  0.377 0.019 0.034 0.041 0.143 0.303 0.027 0.028 0.027 
358   CCR_61    (0)    5 :  0.010 0.096 0.006 0.004 0.825 0.011 0.009 0.032 0.007 
359   CCR_62    (0)    5 :  0.019 0.067 0.006 0.012 0.378 0.012 0.015 0.022 0.468 
360   CCR_63    (0)    5 :  0.009 0.014 0.006 0.007 0.921 0.010 0.014 0.008 0.012 
361   CCR_64    (0)    5 :  0.074 0.043 0.014 0.006 0.755 0.016 0.039 0.035 0.019 
362   CCR_65    (0)    5 :  0.006 0.019 0.011 0.004 0.905 0.007 0.008 0.020 0.021 
363   CCR_66    (0)    5 :  0.007 0.016 0.003 0.003 0.932 0.006 0.015 0.010 0.008 
364   CCR_67    (0)    5 :  0.019 0.008 0.003 0.008 0.920 0.010 0.006 0.014 0.011 
365   CCR_68    (0)    5 :  0.030 0.227 0.007 0.003 0.637 0.009 0.019 0.056 0.012 
366   CCR_69    (0)    5 :  0.012 0.015 0.004 0.008 0.924 0.007 0.009 0.010 0.012 
367   CCR_70    (0)    5 :  0.169 0.095 0.009 0.006 0.672 0.013 0.006 0.010 0.019 
368   CCR_71    (0)    5 :  0.011 0.012 0.006 0.072 0.856 0.010 0.007 0.013 0.012 
369   CCR_72    (0)    5 :  0.020 0.012 0.017 0.006 0.871 0.009 0.008 0.033 0.023 
370   CCR_73    (0)    5 :  0.012 0.012 0.005 0.007 0.906 0.008 0.017 0.024 0.008 
371   CCR_74    (0)    5 :  0.033 0.142 0.006 0.004 0.361 0.040 0.217 0.154 0.042 
372   CCR_75    (0)    5 :  0.021 0.029 0.005 0.015 0.847 0.051 0.012 0.010 0.010 
373   CCR_76    (0)    5 :  0.081 0.021 0.004 0.003 0.204 0.594 0.009 0.062 0.021 
374   CCR_77    (0)    5 :  0.014 0.029 0.036 0.005 0.859 0.011 0.008 0.017 0.021 
375   CCR_78    (0)    5 :  0.087 0.018 0.031 0.003 0.555 0.050 0.161 0.013 0.080 
376   CCR_79    (0)    5 :  0.009 0.013 0.046 0.015 0.864 0.015 0.012 0.013 0.013 
377   CCR_80    (0)    5 :  0.029 0.123 0.004 0.007 0.741 0.015 0.010 0.065 0.007 
378    CMB_1    (0)    6 :  0.017 0.915 0.003 0.010 0.011 0.008 0.011 0.010 0.015 
379    CMB_2    (0)    6 :  0.006 0.944 0.004 0.004 0.014 0.004 0.006 0.010 0.008 
380    CMB_3    (0)    6 :  0.014 0.917 0.005 0.009 0.010 0.014 0.010 0.013 0.008 
381    CMB_4    (0)    6 :  0.007 0.884 0.006 0.004 0.030 0.041 0.006 0.013 0.009 
