

----------------------------------------------------
STRUCTURE by Pritchard, Stephens and Donnelly (2000)
     and Falush, Stephens and Pritchard (2003)
       Code by Pritchard, Falush and Hubisz
             Version 2.3.4 (Jul 2012)
----------------------------------------------------



Command line arguments:   structure -m /global/home/hpc3579/salmon/mainparamsnewfoundlandfiles/mainparamsnewfoundland8 -e /global/home/hpc3579/salmon/extraparams_newfoundlandfile -K 8 
Input File:    /global/home/hpc3579/salmon/NewfoundlandStruc.txt

Run parameters:
   5235 individuals
   15 loci
   8 populations assumed
   100000 Burn-in period
   1000000 Reps


--------------------------------------------
Proportion of membership of each pre-defined
 population in each of the 8 clusters

Given    Inferred Clusters                                          Number of
 Pop       1      2      3      4      5      6      7      8      Individuals

  1:     0.027  0.022  0.843  0.007  0.016  0.032  0.030  0.023       68
  2:     0.226  0.028  0.078  0.033  0.209  0.205  0.137  0.084       76
  3:     0.184  0.024  0.084  0.016  0.175  0.353  0.075  0.090       75
  4:     0.081  0.043  0.392  0.069  0.066  0.177  0.076  0.097       78
  5:     0.072  0.018  0.051  0.015  0.099  0.067  0.635  0.043       80
  6:     0.749  0.013  0.032  0.019  0.033  0.053  0.046  0.056       77
  7:     0.825  0.016  0.024  0.012  0.025  0.033  0.045  0.021       99
  8:     0.088  0.029  0.082  0.020  0.145  0.131  0.430  0.075       78
  9:     0.621  0.022  0.040  0.013  0.105  0.072  0.076  0.051       74
 10:     0.108  0.022  0.179  0.012  0.131  0.307  0.158  0.082      100
 11:     0.056  0.041  0.314  0.023  0.100  0.314  0.105  0.046      100
 12:     0.122  0.022  0.045  0.017  0.080  0.075  0.590  0.050       75
 13:     0.110  0.016  0.044  0.009  0.141  0.072  0.568  0.041       77
 14:     0.108  0.029  0.057  0.019  0.076  0.100  0.546  0.066       82
 15:     0.047  0.021  0.037  0.012  0.079  0.094  0.670  0.041       75
 16:     0.253  0.020  0.061  0.028  0.270  0.233  0.069  0.066       56
 17:     0.064  0.015  0.028  0.010  0.107  0.087  0.649  0.040       70
 18:     0.822  0.013  0.016  0.013  0.024  0.053  0.027  0.032       82
 19:     0.020  0.025  0.796  0.010  0.027  0.070  0.030  0.023       75
 20:     0.046  0.016  0.548  0.015  0.069  0.107  0.141  0.058       57
 21:     0.030  0.020  0.828  0.040  0.021  0.019  0.022  0.020      111
 22:     0.067  0.198  0.334  0.016  0.055  0.105  0.138  0.086       88
 23:     0.302  0.033  0.089  0.021  0.104  0.263  0.121  0.068       69
 24:     0.106  0.019  0.018  0.013  0.067  0.042  0.699  0.036       75
 25:     0.047  0.021  0.676  0.008  0.077  0.077  0.049  0.045      100
 26:     0.735  0.017  0.021  0.007  0.040  0.024  0.108  0.048       76
 27:     0.055  0.016  0.570  0.028  0.074  0.128  0.061  0.068       84
 28:     0.029  0.019  0.738  0.010  0.038  0.047  0.057  0.062       74
 29:     0.023  0.611  0.090  0.149  0.048  0.038  0.017  0.024       51
 30:     0.040  0.022  0.780  0.035  0.021  0.044  0.037  0.022       75
 31:     0.012  0.010  0.012  0.920  0.011  0.012  0.013  0.010       71
 32:     0.130  0.028  0.048  0.018  0.109  0.097  0.490  0.080       66
 33:     0.061  0.024  0.032  0.010  0.063  0.083  0.054  0.672       81
 34:     0.091  0.022  0.039  0.018  0.092  0.575  0.097  0.067       50
 35:     0.094  0.014  0.028  0.008  0.573  0.073  0.184  0.027       50
 36:     0.049  0.037  0.049  0.011  0.165  0.053  0.592  0.045      100
 37:     0.033  0.016  0.029  0.012  0.042  0.081  0.032  0.756       94
 38:     0.134  0.042  0.029  0.012  0.392  0.163  0.131  0.096      100
 39:     0.072  0.012  0.057  0.015  0.084  0.544  0.120  0.095       50
 40:     0.111  0.028  0.070  0.012  0.384  0.103  0.220  0.073       98
 41:     0.038  0.020  0.040  0.023  0.674  0.072  0.092  0.041       50
 42:     0.015  0.009  0.021  0.010  0.020  0.027  0.012  0.885       99
 43:     0.152  0.022  0.050  0.019  0.376  0.076  0.229  0.077       99
 44:     0.065  0.021  0.030  0.018  0.147  0.565  0.088  0.067      100
 45:     0.064  0.030  0.039  0.011  0.153  0.450  0.127  0.126       48
 46:     0.052  0.014  0.042  0.006  0.048  0.047  0.062  0.730       28
 47:     0.056  0.034  0.068  0.015  0.086  0.527  0.116  0.098       50
 48:     0.095  0.018  0.026  0.014  0.050  0.632  0.048  0.116      100
 49:     0.087  0.017  0.027  0.021  0.113  0.572  0.091  0.072       50
 50:     0.057  0.023  0.029  0.010  0.060  0.037  0.070  0.714       41
 51:     0.116  0.023  0.050  0.019  0.130  0.489  0.106  0.069       50
 52:     0.045  0.017  0.037  0.012  0.750  0.060  0.043  0.036      100
 53:     0.065  0.022  0.075  0.012  0.182  0.056  0.536  0.051       98
 54:     0.116  0.032  0.053  0.011  0.184  0.239  0.186  0.180      100
 55:     0.009  0.943  0.008  0.007  0.008  0.008  0.008  0.008       95
 56:     0.073  0.009  0.055  0.009  0.694  0.038  0.093  0.028       50
 57:     0.105  0.024  0.171  0.035  0.115  0.366  0.093  0.091       70
 58:     0.054  0.023  0.029  0.009  0.051  0.080  0.079  0.673      100
 59:     0.102  0.020  0.065  0.011  0.151  0.481  0.112  0.058       50
 60:     0.017  0.010  0.015  0.006  0.885  0.026  0.023  0.018       50
 61:     0.072  0.019  0.045  0.018  0.349  0.227  0.181  0.088      100
 62:     0.027  0.027  0.017  0.011  0.057  0.028  0.057  0.776       41
 63:     0.051  0.018  0.025  0.010  0.065  0.074  0.056  0.700      100
 64:     0.037  0.017  0.023  0.018  0.620  0.150  0.069  0.066       50
 65:     0.058  0.032  0.040  0.009  0.062  0.052  0.096  0.651      100
 66:     0.073  0.025  0.025  0.031  0.097  0.591  0.071  0.087       49
 67:     0.131  0.019  0.048  0.034  0.140  0.410  0.100  0.117      100
 68:     0.061  0.017  0.060  0.019  0.399  0.159  0.070  0.214       50
 69:     0.060  0.013  0.025  0.015  0.595  0.157  0.079  0.055      100
--------------------------------------------

Allele-freq. divergence among pops (Net nucleotide distance),
computed using point estimates of P.

      1       2       3       4       5       6       7       8      
 1      -    0.0613  0.0295  0.0739  0.0145  0.0143  0.0091  0.0231  
 2   0.0613     -    0.0614  0.0981  0.0564  0.0556  0.0521  0.0614  
 3   0.0295  0.0614     -    0.0724  0.0256  0.0222  0.0244  0.0381  
 4   0.0739  0.0981  0.0724     -    0.0723  0.0745  0.0685  0.0862  
 5   0.0145  0.0564  0.0256  0.0723     -    0.0121  0.0099  0.0233  
 6   0.0143  0.0556  0.0222  0.0745  0.0121     -    0.0120  0.0157  
 7   0.0091  0.0521  0.0244  0.0685  0.0099  0.0120     -    0.0190  
 8   0.0231  0.0614  0.0381  0.0862  0.0233  0.0157  0.0190     -    

Average distances (expected heterozygosity) between individuals in same cluster:
cluster  1  : 0.8599 
cluster  2  : 0.7893 
cluster  3  : 0.8500 
cluster  4  : 0.7881 
cluster  5  : 0.8708 
cluster  6  : 0.8654 
cluster  7  : 0.8799 
cluster  8  : 0.8717 

--------------------------------------------
Estimated Ln Prob of Data   = -391113.6
Mean value of ln likelihood = -386295.3
Variance of ln likelihood   = 9636.5
Mean value of alpha         = 0.0455

Mean value of Fst_1         = 0.0161
Mean value of Fst_2         = 0.1073
Mean value of Fst_3         = 0.0226
Mean value of Fst_4         = 0.1352
Mean value of Fst_5         = 0.0112
Mean value of Fst_6         = 0.0090
Mean value of Fst_7         = 0.0099
Mean value of Fst_8         = 0.0174


Inferred ancestry of individuals:
        Label (%Miss) Pop:  Inferred clusters
  1    BBA_1    (0)    1 :  0.010 0.006 0.941 0.003 0.011 0.009 0.007 0.013 
  2    BBA_2    (0)    1 :  0.006 0.004 0.925 0.003 0.010 0.020 0.020 0.013 
  3    BBA_3    (0)    1 :  0.015 0.010 0.938 0.004 0.006 0.010 0.008 0.007 
  4    BBA_4    (0)    1 :  0.024 0.020 0.796 0.006 0.022 0.099 0.016 0.017 
  5    BBA_5    (0)    1 :  0.008 0.006 0.957 0.003 0.006 0.007 0.009 0.005 
  6    BBA_6    (0)    1 :  0.018 0.003 0.913 0.005 0.010 0.028 0.014 0.010 
  7    BBA_7    (0)    1 :  0.009 0.016 0.935 0.006 0.006 0.012 0.009 0.007 
  8    BBA_8    (0)    1 :  0.039 0.006 0.867 0.032 0.015 0.012 0.022 0.007 
  9    BBA_9    (0)    1 :  0.008 0.006 0.961 0.003 0.005 0.006 0.005 0.007 
 10   BBA_10    (0)    1 :  0.067 0.008 0.882 0.003 0.007 0.010 0.009 0.012 
 11   BBA_11    (0)    1 :  0.011 0.006 0.913 0.004 0.025 0.013 0.009 0.020 
 12   BBA_12    (0)    1 :  0.008 0.006 0.951 0.004 0.006 0.013 0.006 0.006 
 13   BBA_13    (0)    1 :  0.053 0.007 0.343 0.004 0.009 0.509 0.058 0.016 
 14   BBA_14    (0)    1 :  0.023 0.021 0.893 0.008 0.018 0.011 0.014 0.013 
 15   BBA_15    (0)    1 :  0.054 0.004 0.759 0.004 0.011 0.088 0.054 0.027 
 16   BBA_16    (0)    1 :  0.012 0.061 0.888 0.004 0.006 0.008 0.006 0.015 
 17   BBA_17    (0)    1 :  0.015 0.106 0.786 0.020 0.010 0.023 0.008 0.032 
 18   BBA_18    (0)    1 :  0.006 0.004 0.959 0.004 0.006 0.008 0.006 0.007 
 19   BBA_19    (0)    1 :  0.011 0.007 0.946 0.007 0.007 0.008 0.009 0.006 
 20   BBA_20    (0)    1 :  0.007 0.004 0.956 0.003 0.006 0.009 0.009 0.006 
 21   BBA_21    (0)    1 :  0.044 0.010 0.856 0.019 0.014 0.018 0.026 0.013 
 22   BBA_22    (0)    1 :  0.023 0.016 0.837 0.030 0.008 0.043 0.013 0.029 
 23   BBA_23    (0)    1 :  0.006 0.006 0.952 0.005 0.007 0.008 0.009 0.007 
 24   BBA_24    (0)    1 :  0.017 0.018 0.886 0.004 0.013 0.009 0.017 0.035 
 25   BBA_25    (0)    1 :  0.005 0.011 0.958 0.003 0.004 0.008 0.006 0.005 
 26   BBA_26    (0)    1 :  0.121 0.026 0.349 0.009 0.081 0.229 0.143 0.043 
 27   BBA_27    (0)    1 :  0.025 0.004 0.924 0.008 0.010 0.012 0.008 0.010 
 28   BBA_28    (0)    1 :  0.007 0.006 0.944 0.003 0.008 0.010 0.014 0.007 
 29   BBA_29    (0)    1 :  0.034 0.062 0.832 0.011 0.012 0.013 0.024 0.012 
 30   BBA_30    (0)    1 :  0.009 0.007 0.934 0.004 0.007 0.010 0.017 0.013 
 31   BBA_31    (0)    1 :  0.019 0.005 0.914 0.003 0.014 0.020 0.013 0.012 
 32   BBA_32    (0)    1 :  0.010 0.009 0.904 0.005 0.020 0.015 0.026 0.011 
 33   BBA_33    (0)    1 :  0.117 0.085 0.648 0.007 0.055 0.033 0.032 0.023 
 34   BBA_34    (0)    1 :  0.062 0.173 0.543 0.013 0.015 0.022 0.079 0.093 
 35   BBA_35    (0)    1 :  0.014 0.017 0.862 0.004 0.014 0.028 0.048 0.014 
 36   BBA_36    (0)    1 :  0.027 0.007 0.920 0.004 0.011 0.008 0.014 0.009 
 37   BBA_37    (0)    1 :  0.114 0.010 0.774 0.005 0.012 0.037 0.015 0.033 
 38   BBA_38    (0)    1 :  0.103 0.132 0.359 0.004 0.059 0.041 0.247 0.055 
 39   BBA_39    (0)    1 :  0.009 0.008 0.923 0.003 0.008 0.023 0.011 0.014 
 40   BBA_40    (0)    1 :  0.013 0.023 0.909 0.012 0.009 0.008 0.013 0.013 
 41   BBA_41    (0)    1 :  0.046 0.005 0.865 0.011 0.012 0.026 0.023 0.013 
 42   BBA_42    (0)    1 :  0.051 0.007 0.754 0.005 0.054 0.023 0.062 0.044 
 43   BBA_43    (0)    1 :  0.007 0.003 0.952 0.002 0.007 0.009 0.010 0.010 
 44   BBA_44    (0)    1 :  0.010 0.007 0.949 0.003 0.007 0.007 0.008 0.008 
 45   BBA_45    (0)    1 :  0.006 0.005 0.962 0.003 0.005 0.006 0.007 0.005 
 46   BBA_46    (0)    1 :  0.006 0.004 0.964 0.002 0.005 0.006 0.007 0.005 
 47   BBA_47    (0)    1 :  0.012 0.009 0.904 0.016 0.009 0.023 0.009 0.018 
 48   BBA_48    (0)    1 :  0.018 0.006 0.858 0.008 0.011 0.021 0.051 0.028 
 49   BBA_49    (0)    1 :  0.142 0.161 0.465 0.003 0.049 0.096 0.066 0.018 
 50   BBA_50    (0)    1 :  0.010 0.017 0.863 0.009 0.008 0.036 0.048 0.009 
 51   BBA_51    (0)    1 :  0.008 0.005 0.907 0.009 0.012 0.025 0.024 0.010 
 52   BBA_52    (0)    1 :  0.032 0.005 0.906 0.004 0.011 0.015 0.016 0.011 
 53   BBA_53    (0)    1 :  0.015 0.005 0.914 0.010 0.015 0.019 0.014 0.009 
 54   BBA_54    (0)    1 :  0.015 0.005 0.893 0.020 0.015 0.022 0.012 0.018 
 55   BBA_55    (0)    1 :  0.087 0.090 0.233 0.005 0.090 0.061 0.309 0.125 
 56   BBA_56    (0)    1 :  0.021 0.004 0.919 0.006 0.009 0.021 0.011 0.008 
 57   BBA_57    (0)    1 :  0.012 0.007 0.933 0.006 0.015 0.009 0.009 0.008 
 58   BBA_58    (0)    1 :  0.015 0.006 0.898 0.008 0.015 0.022 0.014 0.022 
 59   BBA_59    (0)    1 :  0.022 0.004 0.927 0.004 0.012 0.010 0.009 0.011 
 60   BBA_60    (0)    1 :  0.023 0.085 0.809 0.008 0.009 0.018 0.025 0.022 
 61   BBA_61    (0)    1 :  0.008 0.003 0.945 0.004 0.005 0.024 0.005 0.006 
 62   BBA_62    (0)    1 :  0.026 0.015 0.921 0.004 0.007 0.011 0.010 0.007 
 63   BBA_63    (0)    1 :  0.020 0.005 0.916 0.002 0.008 0.014 0.013 0.022 
 64   BBA_64    (0)    1 :  0.006 0.007 0.949 0.005 0.007 0.006 0.012 0.007 
 65   BBA_65    (0)    1 :  0.035 0.022 0.831 0.009 0.026 0.017 0.024 0.036 
 66   BBA_66    (0)    1 :  0.012 0.012 0.375 0.005 0.068 0.055 0.119 0.355 
 67   BBA_67    (0)    1 :  0.009 0.008 0.926 0.004 0.012 0.011 0.012 0.018 
 68   BBA_68    (0)    1 :  0.008 0.033 0.815 0.006 0.018 0.078 0.018 0.024 
 69    BDN_1    (0)    2 :  0.135 0.029 0.008 0.004 0.693 0.037 0.060 0.034 
 70    BDN_2    (0)    2 :  0.174 0.007 0.034 0.015 0.330 0.238 0.183 0.018 
 71    BDN_3    (0)    2 :  0.130 0.106 0.053 0.205 0.057 0.261 0.081 0.106 
 72    BDN_4   (13)    2 :  0.154 0.008 0.025 0.011 0.119 0.119 0.028 0.536 
 73    BDN_5   (13)    2 :  0.403 0.028 0.035 0.019 0.217 0.158 0.036 0.104 
 74    BDN_6    (6)    2 :  0.030 0.007 0.013 0.074 0.046 0.387 0.411 0.032 
 75    BDN_7    (0)    2 :  0.062 0.024 0.014 0.011 0.083 0.293 0.498 0.016 
 76    BDN_8    (6)    2 :  0.225 0.012 0.010 0.013 0.197 0.018 0.491 0.033 
 77    BDN_9    (0)    2 :  0.081 0.009 0.440 0.005 0.254 0.112 0.028 0.072 
 78   BDN_10    (0)    2 :  0.036 0.005 0.317 0.006 0.217 0.355 0.027 0.037 
 79   BDN_11    (0)    2 :  0.360 0.016 0.007 0.010 0.025 0.408 0.102 0.072 
 80   BDN_12    (0)    2 :  0.098 0.005 0.010 0.004 0.307 0.511 0.052 0.013 
 81   BDN_13   (13)    2 :  0.032 0.019 0.014 0.012 0.774 0.064 0.012 0.073 
 82   BDN_14    (0)    2 :  0.085 0.013 0.056 0.003 0.390 0.104 0.169 0.180 
 83   BDN_15    (6)    2 :  0.501 0.022 0.017 0.026 0.117 0.234 0.070 0.011 
 84   BDN_16    (6)    2 :  0.064 0.018 0.287 0.005 0.027 0.343 0.127 0.128 
 85   BDN_17   (13)    2 :  0.041 0.221 0.027 0.395 0.108 0.160 0.019 0.030 
 86   BDN_18    (0)    2 :  0.214 0.004 0.025 0.003 0.537 0.093 0.054 0.071 
 87   BDN_19    (0)    2 :  0.205 0.291 0.067 0.004 0.099 0.292 0.021 0.021 
 88   BDN_20   (13)    2 :  0.275 0.079 0.064 0.041 0.068 0.306 0.065 0.103 
 89   BDN_21   (13)    2 :  0.038 0.257 0.034 0.006 0.027 0.585 0.029 0.024 
 90   BDN_22    (6)    2 :  0.059 0.019 0.773 0.014 0.027 0.052 0.048 0.007 
 91   BDN_23    (0)    2 :  0.689 0.009 0.083 0.011 0.037 0.055 0.046 0.071 
 92   BDN_24    (0)    2 :  0.201 0.017 0.020 0.007 0.675 0.033 0.038 0.010 
 93   BDN_25   (13)    2 :  0.675 0.018 0.031 0.008 0.115 0.043 0.096 0.014 
 94   BDN_26    (0)    2 :  0.582 0.008 0.021 0.306 0.029 0.030 0.017 0.007 
 95   BDN_27    (0)    2 :  0.255 0.009 0.015 0.004 0.607 0.068 0.021 0.022 
 96   BDN_28   (13)    2 :  0.041 0.010 0.017 0.004 0.118 0.432 0.257 0.120 
 97   BDN_29    (0)    2 :  0.741 0.008 0.028 0.057 0.018 0.093 0.038 0.017 
 98   BDN_30    (0)    2 :  0.021 0.122 0.038 0.009 0.160 0.612 0.019 0.018 
 99   BDN_31    (0)    2 :  0.228 0.009 0.183 0.004 0.060 0.380 0.041 0.095 
100   BDN_32    (0)    2 :  0.038 0.008 0.118 0.007 0.063 0.138 0.612 0.015 
101   BDN_33    (0)    2 :  0.046 0.012 0.011 0.009 0.142 0.743 0.031 0.006 
102   BDN_34    (0)    2 :  0.039 0.004 0.011 0.004 0.072 0.149 0.026 0.695 
103   BDN_35    (0)    2 :  0.039 0.013 0.023 0.003 0.877 0.019 0.014 0.011 
104   BDN_36    (0)    2 :  0.381 0.015 0.026 0.019 0.092 0.342 0.111 0.015 
105   BDN_37    (0)    2 :  0.092 0.012 0.032 0.018 0.236 0.519 0.053 0.039 
106   BDN_38    (0)    2 :  0.036 0.007 0.020 0.448 0.371 0.033 0.057 0.028 
107   BDN_39    (0)    2 :  0.050 0.004 0.047 0.062 0.565 0.141 0.098 0.034 
108   BDN_40    (0)    2 :  0.414 0.007 0.007 0.179 0.268 0.027 0.086 0.013 
109   BDN_41    (0)    2 :  0.101 0.005 0.018 0.034 0.315 0.359 0.041 0.127 
110   BDN_42   (13)    2 :  0.423 0.003 0.019 0.010 0.064 0.317 0.031 0.133 
111   BDN_43    (6)    2 :  0.132 0.012 0.015 0.004 0.096 0.054 0.133 0.554 
112   BDN_44    (0)    2 :  0.274 0.016 0.092 0.004 0.200 0.085 0.308 0.021 
113   BDN_45    (0)    2 :  0.646 0.018 0.014 0.007 0.166 0.031 0.090 0.028 
114   BDN_46   (13)    2 :  0.011 0.011 0.092 0.009 0.575 0.092 0.130 0.079 
115   BDN_47    (0)    2 :  0.328 0.039 0.045 0.011 0.064 0.155 0.108 0.251 
116   BDN_48    (0)    2 :  0.159 0.006 0.033 0.004 0.048 0.153 0.421 0.176 
117   BDN_49    (0)    2 :  0.751 0.009 0.019 0.003 0.086 0.017 0.058 0.057 
118   BDN_50    (0)    2 :  0.682 0.005 0.020 0.004 0.200 0.035 0.019 0.036 
119   BDN_51    (0)    2 :  0.303 0.006 0.036 0.016 0.288 0.080 0.245 0.027 
120   BDN_52    (0)    2 :  0.159 0.009 0.012 0.008 0.461 0.303 0.023 0.026 
121   BDN_53    (0)    2 :  0.262 0.012 0.059 0.004 0.037 0.310 0.163 0.154 
122   BDN_54   (13)    2 :  0.021 0.009 0.855 0.017 0.015 0.056 0.012 0.015 
123   BDN_55    (6)    2 :  0.040 0.004 0.136 0.006 0.050 0.620 0.134 0.009 
124   BDN_56   (13)    2 :  0.609 0.005 0.012 0.003 0.214 0.039 0.057 0.062 
125   BDN_57    (6)    2 :  0.279 0.046 0.041 0.010 0.247 0.116 0.231 0.031 
126   BDN_58    (6)    2 :  0.068 0.016 0.042 0.027 0.088 0.416 0.329 0.014 
127   BDN_59    (6)    2 :  0.831 0.070 0.026 0.013 0.009 0.017 0.023 0.011 
128   BDN_60    (6)    2 :  0.140 0.045 0.014 0.014 0.068 0.663 0.015 0.041 
129   BDN_61    (0)    2 :  0.277 0.011 0.027 0.017 0.219 0.055 0.103 0.290 
130   BDN_62    (0)    2 :  0.728 0.005 0.028 0.003 0.028 0.042 0.114 0.052 
131   BDN_63    (6)    2 :  0.057 0.016 0.058 0.139 0.469 0.087 0.129 0.046 
132   BDN_64    (0)    2 :  0.187 0.009 0.069 0.010 0.092 0.399 0.025 0.209 
133   BDN_65    (0)    2 :  0.125 0.027 0.248 0.021 0.211 0.194 0.146 0.027 
134   BDN_66   (13)    2 :  0.178 0.011 0.045 0.007 0.430 0.117 0.051 0.161 
135   BDN_67    (0)    2 :  0.011 0.010 0.315 0.005 0.125 0.107 0.377 0.050 
136   BDN_68    (6)    2 :  0.028 0.043 0.016 0.020 0.078 0.059 0.733 0.024 
137   BDN_69    (0)    2 :  0.319 0.008 0.014 0.007 0.100 0.273 0.245 0.034 
138   BDN_70    (6)    2 :  0.042 0.052 0.041 0.005 0.073 0.616 0.139 0.031 
139   BDN_71    (6)    2 :  0.529 0.030 0.045 0.009 0.253 0.071 0.030 0.032 
140   BDN_72    (0)    2 :  0.051 0.006 0.048 0.007 0.016 0.079 0.718 0.075 
141   BDN_73    (0)    2 :  0.044 0.012 0.024 0.004 0.046 0.059 0.452 0.359 
142   BDN_74    (0)    2 :  0.314 0.013 0.025 0.008 0.057 0.283 0.289 0.011 
143   BDN_75    (0)    2 :  0.052 0.019 0.014 0.024 0.787 0.059 0.015 0.030 
144   BDN_76    (0)    2 :  0.018 0.024 0.246 0.004 0.360 0.196 0.039 0.113 
145   BDNB_1    (0)    3 :  0.053 0.006 0.009 0.040 0.810 0.040 0.019 0.024 
146   BDNB_2    (0)    3 :  0.030 0.012 0.039 0.006 0.439 0.119 0.314 0.041 
147   BDNB_3    (0)    3 :  0.056 0.013 0.042 0.017 0.089 0.034 0.737 0.012 
148   BDNB_4    (0)    3 :  0.037 0.007 0.009 0.009 0.818 0.071 0.027 0.021 
149   BDNB_5    (0)    3 :  0.026 0.004 0.048 0.013 0.016 0.789 0.014 0.090 
150   BDNB_6    (0)    3 :  0.231 0.015 0.144 0.031 0.150 0.380 0.033 0.016 
151   BDNB_7    (0)    3 :  0.040 0.354 0.028 0.003 0.319 0.085 0.051 0.119 
152   BDNB_8    (0)    3 :  0.497 0.019 0.031 0.018 0.127 0.238 0.058 0.013 
153   BDNB_9    (0)    3 :  0.017 0.014 0.023 0.008 0.009 0.906 0.016 0.008 
154  BDNB_10    (0)    3 :  0.074 0.005 0.110 0.016 0.027 0.687 0.058 0.023 
155  BDNB_11    (0)    3 :  0.021 0.011 0.022 0.005 0.217 0.552 0.077 0.095 
156  BDNB_12    (0)    3 :  0.059 0.009 0.013 0.004 0.271 0.439 0.124 0.082 
157  BDNB_13    (0)    3 :  0.122 0.010 0.040 0.004 0.162 0.492 0.020 0.149 
158  BDNB_14    (0)    3 :  0.229 0.023 0.574 0.004 0.045 0.045 0.072 0.009 
159  BDNB_15    (0)    3 :  0.074 0.007 0.009 0.004 0.013 0.017 0.850 0.026 
160  BDNB_16    (0)    3 :  0.044 0.016 0.521 0.005 0.035 0.250 0.100 0.029 
161  BDNB_17    (6)    3 :  0.064 0.107 0.052 0.005 0.358 0.187 0.182 0.045 
162  BDNB_18    (0)    3 :  0.044 0.019 0.053 0.014 0.489 0.266 0.027 0.088 
163  BDNB_19    (0)    3 :  0.029 0.017 0.038 0.005 0.420 0.284 0.024 0.183 
164  BDNB_20    (0)    3 :  0.046 0.028 0.154 0.011 0.016 0.648 0.026 0.071 
165  BDNB_21    (0)    3 :  0.918 0.008 0.006 0.004 0.015 0.014 0.023 0.011 
166  BDNB_22    (0)    3 :  0.030 0.008 0.030 0.004 0.063 0.420 0.028 0.417 
167  BDNB_23    (0)    3 :  0.899 0.006 0.008 0.004 0.020 0.011 0.040 0.012 
168  BDNB_24    (0)    3 :  0.188 0.006 0.102 0.005 0.072 0.073 0.019 0.536 
169  BDNB_25    (0)    3 :  0.503 0.011 0.031 0.010 0.285 0.080 0.063 0.017 
170  BDNB_26    (0)    3 :  0.074 0.005 0.014 0.007 0.068 0.733 0.068 0.031 
171  BDNB_27    (0)    3 :  0.181 0.004 0.051 0.012 0.082 0.630 0.027 0.013 
172  BDNB_28    (0)    3 :  0.057 0.044 0.136 0.006 0.134 0.304 0.054 0.266 
173  BDNB_29    (0)    3 :  0.121 0.013 0.040 0.154 0.074 0.347 0.234 0.017 
174  BDNB_30    (0)    3 :  0.048 0.066 0.523 0.031 0.015 0.162 0.028 0.128 
175  BDNB_31    (0)    3 :  0.103 0.024 0.250 0.003 0.118 0.247 0.134 0.121 
176  BDNB_32    (0)    3 :  0.530 0.040 0.037 0.003 0.083 0.243 0.017 0.047 
177  BDNB_33    (0)    3 :  0.060 0.033 0.410 0.004 0.051 0.366 0.059 0.016 
178  BDNB_34    (0)    3 :  0.314 0.004 0.107 0.007 0.145 0.342 0.039 0.042 
179  BDNB_35    (0)    3 :  0.131 0.003 0.020 0.007 0.012 0.779 0.020 0.029 
180  BDNB_36    (0)    3 :  0.246 0.007 0.426 0.047 0.015 0.050 0.071 0.139 
181  BDNB_37    (0)    3 :  0.073 0.008 0.006 0.207 0.187 0.424 0.083 0.011 
182  BDNB_38    (0)    3 :  0.364 0.109 0.042 0.007 0.029 0.385 0.018 0.045 
183  BDNB_39    (0)    3 :  0.820 0.030 0.014 0.017 0.027 0.038 0.039 0.016 
184  BDNB_40    (0)    3 :  0.078 0.028 0.015 0.012 0.048 0.788 0.019 0.012 
185  BDNB_41    (0)    3 :  0.015 0.014 0.016 0.019 0.352 0.543 0.011 0.029 
186  BDNB_42    (0)    3 :  0.335 0.008 0.038 0.004 0.027 0.180 0.039 0.370 
187  BDNB_43    (0)    3 :  0.325 0.021 0.036 0.009 0.267 0.138 0.026 0.178 
188  BDNB_44    (0)    3 :  0.040 0.015 0.035 0.007 0.062 0.701 0.057 0.083 
189  BDNB_45    (0)    3 :  0.074 0.042 0.132 0.049 0.028 0.533 0.041 0.102 
190  BDNB_46    (0)    3 :  0.030 0.004 0.152 0.018 0.018 0.650 0.027 0.100 
191  BDNB_47    (0)    3 :  0.009 0.005 0.020 0.006 0.010 0.918 0.019 0.013 
192  BDNB_48    (0)    3 :  0.580 0.004 0.030 0.040 0.180 0.120 0.013 0.032 
193  BDNB_49    (0)    3 :  0.113 0.028 0.044 0.017 0.399 0.254 0.085 0.061 
194  BDNB_50    (0)    3 :  0.556 0.009 0.022 0.010 0.145 0.199 0.029 0.030 
195  BDNB_51    (0)    3 :  0.040 0.032 0.021 0.007 0.236 0.368 0.273 0.022 
196  BDNB_52    (0)    3 :  0.421 0.014 0.012 0.004 0.039 0.379 0.116 0.016 
197  BDNB_53    (0)    3 :  0.102 0.052 0.093 0.005 0.396 0.216 0.048 0.087 
198  BDNB_54    (0)    3 :  0.381 0.064 0.010 0.003 0.088 0.406 0.013 0.033 
199  BDNB_55    (0)    3 :  0.599 0.007 0.122 0.009 0.067 0.151 0.029 0.017 
200  BDNB_56    (6)    3 :  0.012 0.052 0.025 0.006 0.214 0.430 0.244 0.016 
201  BDNB_57    (0)    3 :  0.089 0.005 0.604 0.017 0.012 0.247 0.013 0.012 
202  BDNB_58    (0)    3 :  0.223 0.004 0.014 0.004 0.040 0.675 0.019 0.020 
203  BDNB_59    (0)    3 :  0.175 0.005 0.058 0.047 0.156 0.429 0.024 0.106 
204  BDNB_60    (0)    3 :  0.080 0.011 0.068 0.007 0.164 0.191 0.027 0.451 
205  BDNB_61    (0)    3 :  0.191 0.010 0.037 0.004 0.064 0.555 0.008 0.130 
206  BDNB_62    (0)    3 :  0.148 0.004 0.012 0.021 0.043 0.581 0.177 0.013 
207  BDNB_63    (0)    3 :  0.010 0.005 0.017 0.005 0.038 0.905 0.007 0.013 
208  BDNB_64    (6)    3 :  0.021 0.006 0.021 0.008 0.196 0.643 0.014 0.091 
209  BDNB_65    (0)    3 :  0.077 0.006 0.028 0.006 0.048 0.637 0.013 0.185 
210  BDNB_66    (0)    3 :  0.021 0.025 0.038 0.006 0.416 0.350 0.033 0.111 
211  BDNB_67    (0)    3 :  0.013 0.038 0.023 0.031 0.495 0.171 0.084 0.146 
212  BDNB_68    (0)    3 :  0.192 0.010 0.076 0.010 0.234 0.208 0.030 0.240 
213  BDNB_69    (0)    3 :  0.242 0.024 0.024 0.004 0.091 0.362 0.071 0.182 
214  BDNB_70    (0)    3 :  0.017 0.006 0.022 0.020 0.580 0.076 0.009 0.269 
215  BDNB_71    (0)    3 :  0.154 0.007 0.123 0.008 0.297 0.272 0.019 0.120 
216  BDNB_72    (0)    3 :  0.045 0.009 0.021 0.003 0.159 0.522 0.041 0.200 
217  BDNB_73    (0)    3 :  0.058 0.005 0.019 0.003 0.775 0.083 0.028 0.030 
218  BDNB_74    (0)    3 :  0.033 0.053 0.048 0.004 0.340 0.358 0.026 0.140 
219  BDNB_75    (0)    3 :  0.852 0.021 0.010 0.005 0.046 0.017 0.023 0.026 
220    BSB_1    (0)    4 :  0.089 0.011 0.195 0.009 0.045 0.027 0.604 0.019 
221    BSB_2    (0)    4 :  0.011 0.007 0.586 0.009 0.044 0.252 0.025 0.066 
222    BSB_3    (0)    4 :  0.022 0.022 0.013 0.004 0.014 0.086 0.016 0.823 
223    BSB_4    (0)    4 :  0.066 0.007 0.768 0.005 0.027 0.108 0.009 0.010 
224    BSB_5    (0)    4 :  0.022 0.007 0.863 0.011 0.014 0.027 0.015 0.042 
225    BSB_6    (0)    4 :  0.011 0.011 0.921 0.005 0.022 0.009 0.011 0.011 
226    BSB_7   (33)    4 :  0.068 0.026 0.189 0.257 0.067 0.290 0.075 0.028 
227    BSB_8    (0)    4 :  0.108 0.176 0.071 0.006 0.015 0.110 0.478 0.036 
228    BSB_9    (0)    4 :  0.028 0.012 0.072 0.004 0.020 0.107 0.022 0.734 
229   BSB_10    (0)    4 :  0.091 0.013 0.092 0.030 0.055 0.515 0.034 0.170 
230   BSB_11    (0)    4 :  0.061 0.379 0.406 0.004 0.016 0.038 0.038 0.057 
231   BSB_12    (0)    4 :  0.368 0.122 0.143 0.017 0.018 0.137 0.093 0.101 
232   BSB_13    (0)    4 :  0.021 0.040 0.078 0.035 0.090 0.666 0.051 0.019 
233   BSB_14    (0)    4 :  0.014 0.005 0.285 0.012 0.048 0.547 0.032 0.057 
234   BSB_15    (0)    4 :  0.401 0.025 0.299 0.045 0.027 0.057 0.140 0.006 
235   BSB_16    (6)    4 :  0.077 0.005 0.664 0.006 0.040 0.124 0.024 0.060 
236   BSB_17    (0)    4 :  0.016 0.015 0.699 0.004 0.077 0.156 0.018 0.016 
237   BSB_18    (0)    4 :  0.038 0.290 0.295 0.004 0.034 0.148 0.109 0.082 
238   BSB_19    (0)    4 :  0.284 0.011 0.625 0.019 0.017 0.024 0.011 0.009 
239   BSB_20    (0)    4 :  0.027 0.033 0.573 0.005 0.246 0.077 0.031 0.007 
240   BSB_21    (0)    4 :  0.012 0.096 0.273 0.004 0.054 0.497 0.041 0.023 
241   BSB_22    (0)    4 :  0.010 0.013 0.058 0.004 0.015 0.055 0.026 0.819 
242   BSB_23    (0)    4 :  0.031 0.036 0.771 0.007 0.030 0.043 0.009 0.073 
243   BSB_24    (0)    4 :  0.009 0.046 0.896 0.004 0.007 0.020 0.010 0.009 
244   BSB_25    (0)    4 :  0.018 0.021 0.877 0.005 0.013 0.019 0.008 0.039 
245   BSB_26    (0)    4 :  0.014 0.011 0.877 0.004 0.021 0.036 0.014 0.022 
246   BSB_27    (0)    4 :  0.180 0.024 0.576 0.003 0.125 0.055 0.023 0.014 
247   BSB_28    (0)    4 :  0.011 0.013 0.027 0.038 0.022 0.299 0.013 0.577 
248   BSB_29    (0)    4 :  0.007 0.013 0.864 0.058 0.012 0.024 0.010 0.012 
249   BSB_30    (0)    4 :  0.018 0.021 0.470 0.004 0.068 0.183 0.028 0.207 
250   BSB_31    (0)    4 :  0.210 0.010 0.020 0.018 0.589 0.039 0.065 0.049 
251   BSB_32    (0)    4 :  0.007 0.004 0.935 0.005 0.010 0.018 0.012 0.010 
252   BSB_33    (0)    4 :  0.051 0.028 0.178 0.008 0.020 0.534 0.140 0.040 
253   BSB_34    (0)    4 :  0.025 0.013 0.829 0.009 0.030 0.050 0.028 0.016 
254   BSB_35    (0)    4 :  0.013 0.003 0.943 0.006 0.008 0.011 0.006 0.010 
255   BSB_36    (0)    4 :  0.136 0.014 0.687 0.016 0.051 0.041 0.045 0.010 
256   BSB_37    (0)    4 :  0.007 0.012 0.882 0.004 0.043 0.021 0.017 0.013 
257   BSB_38   (60)    4 :  0.077 0.012 0.005 0.861 0.008 0.007 0.021 0.009 
258   BSB_39    (0)    4 :  0.415 0.062 0.030 0.026 0.060 0.301 0.079 0.027 
259   BSB_40    (0)    4 :  0.114 0.005 0.652 0.007 0.031 0.027 0.146 0.018 
260   BSB_41    (0)    4 :  0.079 0.015 0.212 0.147 0.071 0.272 0.035 0.170 
261   BSB_42    (0)    4 :  0.052 0.134 0.463 0.027 0.051 0.036 0.213 0.025 
262   BSB_43    (0)    4 :  0.067 0.014 0.607 0.008 0.113 0.069 0.089 0.033 
263   BSB_44    (0)    4 :  0.020 0.100 0.355 0.081 0.075 0.019 0.022 0.329 
264   BSB_45    (0)    4 :  0.158 0.014 0.168 0.003 0.043 0.502 0.085 0.026 
265   BSB_46    (0)    4 :  0.021 0.042 0.158 0.008 0.024 0.687 0.034 0.025 
266   BSB_47    (0)    4 :  0.031 0.061 0.718 0.010 0.082 0.068 0.022 0.010 
267   BSB_48    (0)    4 :  0.367 0.008 0.133 0.011 0.050 0.071 0.345 0.014 
268   BSB_49    (0)    4 :  0.122 0.035 0.256 0.018 0.041 0.060 0.451 0.017 
269   BSB_50   (60)    4 :  0.007 0.004 0.005 0.895 0.011 0.005 0.066 0.007 
270   BSB_51    (0)    4 :  0.185 0.013 0.073 0.007 0.029 0.084 0.584 0.026 
271   BSB_52    (0)    4 :  0.015 0.020 0.241 0.006 0.020 0.583 0.023 0.094 
272   BSB_53    (0)    4 :  0.017 0.005 0.725 0.010 0.035 0.180 0.012 0.017 
273   BSB_54    (0)    4 :  0.020 0.006 0.053 0.011 0.014 0.779 0.104 0.012 
274   BSB_55    (0)    4 :  0.038 0.011 0.225 0.007 0.050 0.085 0.134 0.449 
275   BSB_56    (0)    4 :  0.035 0.004 0.111 0.066 0.168 0.401 0.022 0.193 
276   BSB_57    (0)    4 :  0.010 0.522 0.113 0.007 0.033 0.075 0.060 0.180 
277   BSB_58    (0)    4 :  0.362 0.009 0.051 0.004 0.132 0.290 0.056 0.096 
278   BSB_59    (0)    4 :  0.019 0.033 0.813 0.052 0.023 0.029 0.017 0.015 
279   BSB_60   (60)    4 :  0.007 0.004 0.008 0.955 0.006 0.007 0.006 0.006 
280   BSB_61    (0)    4 :  0.022 0.017 0.769 0.074 0.027 0.041 0.039 0.011 
281   BSB_62    (0)    4 :  0.010 0.062 0.758 0.003 0.058 0.024 0.042 0.043 
282   BSB_63    (0)    4 :  0.011 0.110 0.420 0.004 0.014 0.127 0.012 0.303 
283   BSB_64    (0)    4 :  0.034 0.035 0.681 0.080 0.048 0.049 0.016 0.057 
284   BSB_65    (0)    4 :  0.042 0.132 0.355 0.018 0.014 0.301 0.052 0.085 
285   BSB_66    (0)    4 :  0.171 0.077 0.510 0.014 0.098 0.053 0.071 0.006 
286   BSB_67    (0)    4 :  0.063 0.035 0.173 0.046 0.037 0.603 0.021 0.021 
287   BSB_68    (0)    4 :  0.811 0.004 0.016 0.039 0.009 0.041 0.012 0.069 
288   BSB_69    (0)    4 :  0.071 0.019 0.011 0.003 0.542 0.081 0.067 0.206 
289   BSB_70    (0)    4 :  0.019 0.008 0.020 0.011 0.076 0.368 0.021 0.478 
290   BSB_71    (0)    4 :  0.008 0.004 0.885 0.007 0.027 0.045 0.009 0.016 
291   BSB_72    (0)    4 :  0.026 0.025 0.036 0.030 0.718 0.087 0.060 0.017 
292   BSB_73    (0)    4 :  0.020 0.005 0.174 0.005 0.026 0.468 0.265 0.037 
293   BSB_74    (0)    4 :  0.014 0.024 0.284 0.010 0.024 0.454 0.143 0.046 
294   BSB_75    (0)    4 :  0.130 0.006 0.481 0.018 0.099 0.208 0.034 0.024 
295   BSB_76    (0)    4 :  0.017 0.017 0.560 0.014 0.032 0.311 0.012 0.037 
296   BSB_77   (53)    4 :  0.003 0.004 0.003 0.975 0.004 0.004 0.004 0.004 
297   BSB_78    (0)    4 :  0.011 0.005 0.240 0.094 0.106 0.442 0.054 0.048 
298    CCR_1    (0)    5 :  0.058 0.006 0.019 0.035 0.045 0.033 0.795 0.009 
299    CCR_2    (0)    5 :  0.007 0.004 0.009 0.007 0.011 0.006 0.940 0.017 
300    CCR_3    (0)    5 :  0.036 0.010 0.024 0.010 0.411 0.040 0.411 0.060 
301    CCR_4    (0)    5 :  0.199 0.010 0.012 0.103 0.142 0.035 0.425 0.073 
302    CCR_5    (0)    5 :  0.011 0.014 0.009 0.005 0.012 0.008 0.922 0.017 
303    CCR_6    (0)    5 :  0.025 0.004 0.015 0.004 0.016 0.012 0.918 0.007 
304    CCR_7    (0)    5 :  0.019 0.005 0.016 0.003 0.025 0.011 0.890 0.032 
305    CCR_8    (0)    5 :  0.103 0.024 0.053 0.015 0.393 0.218 0.055 0.139 
306    CCR_9    (0)    5 :  0.017 0.005 0.014 0.003 0.015 0.013 0.924 0.009 
307   CCR_10    (0)    5 :  0.084 0.005 0.041 0.008 0.631 0.167 0.045 0.018 
308   CCR_11    (0)    5 :  0.186 0.007 0.015 0.032 0.086 0.032 0.626 0.016 
309   CCR_12    (0)    5 :  0.007 0.010 0.008 0.005 0.010 0.007 0.945 0.009 
310   CCR_13    (0)    5 :  0.017 0.005 0.008 0.004 0.069 0.029 0.852 0.016 
311   CCR_14    (0)    5 :  0.027 0.065 0.017 0.006 0.467 0.013 0.367 0.038 
312   CCR_15    (0)    5 :  0.445 0.004 0.009 0.006 0.148 0.062 0.306 0.020 
313   CCR_16    (0)    5 :  0.020 0.117 0.072 0.006 0.020 0.174 0.440 0.151 
314   CCR_17    (0)    5 :  0.013 0.004 0.007 0.012 0.728 0.024 0.197 0.015 
315   CCR_18    (0)    5 :  0.018 0.004 0.008 0.003 0.352 0.121 0.254 0.239 
316   CCR_19    (0)    5 :  0.059 0.005 0.026 0.005 0.095 0.015 0.783 0.013 
317   CCR_20    (0)    5 :  0.020 0.019 0.110 0.010 0.055 0.033 0.742 0.011 
318   CCR_21    (0)    5 :  0.023 0.008 0.030 0.032 0.008 0.065 0.821 0.013 
319   CCR_22    (0)    5 :  0.124 0.005 0.042 0.005 0.026 0.068 0.696 0.034 
320   CCR_23    (0)    5 :  0.013 0.038 0.007 0.027 0.014 0.013 0.862 0.025 
321   CCR_24    (0)    5 :  0.013 0.005 0.009 0.003 0.011 0.016 0.937 0.007 
322   CCR_25    (0)    5 :  0.064 0.009 0.131 0.013 0.543 0.075 0.143 0.022 
323   CCR_26    (0)    5 :  0.047 0.005 0.288 0.014 0.046 0.240 0.348 0.011 
324   CCR_27    (0)    5 :  0.018 0.005 0.011 0.004 0.090 0.009 0.846 0.016 
325   CCR_28    (0)    5 :  0.014 0.025 0.040 0.051 0.009 0.029 0.816 0.016 
326   CCR_29    (0)    5 :  0.036 0.008 0.014 0.005 0.023 0.014 0.893 0.006 
327   CCR_30    (0)    5 :  0.540 0.029 0.009 0.011 0.131 0.043 0.217 0.020 
328   CCR_31    (0)    5 :  0.027 0.005 0.184 0.006 0.053 0.564 0.132 0.028 
329   CCR_32    (0)    5 :  0.021 0.111 0.130 0.039 0.029 0.042 0.619 0.009 
330   CCR_33    (0)    5 :  0.038 0.024 0.012 0.003 0.100 0.047 0.751 0.025 
331   CCR_34    (0)    5 :  0.009 0.058 0.010 0.003 0.013 0.013 0.881 0.012 
332   CCR_35    (0)    5 :  0.114 0.016 0.042 0.016 0.053 0.152 0.558 0.049 
333   CCR_36    (0)    5 :  0.038 0.009 0.014 0.017 0.136 0.358 0.342 0.086 
334   CCR_37    (0)    5 :  0.038 0.011 0.614 0.004 0.015 0.015 0.290 0.012 
335   CCR_38    (0)    5 :  0.016 0.005 0.014 0.007 0.012 0.011 0.919 0.016 
336   CCR_39    (0)    5 :  0.048 0.009 0.008 0.005 0.019 0.010 0.887 0.015 
337   CCR_40    (0)    5 :  0.018 0.006 0.359 0.005 0.037 0.071 0.438 0.067 
338   CCR_41    (0)    5 :  0.075 0.015 0.016 0.007 0.037 0.051 0.776 0.023 
339   CCR_42    (0)    5 :  0.011 0.004 0.022 0.018 0.015 0.014 0.904 0.013 
340   CCR_43    (0)    5 :  0.045 0.018 0.008 0.028 0.022 0.293 0.569 0.018 
341   CCR_44    (0)    5 :  0.126 0.111 0.165 0.036 0.039 0.060 0.373 0.090 
342   CCR_45    (0)    5 :  0.110 0.012 0.021 0.091 0.116 0.033 0.605 0.012 
343   CCR_46    (0)    5 :  0.017 0.008 0.027 0.020 0.016 0.082 0.824 0.006 
344   CCR_47    (0)    5 :  0.018 0.009 0.017 0.005 0.019 0.024 0.900 0.008 
345   CCR_48    (0)    5 :  0.080 0.050 0.009 0.007 0.515 0.036 0.274 0.028 
346   CCR_49    (0)    5 :  0.047 0.114 0.046 0.012 0.067 0.025 0.635 0.053 
347   CCR_50    (0)    5 :  0.008 0.017 0.014 0.008 0.014 0.012 0.880 0.046 
348   CCR_51    (0)    5 :  0.013 0.008 0.024 0.005 0.009 0.009 0.929 0.004 
349   CCR_52    (0)    5 :  0.022 0.009 0.027 0.005 0.149 0.037 0.740 0.012 
350   CCR_53    (0)    5 :  0.060 0.020 0.017 0.007 0.086 0.164 0.609 0.039 
351   CCR_54    (0)    5 :  0.086 0.013 0.060 0.005 0.206 0.046 0.441 0.144 
352   CCR_55    (0)    5 :  0.030 0.005 0.159 0.018 0.026 0.014 0.733 0.014 
353   CCR_56    (0)    5 :  0.015 0.009 0.018 0.010 0.028 0.024 0.873 0.023 
354   CCR_57    (0)    5 :  0.041 0.009 0.031 0.007 0.227 0.033 0.635 0.016 
355   CCR_58    (0)    5 :  0.296 0.009 0.026 0.004 0.156 0.126 0.348 0.035 
356   CCR_59    (0)    5 :  0.097 0.006 0.090 0.029 0.044 0.163 0.554 0.018 
357   CCR_60    (0)    5 :  0.025 0.061 0.033 0.040 0.048 0.043 0.301 0.448 
358   CCR_61    (0)    5 :  0.321 0.005 0.012 0.006 0.061 0.009 0.571 0.015 
359   CCR_62    (0)    5 :  0.085 0.009 0.019 0.007 0.036 0.645 0.185 0.013 
360   CCR_63    (0)    5 :  0.026 0.009 0.020 0.008 0.012 0.019 0.893 0.014 
361   CCR_64    (0)    5 :  0.072 0.008 0.058 0.015 0.073 0.022 0.732 0.019 
362   CCR_65    (0)    5 :  0.078 0.005 0.013 0.016 0.038 0.093 0.746 0.011 
363   CCR_66    (0)    5 :  0.021 0.004 0.020 0.003 0.012 0.011 0.922 0.006 
364   CCR_67    (0)    5 :  0.010 0.009 0.007 0.004 0.017 0.010 0.933 0.011 
365   CCR_68    (0)    5 :  0.451 0.004 0.021 0.006 0.087 0.015 0.406 0.010 
366   CCR_69    (0)    5 :  0.018 0.008 0.010 0.004 0.010 0.012 0.929 0.008 
367   CCR_70    (0)    5 :  0.060 0.007 0.006 0.010 0.012 0.016 0.879 0.011 
368   CCR_71    (0)    5 :  0.015 0.034 0.008 0.007 0.015 0.012 0.898 0.010 
369   CCR_72    (0)    5 :  0.016 0.006 0.009 0.017 0.060 0.026 0.855 0.011 
370   CCR_73    (0)    5 :  0.017 0.009 0.022 0.005 0.029 0.009 0.900 0.009 
371   CCR_74    (0)    5 :  0.201 0.005 0.347 0.007 0.143 0.039 0.211 0.047 
372   CCR_75    (0)    5 :  0.031 0.017 0.014 0.006 0.014 0.011 0.853 0.054 
373   CCR_76    (0)    5 :  0.029 0.006 0.011 0.004 0.062 0.031 0.204 0.654 
374   CCR_77    (0)    5 :  0.133 0.008 0.013 0.071 0.046 0.093 0.619 0.017 
375   CCR_78    (0)    5 :  0.020 0.004 0.113 0.032 0.014 0.091 0.676 0.050 
376   CCR_79    (0)    5 :  0.023 0.013 0.015 0.075 0.022 0.028 0.799 0.025 
377   CCR_80    (0)    5 :  0.270 0.013 0.013 0.004 0.184 0.008 0.490 0.019 
378    CMB_1    (0)    6 :  0.910 0.026 0.011 0.003 0.011 0.018 0.012 0.009 
379    CMB_2    (0)    6 :  0.952 0.004 0.007 0.004 0.010 0.008 0.011 0.004 
380    CMB_3    (0)    6 :  0.925 0.009 0.011 0.005 0.016 0.009 0.010 0.015 
381    CMB_4    (0)    6 :  0.908 0.005 0.006 0.006 0.014 0.010 0.014 0.038 
382    CMB_5    (0)    6 :  0.834 0.004 0.010 0.002 0.029 0.041 0.031 0.048 
383    CMB_6    (0)    6 :  0.907 0.009 0.009 0.003 0.033 0.023 0.010 0.006 
384    CMB_7    (0)    6 :  0.896 0.009 0.017 0.006 0.022 0.021 0.021 0.008 
385    CMB_8    (0)    6 :  0.907 0.011 0.012 0.006 0.012 0.021 0.009 0.021 
386    CMB_9    (0)    6 :  0.865 0.007 0.032 0.007 0.067 0.006 0.009 0.007 
387   CMB_10    (0)    6 :  0.063 0.011 0.010 0.004 0.037 0.039 0.224 0.610 
388   CMB_11    (0)    6 :  0.941 0.004 0.016 0.007 0.007 0.010 0.009 0.007 
389   CMB_12    (0)    6 :  0.921 0.006 0.011 0.003 0.010 0.013 0.017 0.019 
390   CMB_13    (0)    6 :  0.857 0.010 0.019 0.005 0.033 0.030 0.027 0.019 
391   CMB_14    (0)    6 :  0.948 0.004 0.007 0.012 0.008 0.008 0.007 0.006 
392   CMB_15    (0)    6 :  0.913 0.012 0.025 0.003 0.011 0.011 0.016 0.009 
393   CMB_16    (0)    6 :  0.507 0.003 0.034 0.027 0.010 0.066 0.074 0.276 
394   CMB_17    (0)    6 :  0.129 0.009 0.039 0.013 0.024 0.128 0.627 0.030 
395   CMB_18    (0)    6 :  0.754 0.127 0.018 0.010 0.012 0.031 0.030 0.017 
396   CMB_19    (0)    6 :  0.718 0.013 0.013 0.003 0.043 0.012 0.048 0.150 
397   CMB_20    (0)    6 :  0.915 0.005 0.009 0.005 0.020 0.007 0.011 0.028 
398   CMB_21    (0)    6 :  0.952 0.005 0.007 0.003 0.007 0.009 0.009 0.009 
399   CMB_22    (0)    6 :  0.805 0.006 0.045 0.005 0.022 0.053 0.032 0.032 
400   CMB_23    (0)    6 :  0.909 0.018 0.006 0.017 0.006 0.020 0.009 0.013 
401   CMB_24    (0)    6 :  0.454 0.011 0.021 0.007 0.046 0.266 0.032 0.162 
402   CMB_25    (0)    6 :  0.857 0.009 0.068 0.004 0.015 0.013 0.023 0.010 
403   CMB_26    (0)    6 :  0.940 0.020 0.012 0.006 0.005 0.005 0.005 0.007 
404   CMB_27    (0)    6 :  0.744 0.006 0.010 0.014 0.059 0.079 0.022 0.066 
405   CMB_28    (0)    6 :  0.957 0.005 0.007 0.003 0.007 0.007 0.007 0.007 
406   CMB_29    (0)    6 :  0.443 0.018 0.022 0.005 0.059 0.262 0.166 0.025 
407   CMB_30    (0)    6 :  0.926 0.021 0.013 0.009 0.009 0.007 0.008 0.007 
408   CMB_31    (0)    6 :  0.806 0.007 0.038 0.004 0.017 0.009 0.077 0.043 
409   CMB_32    (0)    6 :  0.796 0.006 0.010 0.020 0.051 0.026 0.029 0.062 
410   CMB_33    (0)    6 :  0.901 0.005 0.027 0.007 0.007 0.011 0.030 0.012 
411   CMB_34    (0)    6 :  0.908 0.003 0.007 0.007 0.019 0.009 0.011 0.035 
412   CMB_35    (0)    6 :  0.880 0.009 0.045 0.009 0.007 0.015 0.019 0.016 
413   CMB_36    (0)    6 :  0.888 0.017 0.011 0.005 0.020 0.020 0.014 0.025 
414   CMB_37    (0)    6 :  0.912 0.005 0.009 0.038 0.007 0.011 0.013 0.006 
415   CMB_38    (0)    6 :  0.914 0.009 0.009 0.016 0.011 0.023 0.013 0.005 
416   CMB_39    (0)    6 :  0.935 0.008 0.012 0.006 0.009 0.010 0.011 0.010 
417   CMB_40    (0)    6 :  0.784 0.010 0.012 0.011 0.028 0.099 0.011 0.044 
418   CMB_41    (0)    6 :  0.887 0.007 0.013 0.036 0.009 0.016 0.009 0.021 
419   CMB_42    (0)    6 :  0.761 0.007 0.018 0.107 0.033 0.027 0.019 0.028 
420   CMB_43    (0)    6 :  0.156 0.036 0.010 0.100 0.344 0.099 0.179 0.077 
