

----------------------------------------------------
STRUCTURE by Pritchard, Stephens and Donnelly (2000)
     and Falush, Stephens and Pritchard (2003)
       Code by Pritchard, Falush and Hubisz
             Version 2.3.4 (Jul 2012)
----------------------------------------------------



Command line arguments:   structure -m /global/home/hpc3579/salmon/mainparamsnewfoundlandfiles/mainparamsnewfoundland10 -e /global/home/hpc3579/salmon/extraparams_newfoundlandfile -K 10 
Input File:    /global/home/hpc3579/salmon/NewfoundlandStruc.txt

Run parameters:
   5235 individuals
   15 loci
   10 populations assumed
   100000 Burn-in period
   1000000 Reps


--------------------------------------------
Proportion of membership of each pre-defined
 population in each of the 10 clusters

Given    Inferred Clusters                                                        Number of
 Pop       1      2      3      4      5      6      7      8      9     10      Individuals

  1:     0.013  0.823  0.026  0.019  0.020  0.014  0.021  0.016  0.028  0.020       68
  2:     0.169  0.067  0.057  0.132  0.120  0.148  0.142  0.067  0.080  0.020       76
  3:     0.129  0.084  0.043  0.071  0.226  0.155  0.136  0.068  0.073  0.016       75
  4:     0.100  0.368  0.062  0.043  0.126  0.045  0.063  0.077  0.087  0.030       78
  5:     0.052  0.040  0.027  0.609  0.044  0.062  0.038  0.035  0.077  0.016       80
  6:     0.035  0.035  0.029  0.050  0.042  0.033  0.682  0.051  0.032  0.012       77
  7:     0.015  0.021  0.021  0.051  0.033  0.028  0.764  0.020  0.030  0.016       99
  8:     0.045  0.073  0.033  0.390  0.082  0.117  0.055  0.055  0.128  0.022       78
  9:     0.056  0.034  0.032  0.058  0.067  0.080  0.540  0.042  0.072  0.019       74
 10:     0.043  0.097  0.027  0.042  0.070  0.045  0.040  0.045  0.575  0.017      100
 11:     0.104  0.447  0.038  0.068  0.118  0.062  0.038  0.035  0.063  0.028      100
 12:     0.050  0.039  0.027  0.529  0.054  0.062  0.081  0.038  0.098  0.021       75
 13:     0.051  0.038  0.020  0.543  0.047  0.107  0.070  0.037  0.075  0.012       77
 14:     0.042  0.045  0.034  0.500  0.066  0.074  0.069  0.050  0.096  0.023       82
 15:     0.040  0.038  0.016  0.621  0.058  0.065  0.029  0.033  0.080  0.018       75
 16:     0.165  0.061  0.049  0.073  0.160  0.145  0.181  0.054  0.093  0.018       56
 17:     0.036  0.028  0.014  0.607  0.065  0.081  0.041  0.036  0.074  0.016       70
 18:     0.022  0.016  0.021  0.029  0.052  0.023  0.773  0.028  0.024  0.011       82
 19:     0.019  0.762  0.039  0.024  0.038  0.027  0.018  0.020  0.035  0.020       75
 20:     0.035  0.497  0.033  0.086  0.050  0.063  0.033  0.044  0.148  0.012       57
 21:     0.043  0.108  0.668  0.027  0.021  0.028  0.029  0.023  0.030  0.024      111
 22:     0.038  0.397  0.051  0.084  0.067  0.052  0.044  0.061  0.113  0.093       88
 23:     0.070  0.053  0.083  0.096  0.164  0.101  0.165  0.059  0.179  0.031       69
 24:     0.030  0.013  0.021  0.358  0.032  0.052  0.068  0.026  0.386  0.013       75
 25:     0.049  0.632  0.038  0.040  0.045  0.061  0.037  0.031  0.051  0.015      100
 26:     0.051  0.019  0.016  0.074  0.023  0.030  0.547  0.045  0.179  0.016       76
 27:     0.059  0.560  0.034  0.044  0.076  0.063  0.044  0.052  0.055  0.013       84
 28:     0.029  0.669  0.051  0.036  0.031  0.051  0.025  0.051  0.045  0.014       74
 29:     0.730  0.078  0.037  0.013  0.022  0.042  0.017  0.018  0.014  0.028       51
 30:     0.022  0.124  0.648  0.039  0.040  0.024  0.032  0.026  0.028  0.018       75
 31:     0.011  0.008  0.916  0.009  0.009  0.009  0.008  0.009  0.009  0.011       71
 32:     0.044  0.043  0.021  0.467  0.072  0.098  0.089  0.057  0.083  0.025       66
 33:     0.056  0.029  0.019  0.054  0.074  0.048  0.051  0.591  0.059  0.018       81
 34:     0.055  0.038  0.036  0.072  0.496  0.085  0.062  0.054  0.082  0.020       50
 35:     0.081  0.024  0.018  0.138  0.055  0.487  0.069  0.024  0.091  0.014       50
 36:     0.030  0.026  0.014  0.042  0.027  0.067  0.028  0.023  0.723  0.020      100
 37:     0.039  0.033  0.020  0.034  0.072  0.044  0.029  0.680  0.031  0.018       94
 38:     0.586  0.027  0.018  0.068  0.056  0.036  0.063  0.063  0.064  0.021      100
 39:     0.040  0.052  0.033  0.099  0.426  0.087  0.060  0.080  0.112  0.012       50
 40:     0.078  0.055  0.032  0.127  0.068  0.331  0.077  0.054  0.152  0.026       98
 41:     0.023  0.030  0.022  0.025  0.034  0.744  0.021  0.020  0.065  0.017       50
 42:     0.018  0.024  0.011  0.017  0.027  0.018  0.016  0.845  0.014  0.008       99
 43:     0.086  0.043  0.032  0.143  0.050  0.334  0.092  0.056  0.144  0.021       99
 44:     0.074  0.035  0.027  0.070  0.472  0.137  0.048  0.053  0.069  0.014      100
 45:     0.088  0.052  0.015  0.106  0.336  0.113  0.047  0.101  0.120  0.022       48
 46:     0.043  0.049  0.014  0.057  0.044  0.045  0.042  0.656  0.041  0.010       28
 47:     0.052  0.050  0.039  0.082  0.403  0.060  0.048  0.077  0.147  0.042       50
 48:     0.042  0.032  0.026  0.041  0.581  0.028  0.073  0.092  0.066  0.019      100
 49:     0.051  0.031  0.026  0.081  0.489  0.110  0.067  0.054  0.078  0.012       50
 50:     0.046  0.028  0.019  0.071  0.033  0.062  0.040  0.633  0.046  0.022       41
 51:     0.042  0.042  0.042  0.088  0.420  0.123  0.083  0.055  0.083  0.022       50
 52:     0.059  0.022  0.017  0.026  0.037  0.739  0.029  0.024  0.034  0.015      100
 53:     0.032  0.045  0.033  0.092  0.034  0.337  0.052  0.033  0.321  0.021       98
 54:     0.120  0.045  0.029  0.087  0.189  0.102  0.086  0.142  0.175  0.026      100
 55:     0.008  0.010  0.009  0.009  0.009  0.009  0.010  0.009  0.009  0.919       95
 56:     0.141  0.053  0.023  0.092  0.040  0.466  0.058  0.028  0.093  0.007       50
 57:     0.093  0.160  0.044  0.084  0.271  0.095  0.079  0.081  0.076  0.019       70
 58:     0.043  0.032  0.019  0.054  0.072  0.041  0.046  0.598  0.079  0.017      100
 59:     0.066  0.050  0.035  0.078  0.398  0.143  0.076  0.048  0.088  0.017       50
 60:     0.842  0.019  0.007  0.019  0.019  0.039  0.014  0.016  0.016  0.007       50
 61:     0.083  0.044  0.038  0.118  0.151  0.278  0.044  0.068  0.158  0.018      100
 62:     0.033  0.021  0.015  0.042  0.025  0.056  0.024  0.718  0.048  0.018       41
 63:     0.054  0.027  0.023  0.043  0.072  0.050  0.046  0.607  0.062  0.016      100
 64:     0.491  0.025  0.022  0.049  0.119  0.103  0.029  0.046  0.102  0.015       50
 65:     0.038  0.035  0.029  0.079  0.049  0.068  0.048  0.570  0.054  0.031      100
 66:     0.070  0.033  0.026  0.058  0.544  0.069  0.063  0.060  0.061  0.017       49
 67:     0.064  0.051  0.054  0.094  0.326  0.128  0.091  0.092  0.079  0.020      100
 68:     0.071  0.051  0.033  0.060  0.111  0.401  0.040  0.151  0.069  0.012       50
 69:     0.498  0.026  0.024  0.077  0.098  0.107  0.048  0.046  0.066  0.009      100
--------------------------------------------

Allele-freq. divergence among pops (Net nucleotide distance),
computed using point estimates of P.

      1       2       3       4       5       6       7       8       9      10      
 1      -    0.0303  0.0414  0.0147  0.0196  0.0127  0.0217  0.0256  0.0151  0.0997  
 2   0.0303     -    0.0246  0.0265  0.0275  0.0244  0.0361  0.0427  0.0262  0.0975  
 3   0.0414  0.0246     -    0.0348  0.0379  0.0368  0.0376  0.0521  0.0313  0.0978  
 4   0.0147  0.0265  0.0348     -    0.0175  0.0124  0.0134  0.0248  0.0097  0.0914  
 5   0.0196  0.0275  0.0379  0.0175     -    0.0147  0.0204  0.0201  0.0150  0.0945  
 6   0.0127  0.0244  0.0368  0.0124  0.0147     -    0.0186  0.0286  0.0133  0.0898  
 7   0.0217  0.0361  0.0376  0.0134  0.0204  0.0186     -    0.0303  0.0137  0.0989  
 8   0.0256  0.0427  0.0521  0.0248  0.0201  0.0286  0.0303     -    0.0224  0.1046  
 9   0.0151  0.0262  0.0313  0.0097  0.0150  0.0133  0.0137  0.0224     -    0.0878  
10   0.0997  0.0975  0.0978  0.0914  0.0945  0.0898  0.0989  0.1046  0.0878     -    

Average distances (expected heterozygosity) between individuals in same cluster:
cluster  1  : 0.8704 
cluster  2  : 0.8510 
cluster  3  : 0.8354 
cluster  4  : 0.8732 
cluster  5  : 0.8580 
cluster  6  : 0.8683 
cluster  7  : 0.8533 
cluster  8  : 0.8676 
cluster  9  : 0.8777 
cluster 10  : 0.7104 

--------------------------------------------
Estimated Ln Prob of Data   = -391064.2
Mean value of ln likelihood = -384030.1
Variance of ln likelihood   = 14068.2
Mean value of alpha         = 0.0501

Mean value of Fst_1         = 0.0152
Mean value of Fst_2         = 0.0242
Mean value of Fst_3         = 0.0585
Mean value of Fst_4         = 0.0145
Mean value of Fst_5         = 0.0136
Mean value of Fst_6         = 0.0165
Mean value of Fst_7         = 0.0226
Mean value of Fst_8         = 0.0213
Mean value of Fst_9         = 0.0140
Mean value of Fst_10         = 0.1845


Inferred ancestry of individuals:
        Label (%Miss) Pop:  Inferred clusters
  1    BBA_1    (0)    1 :  0.010 0.939 0.005 0.007 0.006 0.006 0.008 0.008 0.007 0.005 
  2    BBA_2    (0)    1 :  0.005 0.923 0.005 0.009 0.016 0.010 0.005 0.010 0.013 0.004 
  3    BBA_3    (0)    1 :  0.008 0.923 0.014 0.006 0.010 0.006 0.012 0.006 0.008 0.006 
  4    BBA_4    (0)    1 :  0.010 0.710 0.014 0.011 0.060 0.029 0.019 0.015 0.100 0.033 
  5    BBA_5    (0)    1 :  0.004 0.945 0.005 0.007 0.006 0.006 0.007 0.005 0.007 0.007 
  6    BBA_6    (0)    1 :  0.012 0.896 0.011 0.017 0.017 0.007 0.016 0.009 0.013 0.003 
  7    BBA_7    (0)    1 :  0.006 0.917 0.010 0.007 0.012 0.006 0.009 0.006 0.010 0.017 
  8    BBA_8    (0)    1 :  0.010 0.837 0.050 0.022 0.009 0.015 0.034 0.006 0.013 0.005 
  9    BBA_9    (0)    1 :  0.005 0.952 0.005 0.005 0.005 0.004 0.007 0.006 0.005 0.005 
 10   BBA_10    (0)    1 :  0.009 0.895 0.006 0.010 0.008 0.006 0.041 0.011 0.009 0.006 
 11   BBA_11    (0)    1 :  0.033 0.872 0.011 0.009 0.010 0.012 0.008 0.029 0.012 0.006 
 12   BBA_12    (0)    1 :  0.006 0.943 0.007 0.006 0.009 0.006 0.007 0.005 0.006 0.006 
 13   BBA_13    (0)    1 :  0.008 0.603 0.006 0.010 0.173 0.018 0.070 0.013 0.093 0.005 
 14   BBA_14    (0)    1 :  0.014 0.847 0.020 0.021 0.013 0.018 0.021 0.012 0.009 0.026 
 15   BBA_15    (0)    1 :  0.014 0.815 0.006 0.052 0.045 0.008 0.029 0.018 0.009 0.003 
 16   BBA_16    (0)    1 :  0.006 0.829 0.008 0.006 0.008 0.006 0.011 0.012 0.008 0.106 
 17   BBA_17    (0)    1 :  0.011 0.445 0.225 0.009 0.030 0.014 0.019 0.043 0.009 0.195 
 18   BBA_18    (0)    1 :  0.009 0.932 0.014 0.007 0.009 0.006 0.007 0.007 0.006 0.004 
 19   BBA_19    (0)    1 :  0.008 0.928 0.010 0.009 0.007 0.007 0.011 0.005 0.008 0.007 
 20   BBA_20    (0)    1 :  0.007 0.588 0.314 0.016 0.020 0.010 0.009 0.009 0.020 0.005 
 21   BBA_21    (0)    1 :  0.018 0.662 0.124 0.023 0.014 0.012 0.051 0.014 0.067 0.013 
 22   BBA_22    (0)    1 :  0.013 0.647 0.161 0.019 0.039 0.009 0.025 0.043 0.032 0.013 
 23   BBA_23    (0)    1 :  0.004 0.937 0.007 0.010 0.007 0.007 0.006 0.006 0.006 0.011 
 24   BBA_24    (0)    1 :  0.007 0.882 0.006 0.010 0.008 0.016 0.016 0.019 0.019 0.018 
 25   BBA_25    (0)    1 :  0.006 0.938 0.008 0.006 0.008 0.005 0.005 0.005 0.007 0.012 
 26   BBA_26    (0)    1 :  0.076 0.427 0.017 0.176 0.094 0.044 0.060 0.042 0.053 0.012 
 27   BBA_27    (0)    1 :  0.006 0.936 0.006 0.007 0.007 0.007 0.014 0.006 0.006 0.004 
 28   BBA_28    (0)    1 :  0.005 0.929 0.006 0.011 0.010 0.008 0.008 0.007 0.009 0.007 
 29   BBA_29    (0)    1 :  0.017 0.795 0.036 0.021 0.014 0.013 0.033 0.011 0.023 0.037 
 30   BBA_30    (0)    1 :  0.005 0.929 0.006 0.011 0.007 0.007 0.007 0.009 0.008 0.011 
 31   BBA_31    (0)    1 :  0.011 0.877 0.011 0.018 0.015 0.018 0.020 0.013 0.012 0.006 
 32   BBA_32    (0)    1 :  0.015 0.774 0.023 0.016 0.019 0.093 0.013 0.013 0.025 0.011 
 33   BBA_33    (0)    1 :  0.043 0.532 0.051 0.033 0.033 0.072 0.134 0.027 0.031 0.044 
 34   BBA_34    (0)    1 :  0.022 0.668 0.032 0.038 0.013 0.014 0.035 0.079 0.056 0.042 
 35   BBA_35    (0)    1 :  0.013 0.849 0.019 0.032 0.023 0.011 0.012 0.011 0.022 0.009 
 36   BBA_36    (0)    1 :  0.009 0.875 0.009 0.014 0.008 0.009 0.038 0.009 0.017 0.013 
 37   BBA_37    (0)    1 :  0.009 0.806 0.009 0.029 0.023 0.011 0.066 0.026 0.011 0.010 
 38   BBA_38    (0)    1 :  0.021 0.064 0.090 0.020 0.016 0.042 0.020 0.021 0.557 0.150 
 39   BBA_39    (0)    1 :  0.011 0.887 0.018 0.012 0.017 0.009 0.009 0.014 0.015 0.006 
 40   BBA_40    (0)    1 :  0.006 0.863 0.014 0.013 0.006 0.008 0.012 0.010 0.012 0.055 
 41   BBA_41    (0)    1 :  0.009 0.842 0.014 0.026 0.017 0.009 0.042 0.012 0.023 0.005 
 42   BBA_42    (0)    1 :  0.016 0.854 0.006 0.029 0.013 0.015 0.025 0.018 0.020 0.005 
 43   BBA_43    (0)    1 :  0.005 0.946 0.004 0.007 0.008 0.006 0.006 0.008 0.008 0.003 
 44   BBA_44    (0)    1 :  0.006 0.942 0.005 0.007 0.006 0.006 0.008 0.006 0.006 0.008 
 45   BBA_45    (0)    1 :  0.004 0.943 0.007 0.009 0.005 0.006 0.007 0.005 0.005 0.009 
 46   BBA_46    (0)    1 :  0.004 0.956 0.004 0.006 0.006 0.005 0.006 0.005 0.005 0.004 
 47   BBA_47    (0)    1 :  0.006 0.920 0.009 0.007 0.011 0.010 0.008 0.011 0.008 0.009 
 48   BBA_48    (0)    1 :  0.008 0.868 0.007 0.053 0.011 0.009 0.011 0.018 0.010 0.005 
 49   BBA_49    (0)    1 :  0.024 0.607 0.009 0.022 0.072 0.034 0.076 0.013 0.078 0.066 
 50   BBA_50    (0)    1 :  0.009 0.830 0.040 0.034 0.022 0.010 0.009 0.009 0.020 0.017 
 51   BBA_51    (0)    1 :  0.009 0.873 0.018 0.009 0.016 0.011 0.008 0.008 0.042 0.005 
 52   BBA_52    (0)    1 :  0.007 0.883 0.008 0.019 0.013 0.013 0.032 0.011 0.009 0.005 
 53   BBA_53    (0)    1 :  0.007 0.911 0.012 0.010 0.012 0.011 0.011 0.007 0.013 0.005 
 54   BBA_54    (0)    1 :  0.016 0.883 0.020 0.012 0.021 0.009 0.012 0.013 0.009 0.005 
 55   BBA_55    (0)    1 :  0.135 0.498 0.008 0.105 0.023 0.029 0.033 0.058 0.063 0.048 
 56   BBA_56    (0)    1 :  0.012 0.891 0.012 0.012 0.019 0.006 0.024 0.008 0.012 0.003 
 57   BBA_57    (0)    1 :  0.011 0.923 0.008 0.009 0.008 0.010 0.010 0.007 0.008 0.006 
 58   BBA_58    (0)    1 :  0.015 0.903 0.009 0.011 0.014 0.008 0.010 0.014 0.011 0.006 
 59   BBA_59    (0)    1 :  0.006 0.927 0.005 0.007 0.008 0.011 0.017 0.008 0.007 0.004 
 60   BBA_60    (0)    1 :  0.007 0.809 0.018 0.023 0.010 0.008 0.014 0.015 0.009 0.087 
 61   BBA_61    (0)    1 :  0.005 0.940 0.007 0.005 0.016 0.005 0.007 0.005 0.006 0.003 
 62   BBA_62    (0)    1 :  0.008 0.892 0.009 0.011 0.010 0.007 0.024 0.007 0.010 0.023 
 63   BBA_63    (0)    1 :  0.009 0.915 0.004 0.010 0.011 0.006 0.015 0.017 0.009 0.003 
 64   BBA_64    (0)    1 :  0.005 0.938 0.007 0.009 0.006 0.007 0.006 0.007 0.008 0.008 
 65   BBA_65    (0)    1 :  0.014 0.837 0.038 0.012 0.013 0.016 0.020 0.022 0.012 0.016 
 66   BBA_66    (0)    1 :  0.007 0.681 0.006 0.029 0.025 0.039 0.010 0.116 0.077 0.010 
 67   BBA_67    (0)    1 :  0.009 0.933 0.005 0.008 0.007 0.007 0.006 0.010 0.009 0.006 
 68   BBA_68    (0)    1 :  0.014 0.615 0.067 0.011 0.122 0.023 0.010 0.024 0.048 0.065 
 69    BDN_1    (0)    2 :  0.026 0.007 0.006 0.028 0.028 0.716 0.104 0.022 0.037 0.027 
 70    BDN_2    (0)    2 :  0.067 0.041 0.026 0.185 0.083 0.269 0.069 0.013 0.242 0.005 
 71    BDN_3    (0)    2 :  0.039 0.028 0.119 0.082 0.359 0.104 0.067 0.081 0.034 0.086 
 72    BDN_4   (13)    2 :  0.054 0.046 0.010 0.028 0.061 0.222 0.090 0.441 0.042 0.007 
 73    BDN_5   (13)    2 :  0.340 0.023 0.062 0.051 0.132 0.060 0.135 0.106 0.076 0.015 
 74    BDN_6    (6)    2 :  0.013 0.014 0.096 0.257 0.363 0.096 0.025 0.024 0.105 0.008 
 75    BDN_7    (0)    2 :  0.083 0.017 0.015 0.573 0.122 0.014 0.041 0.016 0.101 0.017 
 76    BDN_8    (6)    2 :  0.029 0.012 0.012 0.518 0.012 0.195 0.132 0.026 0.048 0.015 
 77    BDN_9    (0)    2 :  0.087 0.077 0.221 0.035 0.091 0.355 0.047 0.061 0.019 0.006 
 78   BDN_10    (0)    2 :  0.149 0.508 0.010 0.018 0.130 0.094 0.029 0.030 0.029 0.004 
 79   BDN_11    (0)    2 :  0.057 0.009 0.014 0.070 0.261 0.012 0.202 0.087 0.277 0.012 
 80   BDN_12    (0)    2 :  0.036 0.007 0.012 0.093 0.359 0.349 0.053 0.012 0.074 0.004 
 81   BDN_13   (13)    2 :  0.190 0.023 0.022 0.018 0.071 0.490 0.034 0.102 0.022 0.029 
 82   BDN_14    (0)    2 :  0.017 0.089 0.006 0.068 0.051 0.567 0.039 0.068 0.083 0.012 
 83   BDN_15    (6)    2 :  0.012 0.010 0.035 0.055 0.143 0.321 0.353 0.010 0.031 0.029 
 84   BDN_16    (6)    2 :  0.029 0.303 0.049 0.103 0.090 0.025 0.062 0.150 0.172 0.018 
 85   BDN_17   (13)    2 :  0.261 0.015 0.147 0.014 0.241 0.120 0.045 0.026 0.017 0.116 
 86   BDN_18    (0)    2 :  0.047 0.041 0.007 0.065 0.065 0.314 0.242 0.074 0.143 0.003 
 87   BDN_19    (0)    2 :  0.606 0.077 0.011 0.020 0.071 0.085 0.061 0.013 0.039 0.017 
 88   BDN_20   (13)    2 :  0.055 0.035 0.177 0.068 0.156 0.044 0.247 0.080 0.057 0.081 
 89   BDN_21   (13)    2 :  0.132 0.049 0.020 0.017 0.617 0.018 0.031 0.020 0.049 0.046 
 90   BDN_22    (6)    2 :  0.022 0.645 0.074 0.028 0.051 0.040 0.063 0.008 0.048 0.020 
 91   BDN_23    (0)    2 :  0.052 0.081 0.025 0.031 0.040 0.026 0.512 0.043 0.185 0.006 
 92   BDN_24    (0)    2 :  0.442 0.051 0.007 0.073 0.033 0.166 0.156 0.013 0.041 0.017 
 93   BDN_25   (13)    2 :  0.362 0.045 0.015 0.101 0.017 0.049 0.350 0.014 0.035 0.011 
 94   BDN_26    (0)    2 :  0.027 0.009 0.611 0.010 0.019 0.016 0.279 0.007 0.018 0.004 
 95   BDN_27    (0)    2 :  0.371 0.022 0.006 0.023 0.043 0.376 0.110 0.019 0.024 0.005 
 96   BDN_28   (13)    2 :  0.133 0.019 0.009 0.148 0.350 0.063 0.034 0.127 0.101 0.015 
 97   BDN_29    (0)    2 :  0.013 0.037 0.058 0.019 0.077 0.024 0.666 0.018 0.080 0.007 
 98   BDN_30    (0)    2 :  0.080 0.047 0.047 0.016 0.215 0.264 0.018 0.024 0.134 0.155 
 99   BDN_31    (0)    2 :  0.166 0.342 0.013 0.082 0.127 0.026 0.075 0.075 0.087 0.007 
100   BDN_32    (0)    2 :  0.017 0.028 0.082 0.533 0.116 0.131 0.033 0.014 0.038 0.009 
101   BDN_33    (0)    2 :  0.293 0.015 0.022 0.073 0.320 0.173 0.048 0.008 0.025 0.021 
102   BDN_34    (0)    2 :  0.032 0.013 0.007 0.034 0.076 0.046 0.037 0.711 0.041 0.003 
103   BDN_35    (0)    2 :  0.746 0.023 0.006 0.013 0.011 0.138 0.020 0.010 0.027 0.007 
104   BDN_36    (0)    2 :  0.096 0.019 0.080 0.068 0.160 0.054 0.184 0.016 0.318 0.006 
105   BDN_37    (0)    2 :  0.676 0.014 0.061 0.028 0.060 0.028 0.045 0.018 0.059 0.010 
106   BDN_38    (0)    2 :  0.215 0.011 0.494 0.071 0.009 0.019 0.024 0.020 0.130 0.008 
107   BDN_39    (0)    2 :  0.726 0.045 0.006 0.064 0.037 0.042 0.025 0.033 0.018 0.004 
108   BDN_40    (0)    2 :  0.677 0.007 0.012 0.057 0.014 0.052 0.065 0.011 0.096 0.009 
109   BDN_41    (0)    2 :  0.030 0.023 0.035 0.056 0.311 0.292 0.102 0.107 0.039 0.005 
110   BDN_42   (13)    2 :  0.049 0.014 0.024 0.055 0.210 0.062 0.342 0.157 0.083 0.003 
111   BDN_43    (6)    2 :  0.128 0.013 0.013 0.186 0.061 0.035 0.090 0.435 0.027 0.013 
112   BDN_44    (0)    2 :  0.036 0.062 0.021 0.288 0.063 0.114 0.260 0.019 0.110 0.028 
113   BDN_45    (0)    2 :  0.076 0.018 0.013 0.078 0.021 0.118 0.409 0.027 0.215 0.024 
114   BDN_46   (13)    2 :  0.034 0.044 0.027 0.110 0.030 0.626 0.009 0.052 0.062 0.006 
115   BDN_47    (0)    2 :  0.019 0.042 0.028 0.079 0.103 0.122 0.276 0.189 0.093 0.049 
116   BDN_48    (0)    2 :  0.065 0.029 0.007 0.281 0.050 0.015 0.051 0.079 0.419 0.005 
117   BDN_49    (0)    2 :  0.632 0.020 0.006 0.051 0.012 0.012 0.207 0.032 0.025 0.004 
118   BDN_50    (0)    2 :  0.079 0.035 0.011 0.045 0.030 0.330 0.408 0.039 0.019 0.005 
119   BDN_51    (0)    2 :  0.087 0.039 0.026 0.171 0.039 0.292 0.192 0.022 0.129 0.003 
120   BDN_52    (0)    2 :  0.267 0.018 0.011 0.066 0.279 0.160 0.142 0.028 0.018 0.010 
121   BDN_53    (0)    2 :  0.053 0.056 0.013 0.390 0.122 0.024 0.141 0.142 0.049 0.010 
122   BDN_54   (13)    2 :  0.016 0.469 0.254 0.017 0.095 0.032 0.043 0.027 0.038 0.009 
123   BDN_55    (6)    2 :  0.102 0.056 0.087 0.317 0.294 0.050 0.022 0.011 0.057 0.003 
124   BDN_56   (13)    2 :  0.305 0.010 0.010 0.055 0.023 0.057 0.446 0.052 0.036 0.004 
125   BDN_57    (6)    2 :  0.232 0.030 0.024 0.135 0.048 0.092 0.144 0.023 0.174 0.098 
126   BDN_58    (6)    2 :  0.078 0.076 0.044 0.151 0.291 0.199 0.048 0.013 0.090 0.011 
127   BDN_59    (6)    2 :  0.020 0.033 0.050 0.024 0.017 0.009 0.721 0.014 0.026 0.086 
128   BDN_60    (6)    2 :  0.123 0.020 0.022 0.028 0.490 0.117 0.106 0.046 0.015 0.033 
129   BDN_61    (0)    2 :  0.299 0.042 0.022 0.162 0.016 0.087 0.148 0.194 0.025 0.006 
130   BDN_62    (0)    2 :  0.015 0.024 0.024 0.138 0.049 0.108 0.550 0.053 0.034 0.006 
131   BDN_63    (6)    2 :  0.064 0.045 0.153 0.063 0.037 0.516 0.033 0.022 0.054 0.013 
132   BDN_64    (0)    2 :  0.550 0.046 0.016 0.021 0.091 0.015 0.120 0.073 0.061 0.006 
133   BDN_65    (0)    2 :  0.030 0.018 0.447 0.129 0.068 0.112 0.094 0.025 0.056 0.023 
134   BDN_66   (13)    2 :  0.667 0.028 0.013 0.016 0.039 0.019 0.038 0.046 0.127 0.005 
135   BDN_67    (0)    2 :  0.234 0.328 0.013 0.135 0.029 0.017 0.009 0.032 0.192 0.011 
136   BDN_68    (6)    2 :  0.042 0.021 0.026 0.670 0.029 0.047 0.020 0.020 0.099 0.026 
137   BDN_69    (0)    2 :  0.028 0.013 0.021 0.242 0.185 0.187 0.219 0.029 0.071 0.007 
138   BDN_70    (6)    2 :  0.117 0.069 0.019 0.202 0.342 0.033 0.029 0.028 0.124 0.037 
139   BDN_71    (6)    2 :  0.493 0.023 0.025 0.018 0.028 0.189 0.163 0.025 0.028 0.009 
140   BDN_72    (0)    2 :  0.022 0.020 0.018 0.811 0.036 0.015 0.021 0.032 0.021 0.005 
141   BDN_73    (0)    2 :  0.020 0.013 0.025 0.582 0.026 0.057 0.025 0.205 0.035 0.012 
142   BDN_74    (0)    2 :  0.051 0.027 0.023 0.304 0.137 0.026 0.232 0.011 0.180 0.009 
143   BDN_75    (0)    2 :  0.156 0.011 0.028 0.017 0.021 0.682 0.030 0.026 0.010 0.018 
144   BDN_76    (0)    2 :  0.132 0.342 0.012 0.098 0.083 0.178 0.015 0.080 0.039 0.021 
145   BDNB_1    (0)    3 :  0.374 0.009 0.077 0.076 0.047 0.270 0.051 0.036 0.055 0.005 
146   BDNB_2    (0)    3 :  0.173 0.060 0.013 0.166 0.084 0.193 0.022 0.040 0.239 0.009 
147   BDNB_3    (0)    3 :  0.152 0.028 0.060 0.201 0.037 0.025 0.052 0.011 0.425 0.010 
148   BDNB_4    (0)    3 :  0.147 0.011 0.010 0.049 0.069 0.616 0.040 0.023 0.031 0.005 
149   BDNB_5    (0)    3 :  0.012 0.064 0.031 0.019 0.700 0.035 0.025 0.097 0.013 0.003 
150   BDNB_6    (0)    3 :  0.121 0.023 0.390 0.044 0.209 0.067 0.101 0.012 0.019 0.013 
151   BDNB_7    (0)    3 :  0.234 0.062 0.006 0.065 0.064 0.254 0.026 0.074 0.066 0.149 
152   BDNB_8    (0)    3 :  0.177 0.060 0.020 0.109 0.172 0.042 0.277 0.014 0.097 0.034 
153   BDNB_9    (0)    3 :  0.018 0.060 0.012 0.016 0.830 0.007 0.017 0.008 0.016 0.015 
154  BDNB_10    (0)    3 :  0.065 0.092 0.156 0.081 0.459 0.029 0.056 0.032 0.027 0.004 
155  BDNB_11    (0)    3 :  0.227 0.039 0.009 0.091 0.299 0.216 0.016 0.057 0.042 0.006 
156  BDNB_12    (0)    3 :  0.082 0.017 0.007 0.106 0.271 0.360 0.036 0.052 0.063 0.006 
157  BDNB_13    (0)    3 :  0.230 0.027 0.028 0.023 0.390 0.068 0.095 0.091 0.040 0.008 
158  BDNB_14    (0)    3 :  0.102 0.272 0.059 0.041 0.030 0.024 0.230 0.011 0.216 0.015 
159  BDNB_15    (0)    3 :  0.016 0.006 0.006 0.901 0.011 0.007 0.027 0.011 0.010 0.005 
160  BDNB_16    (0)    3 :  0.027 0.391 0.048 0.102 0.222 0.026 0.044 0.027 0.096 0.018 
161  BDNB_17    (6)    3 :  0.017 0.062 0.007 0.040 0.040 0.649 0.021 0.022 0.064 0.079 
162  BDNB_18    (0)    3 :  0.081 0.072 0.029 0.026 0.094 0.548 0.020 0.061 0.041 0.027 
163  BDNB_19    (0)    3 :  0.151 0.051 0.010 0.028 0.074 0.558 0.014 0.081 0.023 0.010 
164  BDNB_20    (0)    3 :  0.021 0.094 0.043 0.037 0.565 0.017 0.061 0.088 0.041 0.033 
165  BDNB_21    (0)    3 :  0.007 0.007 0.006 0.013 0.015 0.024 0.832 0.012 0.073 0.012 
166  BDNB_22    (0)    3 :  0.022 0.039 0.012 0.025 0.301 0.203 0.021 0.304 0.062 0.011 
167  BDNB_23    (0)    3 :  0.026 0.010 0.005 0.030 0.011 0.027 0.829 0.013 0.042 0.006 
168  BDNB_24    (0)    3 :  0.033 0.149 0.024 0.022 0.070 0.096 0.194 0.389 0.016 0.006 
169  BDNB_25    (0)    3 :  0.038 0.047 0.027 0.064 0.085 0.394 0.286 0.017 0.036 0.007 
170  BDNB_26    (0)    3 :  0.079 0.015 0.015 0.269 0.490 0.025 0.060 0.032 0.010 0.005 
171  BDNB_27    (0)    3 :  0.400 0.060 0.035 0.028 0.249 0.017 0.181 0.015 0.012 0.003 
172  BDNB_28    (0)    3 :  0.503 0.041 0.044 0.042 0.132 0.021 0.040 0.129 0.019 0.028 
173  BDNB_29    (0)    3 :  0.029 0.016 0.434 0.252 0.124 0.038 0.058 0.011 0.025 0.013 
174  BDNB_30    (0)    3 :  0.016 0.664 0.031 0.025 0.081 0.013 0.035 0.085 0.018 0.032 
175  BDNB_31    (0)    3 :  0.036 0.298 0.006 0.069 0.104 0.060 0.069 0.076 0.263 0.019 
176  BDNB_32    (0)    3 :  0.064 0.131 0.007 0.018 0.083 0.079 0.514 0.054 0.031 0.018 
177  BDNB_33    (0)    3 :  0.023 0.557 0.012 0.028 0.147 0.035 0.038 0.014 0.111 0.037 
178  BDNB_34    (0)    3 :  0.078 0.190 0.018 0.034 0.263 0.112 0.233 0.034 0.034 0.004 
179  BDNB_35    (0)    3 :  0.036 0.017 0.022 0.036 0.592 0.009 0.060 0.036 0.190 0.003 
180  BDNB_36    (0)    3 :  0.024 0.234 0.239 0.089 0.028 0.012 0.164 0.158 0.047 0.006 
181  BDNB_37    (0)    3 :  0.641 0.010 0.166 0.059 0.041 0.014 0.017 0.009 0.036 0.008 
182  BDNB_38    (0)    3 :  0.039 0.048 0.055 0.028 0.362 0.048 0.293 0.042 0.027 0.058 
183  BDNB_39    (0)    3 :  0.256 0.011 0.043 0.092 0.028 0.008 0.508 0.015 0.014 0.025 
184  BDNB_40    (0)    3 :  0.176 0.025 0.018 0.023 0.550 0.055 0.080 0.013 0.039 0.022 
185  BDNB_41    (0)    3 :  0.079 0.020 0.043 0.011 0.529 0.245 0.015 0.027 0.022 0.011 
186  BDNB_42    (0)    3 :  0.011 0.021 0.030 0.040 0.227 0.063 0.262 0.292 0.043 0.009 
187  BDNB_43    (0)    3 :  0.065 0.034 0.024 0.021 0.036 0.587 0.091 0.109 0.023 0.010 
188  BDNB_44    (0)    3 :  0.060 0.046 0.020 0.056 0.602 0.047 0.030 0.076 0.052 0.011 
189  BDNB_45    (0)    3 :  0.043 0.208 0.088 0.030 0.251 0.018 0.069 0.098 0.153 0.040 
190  BDNB_46    (0)    3 :  0.018 0.106 0.110 0.020 0.444 0.024 0.030 0.164 0.080 0.004 
191  BDNB_47    (0)    3 :  0.012 0.076 0.010 0.029 0.771 0.014 0.011 0.017 0.053 0.007 
192  BDNB_48    (0)    3 :  0.033 0.050 0.034 0.013 0.060 0.155 0.569 0.033 0.049 0.004 
193  BDNB_49    (0)    3 :  0.060 0.047 0.040 0.295 0.096 0.310 0.057 0.046 0.025 0.024 
194  BDNB_50    (0)    3 :  0.026 0.017 0.028 0.031 0.123 0.306 0.398 0.025 0.038 0.008 
195  BDNB_51    (0)    3 :  0.033 0.020 0.017 0.112 0.104 0.176 0.016 0.015 0.476 0.033 
196  BDNB_52    (0)    3 :  0.448 0.012 0.013 0.177 0.107 0.015 0.134 0.020 0.065 0.009 
197  BDNB_53    (0)    3 :  0.095 0.113 0.013 0.044 0.070 0.435 0.034 0.064 0.057 0.075 
198  BDNB_54    (0)    3 :  0.155 0.015 0.009 0.012 0.381 0.123 0.234 0.030 0.018 0.025 
199  BDNB_55    (0)    3 :  0.126 0.135 0.027 0.022 0.103 0.028 0.517 0.016 0.024 0.003 
200  BDNB_56    (6)    3 :  0.352 0.061 0.014 0.101 0.167 0.077 0.012 0.015 0.179 0.022 
201  BDNB_57    (0)    3 :  0.017 0.521 0.097 0.013 0.178 0.010 0.107 0.012 0.040 0.006 
202  BDNB_58    (0)    3 :  0.054 0.021 0.007 0.016 0.387 0.015 0.088 0.019 0.390 0.003 
203  BDNB_59    (0)    3 :  0.109 0.095 0.091 0.043 0.107 0.077 0.180 0.147 0.147 0.005 
204  BDNB_60    (0)    3 :  0.030 0.080 0.012 0.026 0.073 0.433 0.036 0.268 0.028 0.014 
205  BDNB_61    (0)    3 :  0.207 0.056 0.010 0.008 0.338 0.037 0.146 0.155 0.038 0.005 
206  BDNB_62    (0)    3 :  0.091 0.012 0.030 0.334 0.367 0.024 0.107 0.014 0.015 0.005 
207  BDNB_63    (0)    3 :  0.131 0.011 0.019 0.006 0.746 0.032 0.009 0.016 0.025 0.003 
208  BDNB_64    (6)    3 :  0.016 0.016 0.023 0.013 0.521 0.309 0.016 0.063 0.019 0.005 
209  BDNB_65    (0)    3 :  0.086 0.059 0.015 0.018 0.486 0.044 0.070 0.203 0.015 0.004 
210  BDNB_66    (0)    3 :  0.120 0.041 0.014 0.022 0.101 0.588 0.010 0.050 0.039 0.013 
211  BDNB_67    (0)    3 :  0.405 0.053 0.015 0.053 0.069 0.116 0.012 0.077 0.188 0.014 
212  BDNB_68    (0)    3 :  0.423 0.034 0.046 0.047 0.100 0.044 0.112 0.159 0.030 0.005 
213  BDNB_69    (0)    3 :  0.278 0.033 0.009 0.034 0.139 0.031 0.111 0.114 0.246 0.006 
214  BDNB_70    (0)    3 :  0.025 0.014 0.053 0.007 0.029 0.693 0.012 0.151 0.011 0.005 
215  BDNB_71    (0)    3 :  0.656 0.057 0.013 0.021 0.097 0.014 0.063 0.061 0.011 0.005 
216  BDNB_72    (0)    3 :  0.022 0.026 0.008 0.062 0.400 0.238 0.038 0.158 0.037 0.011 
217  BDNB_73    (0)    3 :  0.104 0.033 0.007 0.057 0.193 0.440 0.085 0.036 0.041 0.004 
218  BDNB_74    (0)    3 :  0.303 0.049 0.012 0.025 0.071 0.442 0.011 0.052 0.018 0.017 
219  BDNB_75    (0)    3 :  0.022 0.012 0.007 0.013 0.017 0.082 0.747 0.028 0.043 0.031 
220    BSB_1    (0)    4 :  0.018 0.178 0.044 0.352 0.026 0.058 0.108 0.022 0.181 0.014 
221    BSB_2    (0)    4 :  0.054 0.292 0.105 0.038 0.304 0.043 0.011 0.068 0.078 0.007 
222    BSB_3    (0)    4 :  0.060 0.013 0.010 0.011 0.080 0.009 0.021 0.661 0.117 0.017 
223    BSB_4    (0)    4 :  0.027 0.654 0.050 0.008 0.115 0.028 0.074 0.012 0.023 0.008 
224    BSB_5    (0)    4 :  0.023 0.781 0.035 0.016 0.028 0.013 0.025 0.046 0.027 0.005 
225    BSB_6    (0)    4 :  0.051 0.844 0.030 0.011 0.008 0.015 0.010 0.014 0.012 0.007 
226    BSB_7   (33)    4 :  0.036 0.097 0.411 0.060 0.181 0.053 0.051 0.023 0.048 0.039 
227    BSB_8    (0)    4 :  0.013 0.034 0.028 0.208 0.063 0.021 0.058 0.031 0.334 0.210 
228    BSB_9    (0)    4 :  0.014 0.149 0.010 0.034 0.093 0.029 0.030 0.609 0.021 0.009 
229   BSB_10    (0)    4 :  0.058 0.111 0.082 0.023 0.439 0.025 0.064 0.118 0.075 0.006 
230   BSB_11    (0)    4 :  0.066 0.369 0.013 0.019 0.027 0.012 0.052 0.063 0.104 0.276 
231   BSB_12    (0)    4 :  0.014 0.212 0.040 0.109 0.112 0.020 0.267 0.082 0.054 0.090 
232   BSB_13    (0)    4 :  0.137 0.058 0.175 0.021 0.490 0.027 0.017 0.017 0.049 0.008 
233   BSB_14    (0)    4 :  0.012 0.439 0.033 0.016 0.347 0.061 0.011 0.046 0.030 0.006 
234   BSB_15    (0)    4 :  0.011 0.105 0.217 0.061 0.028 0.067 0.351 0.006 0.120 0.034 
235   BSB_16    (6)    4 :  0.017 0.781 0.011 0.015 0.054 0.022 0.041 0.038 0.018 0.004 
236   BSB_17    (0)    4 :  0.101 0.684 0.013 0.014 0.099 0.019 0.011 0.013 0.034 0.011 
237   BSB_18    (0)    4 :  0.026 0.484 0.012 0.012 0.163 0.030 0.020 0.056 0.145 0.051 
238   BSB_19    (0)    4 :  0.019 0.521 0.043 0.007 0.018 0.009 0.319 0.009 0.044 0.010 
239   BSB_20    (0)    4 :  0.053 0.663 0.011 0.036 0.049 0.080 0.019 0.006 0.047 0.036 
240   BSB_21    (0)    4 :  0.277 0.441 0.007 0.040 0.166 0.022 0.009 0.017 0.013 0.009 
241   BSB_22    (0)    4 :  0.016 0.085 0.013 0.028 0.062 0.015 0.011 0.674 0.086 0.011 
242   BSB_23    (0)    4 :  0.066 0.369 0.166 0.011 0.081 0.063 0.062 0.139 0.018 0.025 
243   BSB_24    (0)    4 :  0.010 0.839 0.018 0.008 0.023 0.008 0.011 0.011 0.014 0.056 
244   BSB_25    (0)    4 :  0.012 0.844 0.012 0.011 0.016 0.013 0.021 0.034 0.015 0.023 
245   BSB_26    (0)    4 :  0.016 0.831 0.019 0.019 0.035 0.023 0.013 0.023 0.013 0.009 
246   BSB_27    (0)    4 :  0.018 0.704 0.005 0.015 0.024 0.041 0.131 0.009 0.042 0.011 
247   BSB_28    (0)    4 :  0.010 0.011 0.093 0.010 0.409 0.049 0.010 0.345 0.048 0.015 
248   BSB_29    (0)    4 :  0.015 0.647 0.257 0.011 0.016 0.009 0.007 0.013 0.015 0.012 
249   BSB_30    (0)    4 :  0.034 0.628 0.010 0.027 0.066 0.031 0.016 0.140 0.040 0.007 
250   BSB_31    (0)    4 :  0.473 0.019 0.033 0.047 0.032 0.104 0.187 0.034 0.061 0.009 
251   BSB_32    (0)    4 :  0.015 0.728 0.125 0.027 0.034 0.018 0.009 0.017 0.022 0.004 
252   BSB_33    (0)    4 :  0.047 0.215 0.040 0.087 0.325 0.023 0.050 0.037 0.155 0.019 
253   BSB_34    (0)    4 :  0.017 0.702 0.048 0.022 0.043 0.035 0.037 0.021 0.063 0.013 
254   BSB_35    (0)    4 :  0.007 0.900 0.024 0.007 0.013 0.009 0.013 0.010 0.015 0.003 
255   BSB_36    (0)    4 :  0.024 0.583 0.046 0.016 0.022 0.096 0.106 0.009 0.084 0.014 
256   BSB_37    (0)    4 :  0.022 0.891 0.006 0.012 0.012 0.018 0.006 0.009 0.013 0.010 
257   BSB_38   (60)    4 :  0.848 0.005 0.005 0.029 0.007 0.011 0.060 0.011 0.015 0.010 
258   BSB_39    (0)    4 :  0.068 0.025 0.044 0.142 0.280 0.030 0.309 0.025 0.019 0.059 
259   BSB_40    (0)    4 :  0.018 0.664 0.014 0.141 0.020 0.020 0.074 0.013 0.033 0.004 
260   BSB_41    (0)    4 :  0.056 0.213 0.206 0.023 0.173 0.060 0.056 0.105 0.098 0.009 
261   BSB_42    (0)    4 :  0.042 0.411 0.103 0.109 0.016 0.039 0.034 0.020 0.149 0.075 
262   BSB_43    (0)    4 :  0.081 0.541 0.032 0.030 0.026 0.097 0.052 0.017 0.115 0.009 
263   BSB_44    (0)    4 :  0.021 0.527 0.069 0.022 0.012 0.058 0.018 0.201 0.017 0.053 
264   BSB_45    (0)    4 :  0.062 0.264 0.007 0.046 0.361 0.026 0.099 0.026 0.100 0.010 
265   BSB_46    (0)    4 :  0.076 0.196 0.033 0.033 0.550 0.016 0.021 0.022 0.017 0.036 
266   BSB_47    (0)    4 :  0.040 0.682 0.025 0.021 0.039 0.075 0.025 0.009 0.027 0.057 
267   BSB_48    (0)    4 :  0.070 0.096 0.041 0.116 0.036 0.029 0.194 0.013 0.397 0.007 
268   BSB_49    (0)    4 :  0.063 0.301 0.026 0.370 0.026 0.022 0.060 0.013 0.110 0.008 
269   BSB_50   (60)    4 :  0.944 0.004 0.004 0.008 0.005 0.006 0.005 0.005 0.015 0.004 
270   BSB_51    (0)    4 :  0.012 0.022 0.036 0.041 0.033 0.018 0.030 0.012 0.789 0.006 
271   BSB_52    (0)    4 :  0.214 0.146 0.065 0.017 0.352 0.013 0.014 0.071 0.096 0.012 
272   BSB_53    (0)    4 :  0.021 0.820 0.010 0.008 0.081 0.016 0.013 0.013 0.013 0.005 
273   BSB_54    (0)    4 :  0.010 0.046 0.027 0.071 0.693 0.021 0.019 0.011 0.094 0.006 
274   BSB_55    (0)    4 :  0.017 0.217 0.027 0.072 0.068 0.088 0.033 0.403 0.064 0.013 
275   BSB_56    (0)    4 :  0.151 0.085 0.136 0.024 0.300 0.082 0.027 0.160 0.031 0.003 
276   BSB_57    (0)    4 :  0.012 0.082 0.014 0.040 0.088 0.055 0.009 0.101 0.085 0.513 
277   BSB_58    (0)    4 :  0.034 0.055 0.009 0.048 0.119 0.303 0.239 0.086 0.098 0.010 
278   BSB_59    (0)    4 :  0.012 0.788 0.049 0.022 0.022 0.021 0.020 0.015 0.015 0.036 
279   BSB_60   (60)    4 :  0.956 0.004 0.006 0.005 0.005 0.005 0.005 0.004 0.005 0.004 
280   BSB_61    (0)    4 :  0.020 0.338 0.466 0.026 0.028 0.030 0.026 0.013 0.045 0.009 
281   BSB_62    (0)    4 :  0.071 0.736 0.011 0.015 0.013 0.031 0.008 0.027 0.073 0.014 
282   BSB_63    (0)    4 :  0.117 0.539 0.010 0.008 0.049 0.008 0.009 0.224 0.025 0.010 
283   BSB_64    (0)    4 :  0.014 0.432 0.248 0.015 0.037 0.082 0.041 0.059 0.035 0.038 
284   BSB_65    (0)    4 :  0.098 0.319 0.137 0.050 0.129 0.014 0.031 0.095 0.064 0.062 
285   BSB_66    (0)    4 :  0.129 0.583 0.018 0.048 0.029 0.024 0.092 0.005 0.050 0.022 
286   BSB_67    (0)    4 :  0.079 0.224 0.026 0.013 0.513 0.030 0.041 0.017 0.041 0.016 
287   BSB_68    (0)    4 :  0.022 0.022 0.042 0.013 0.047 0.008 0.746 0.071 0.025 0.004 
288   BSB_69    (0)    4 :  0.189 0.013 0.005 0.043 0.043 0.161 0.045 0.139 0.350 0.011 
289   BSB_70    (0)    4 :  0.062 0.017 0.028 0.020 0.428 0.043 0.015 0.327 0.055 0.006 
290   BSB_71    (0)    4 :  0.023 0.843 0.010 0.007 0.048 0.017 0.007 0.023 0.018 0.003 
291   BSB_72    (0)    4 :  0.124 0.027 0.112 0.026 0.071 0.468 0.022 0.018 0.109 0.022 
292   BSB_73    (0)    4 :  0.015 0.243 0.013 0.109 0.268 0.020 0.014 0.029 0.284 0.006 
293   BSB_74    (0)    4 :  0.047 0.181 0.065 0.027 0.100 0.014 0.013 0.032 0.510 0.012 
294   BSB_75    (0)    4 :  0.065 0.658 0.015 0.014 0.044 0.052 0.084 0.015 0.049 0.003 
295   BSB_76    (0)    4 :  0.028 0.323 0.162 0.009 0.372 0.020 0.015 0.024 0.018 0.029 
296   BSB_77   (53)    4 :  0.962 0.004 0.004 0.006 0.004 0.004 0.004 0.004 0.004 0.004 
297   BSB_78    (0)    4 :  0.019 0.080 0.155 0.025 0.224 0.128 0.008 0.023 0.332 0.004 
298    CCR_1    (0)    5 :  0.020 0.024 0.071 0.739 0.029 0.047 0.029 0.008 0.027 0.007 
299    CCR_2    (0)    5 :  0.007 0.009 0.012 0.786 0.006 0.027 0.006 0.040 0.102 0.004 
300    CCR_3    (0)    5 :  0.051 0.016 0.050 0.314 0.026 0.364 0.030 0.055 0.089 0.005 
301    CCR_4    (0)    5 :  0.179 0.009 0.042 0.582 0.022 0.015 0.060 0.067 0.016 0.008 
302    CCR_5    (0)    5 :  0.010 0.008 0.014 0.658 0.009 0.031 0.012 0.020 0.220 0.017 
303    CCR_6    (0)    5 :  0.010 0.010 0.009 0.721 0.011 0.018 0.027 0.006 0.181 0.006 
304    CCR_7    (0)    5 :  0.025 0.013 0.017 0.834 0.010 0.032 0.010 0.028 0.026 0.004 
305    CCR_8    (0)    5 :  0.327 0.047 0.018 0.041 0.112 0.159 0.059 0.084 0.142 0.012 
306    CCR_9    (0)    5 :  0.008 0.014 0.006 0.874 0.010 0.025 0.016 0.009 0.032 0.006 
307   CCR_10    (0)    5 :  0.528 0.031 0.035 0.103 0.065 0.167 0.036 0.017 0.015 0.004 
308   CCR_11    (0)    5 :  0.049 0.008 0.038 0.756 0.019 0.021 0.068 0.014 0.020 0.006 
309   CCR_12    (0)    5 :  0.006 0.010 0.014 0.811 0.010 0.046 0.008 0.013 0.073 0.009 
310   CCR_13    (0)    5 :  0.018 0.012 0.005 0.764 0.023 0.086 0.014 0.017 0.056 0.005 
311   CCR_14    (0)    5 :  0.441 0.018 0.016 0.303 0.011 0.038 0.021 0.034 0.067 0.052 
312   CCR_15    (0)    5 :  0.067 0.009 0.009 0.390 0.055 0.082 0.243 0.019 0.122 0.003 
313   CCR_16    (0)    5 :  0.300 0.076 0.021 0.157 0.133 0.016 0.018 0.163 0.100 0.018 
314   CCR_17    (0)    5 :  0.041 0.010 0.013 0.372 0.028 0.326 0.013 0.016 0.176 0.004 
315   CCR_18    (0)    5 :  0.033 0.009 0.006 0.369 0.117 0.210 0.015 0.219 0.017 0.005 
316   CCR_19    (0)    5 :  0.031 0.017 0.012 0.449 0.011 0.097 0.051 0.013 0.314 0.006 
317   CCR_20    (0)    5 :  0.027 0.087 0.038 0.629 0.020 0.026 0.015 0.010 0.130 0.018 
318   CCR_21    (0)    5 :  0.009 0.016 0.059 0.836 0.023 0.008 0.013 0.010 0.018 0.007 
319   CCR_22    (0)    5 :  0.008 0.012 0.033 0.781 0.031 0.021 0.050 0.026 0.035 0.004 
320   CCR_23    (0)    5 :  0.016 0.009 0.010 0.825 0.014 0.009 0.013 0.025 0.013 0.066 
321   CCR_24    (0)    5 :  0.011 0.008 0.006 0.915 0.011 0.009 0.011 0.007 0.018 0.005 
322   CCR_25    (0)    5 :  0.216 0.059 0.008 0.048 0.036 0.028 0.033 0.015 0.546 0.010 
323   CCR_26    (0)    5 :  0.049 0.235 0.022 0.523 0.042 0.018 0.026 0.008 0.071 0.005 
324   CCR_27    (0)    5 :  0.013 0.006 0.014 0.874 0.008 0.041 0.010 0.014 0.016 0.004 
325   CCR_28    (0)    5 :  0.011 0.026 0.109 0.764 0.019 0.010 0.011 0.014 0.017 0.019 
326   CCR_29    (0)    5 :  0.016 0.012 0.007 0.901 0.010 0.012 0.020 0.005 0.010 0.006 
327   CCR_30    (0)    5 :  0.041 0.010 0.008 0.544 0.024 0.064 0.258 0.015 0.024 0.014 
328   CCR_31    (0)    5 :  0.038 0.222 0.019 0.147 0.374 0.040 0.023 0.026 0.107 0.005 
329   CCR_32    (0)    5 :  0.008 0.073 0.052 0.594 0.021 0.022 0.012 0.007 0.045 0.166 
330   CCR_33    (0)    5 :  0.046 0.032 0.005 0.366 0.050 0.071 0.029 0.029 0.343 0.028 
331   CCR_34    (0)    5 :  0.025 0.015 0.006 0.849 0.014 0.021 0.010 0.016 0.018 0.027 
332   CCR_35    (0)    5 :  0.147 0.037 0.025 0.572 0.084 0.039 0.034 0.043 0.015 0.005 
333   CCR_36    (0)    5 :  0.208 0.023 0.013 0.411 0.141 0.069 0.024 0.072 0.033 0.006 
334   CCR_37    (0)    5 :  0.013 0.387 0.026 0.201 0.014 0.037 0.058 0.016 0.238 0.010 
335   CCR_38    (0)    5 :  0.008 0.012 0.013 0.824 0.011 0.015 0.016 0.017 0.077 0.007 
336   CCR_39    (0)    5 :  0.026 0.007 0.007 0.873 0.008 0.013 0.028 0.015 0.018 0.005 
337   CCR_40    (0)    5 :  0.021 0.324 0.017 0.182 0.046 0.159 0.015 0.066 0.164 0.007 
338   CCR_41    (0)    5 :  0.018 0.010 0.017 0.802 0.035 0.028 0.028 0.018 0.026 0.018 
339   CCR_42    (0)    5 :  0.010 0.018 0.017 0.885 0.009 0.012 0.012 0.012 0.021 0.004 
340   CCR_43    (0)    5 :  0.015 0.011 0.013 0.424 0.391 0.028 0.037 0.017 0.040 0.024 
341   CCR_44    (0)    5 :  0.033 0.171 0.069 0.365 0.027 0.037 0.061 0.056 0.050 0.131 
342   CCR_45    (0)    5 :  0.024 0.018 0.038 0.769 0.018 0.048 0.042 0.009 0.022 0.011 
343   CCR_46    (0)    5 :  0.010 0.022 0.040 0.785 0.049 0.026 0.015 0.007 0.035 0.011 
344   CCR_47    (0)    5 :  0.017 0.024 0.026 0.788 0.023 0.033 0.016 0.008 0.053 0.011 
345   CCR_48    (0)    5 :  0.021 0.007 0.013 0.149 0.025 0.642 0.054 0.019 0.030 0.041 
346   CCR_49    (0)    5 :  0.033 0.043 0.045 0.342 0.017 0.074 0.027 0.040 0.340 0.039 
347   CCR_50    (0)    5 :  0.009 0.011 0.015 0.866 0.012 0.023 0.007 0.029 0.013 0.014 
