

----------------------------------------------------
STRUCTURE by Pritchard, Stephens and Donnelly (2000)
     and Falush, Stephens and Pritchard (2003)
       Code by Pritchard, Falush and Hubisz
             Version 2.3.4 (Jul 2012)
----------------------------------------------------



Command line arguments:   structure -m /global/home/hpc3579/salmon/mainparamsnewfoundlandfiles/mainparamsnewfoundland3 -e /global/home/hpc3579/salmon/extraparams_newfoundlandfile -K 3 
Input File:    /global/home/hpc3579/salmon/NewfoundlandStruc.txt

Run parameters:
   5235 individuals
   15 loci
   3 populations assumed
   100000 Burn-in period
   1000000 Reps


--------------------------------------------
Proportion of membership of each pre-defined
 population in each of the 3 clusters

Given    Inferred Clusters       Number of
 Pop       1      2      3      Individuals

  1:     0.078  0.843  0.079       68
  2:     0.483  0.228  0.289       76
  3:     0.364  0.230  0.407       75
  4:     0.175  0.557  0.268       78
  5:     0.705  0.151  0.144       80
  6:     0.705  0.119  0.175       77
  7:     0.771  0.110  0.119       99
  8:     0.566  0.235  0.200       78
  9:     0.629  0.164  0.206       74
 10:     0.303  0.383  0.314      100
 11:     0.191  0.663  0.146      100
 12:     0.675  0.159  0.166       75
 13:     0.709  0.125  0.165       77
 14:     0.593  0.217  0.190       82
 15:     0.687  0.148  0.164       75
 16:     0.454  0.238  0.309       56
 17:     0.752  0.100  0.148       70
 18:     0.770  0.093  0.137       82
 19:     0.083  0.822  0.095       75
 20:     0.220  0.610  0.170       57
 21:     0.078  0.831  0.091      111
 22:     0.147  0.696  0.157       88
 23:     0.401  0.333  0.266       69
 24:     0.764  0.110  0.126       75
 25:     0.146  0.700  0.154      100
 26:     0.765  0.095  0.141       76
 27:     0.159  0.614  0.227       84
 28:     0.102  0.745  0.153       74
 29:     0.102  0.610  0.287       51
 30:     0.076  0.856  0.068       75
 31:     0.041  0.910  0.049       71
 32:     0.642  0.144  0.214       66
 33:     0.135  0.092  0.773       81
 34:     0.329  0.196  0.475       50
 35:     0.773  0.086  0.141       50
 36:     0.605  0.230  0.165      100
 37:     0.077  0.085  0.839       94
 38:     0.608  0.114  0.279      100
 39:     0.292  0.207  0.501       50
 40:     0.613  0.172  0.215       98
 41:     0.460  0.173  0.368       50
 42:     0.046  0.057  0.898       99
 43:     0.619  0.155  0.226       99
 44:     0.353  0.196  0.451      100
 45:     0.388  0.142  0.470       48
 46:     0.135  0.082  0.783       28
 47:     0.236  0.262  0.501       50
 48:     0.230  0.166  0.604      100
 49:     0.319  0.156  0.526       50
 50:     0.167  0.085  0.749       41
 51:     0.376  0.195  0.429       50
 52:     0.632  0.142  0.226      100
 53:     0.564  0.199  0.237       98
 54:     0.406  0.154  0.440      100
 55:     0.040  0.925  0.035       95
 56:     0.710  0.127  0.163       50
 57:     0.279  0.349  0.372       70
 58:     0.133  0.088  0.779      100
 59:     0.423  0.209  0.367       50
 60:     0.554  0.069  0.376       50
 61:     0.460  0.182  0.359      100
 62:     0.101  0.065  0.834       41
 63:     0.122  0.087  0.791      100
 64:     0.448  0.109  0.443       50
 65:     0.155  0.132  0.714      100
 66:     0.303  0.141  0.556       49
 67:     0.386  0.201  0.414      100
 68:     0.301  0.155  0.544       50
 69:     0.539  0.106  0.354      100
--------------------------------------------

Allele-freq. divergence among pops (Net nucleotide distance),
computed using point estimates of P.

      1       2       3      
 1      -    0.0161  0.0119  
 2   0.0161     -    0.0205  
 3   0.0119  0.0205     -    

Average distances (expected heterozygosity) between individuals in same cluster:
cluster  1  : 0.8759 
cluster  2  : 0.8646 
cluster  3  : 0.8780 

--------------------------------------------
Estimated Ln Prob of Data   = -399594.3
Mean value of ln likelihood = -397048.8
Variance of ln likelihood   = 5091.1
Mean value of alpha         = 0.1754

Mean value of Fst_1         = 0.0092
Mean value of Fst_2         = 0.0186
Mean value of Fst_3         = 0.0093


Inferred ancestry of individuals:
        Label (%Miss) Pop:  Inferred clusters
  1    BBA_1    (0)    1 :  0.056 0.859 0.086 
  2    BBA_2    (0)    1 :  0.080 0.768 0.151 
  3    BBA_3    (0)    1 :  0.031 0.944 0.025 
  4    BBA_4    (0)    1 :  0.069 0.869 0.063 
  5    BBA_5    (0)    1 :  0.043 0.925 0.032 
  6    BBA_6    (0)    1 :  0.111 0.817 0.072 
  7    BBA_7    (0)    1 :  0.030 0.939 0.031 
  8    BBA_8    (0)    1 :  0.071 0.902 0.027 
  9    BBA_9    (0)    1 :  0.028 0.937 0.034 
 10   BBA_10    (0)    1 :  0.082 0.867 0.051 
 11   BBA_11    (0)    1 :  0.057 0.799 0.143 
 12   BBA_12    (0)    1 :  0.034 0.933 0.033 
 13   BBA_13    (0)    1 :  0.138 0.609 0.254 
 14   BBA_14    (0)    1 :  0.062 0.893 0.045 
 15   BBA_15    (0)    1 :  0.223 0.640 0.137 
 16   BBA_16    (0)    1 :  0.027 0.929 0.043 
 17   BBA_17    (0)    1 :  0.030 0.915 0.055 
 18   BBA_18    (0)    1 :  0.031 0.931 0.038 
 19   BBA_19    (0)    1 :  0.037 0.936 0.026 
 20   BBA_20    (0)    1 :  0.030 0.940 0.030 
 21   BBA_21    (0)    1 :  0.077 0.873 0.050 
 22   BBA_22    (0)    1 :  0.037 0.899 0.064 
 23   BBA_23    (0)    1 :  0.044 0.917 0.039 
 24   BBA_24    (0)    1 :  0.073 0.827 0.100 
 25   BBA_25    (0)    1 :  0.021 0.951 0.028 
 26   BBA_26    (0)    1 :  0.292 0.597 0.111 
 27   BBA_27    (0)    1 :  0.091 0.841 0.069 
 28   BBA_28    (0)    1 :  0.059 0.891 0.050 
 29   BBA_29    (0)    1 :  0.061 0.901 0.038 
 30   BBA_30    (0)    1 :  0.072 0.864 0.064 
 31   BBA_31    (0)    1 :  0.117 0.795 0.087 
 32   BBA_32    (0)    1 :  0.078 0.863 0.059 
 33   BBA_33    (0)    1 :  0.120 0.818 0.062 
 34   BBA_34    (0)    1 :  0.072 0.822 0.106 
 35   BBA_35    (0)    1 :  0.071 0.874 0.055 
 36   BBA_36    (0)    1 :  0.100 0.859 0.041 
 37   BBA_37    (0)    1 :  0.102 0.703 0.195 
 38   BBA_38    (0)    1 :  0.284 0.579 0.137 
 39   BBA_39    (0)    1 :  0.048 0.867 0.085 
 40   BBA_40    (0)    1 :  0.036 0.936 0.029 
 41   BBA_41    (0)    1 :  0.086 0.853 0.061 
 42   BBA_42    (0)    1 :  0.229 0.583 0.189 
 43   BBA_43    (0)    1 :  0.054 0.870 0.076 
 44   BBA_44    (0)    1 :  0.048 0.913 0.039 
 45   BBA_45    (0)    1 :  0.039 0.936 0.025 
 46   BBA_46    (0)    1 :  0.050 0.918 0.031 
 47   BBA_47    (0)    1 :  0.040 0.875 0.085 
 48   BBA_48    (0)    1 :  0.084 0.838 0.078 
 49   BBA_49    (0)    1 :  0.161 0.765 0.074 
 50   BBA_50    (0)    1 :  0.061 0.895 0.044 
 51   BBA_51    (0)    1 :  0.046 0.903 0.051 
 52   BBA_52    (0)    1 :  0.092 0.843 0.065 
 53   BBA_53    (0)    1 :  0.070 0.864 0.066 
 54   BBA_54    (0)    1 :  0.058 0.838 0.103 
 55   BBA_55    (0)    1 :  0.260 0.480 0.260 
 56   BBA_56    (0)    1 :  0.064 0.885 0.051 
 57   BBA_57    (0)    1 :  0.054 0.904 0.042 
 58   BBA_58    (0)    1 :  0.060 0.849 0.090 
 59   BBA_59    (0)    1 :  0.098 0.835 0.067 
 60   BBA_60    (0)    1 :  0.053 0.906 0.041 
 61   BBA_61    (0)    1 :  0.027 0.914 0.059 
 62   BBA_62    (0)    1 :  0.049 0.923 0.029 
 63   BBA_63    (0)    1 :  0.052 0.866 0.083 
 64   BBA_64    (0)    1 :  0.047 0.916 0.037 
 65   BBA_65    (0)    1 :  0.074 0.853 0.073 
 66   BBA_66    (0)    1 :  0.138 0.350 0.512 
 67   BBA_67    (0)    1 :  0.042 0.864 0.093 
 68   BBA_68    (0)    1 :  0.041 0.865 0.094 
 69    BDN_1    (0)    2 :  0.848 0.042 0.110 
 70    BDN_2    (0)    2 :  0.612 0.204 0.183 
 71    BDN_3    (0)    2 :  0.115 0.551 0.334 
 72    BDN_4   (13)    2 :  0.147 0.076 0.777 
 73    BDN_5   (13)    2 :  0.404 0.160 0.435 
 74    BDN_6    (6)    2 :  0.571 0.213 0.217 
 75    BDN_7    (0)    2 :  0.742 0.133 0.125 
 76    BDN_8    (6)    2 :  0.889 0.041 0.070 
 77    BDN_9    (0)    2 :  0.206 0.494 0.300 
 78   BDN_10    (0)    2 :  0.209 0.395 0.397 
 79   BDN_11    (0)    2 :  0.373 0.067 0.560 
 80   BDN_12    (0)    2 :  0.802 0.039 0.159 
 81   BDN_13   (13)    2 :  0.154 0.100 0.746 
 82   BDN_14    (0)    2 :  0.380 0.098 0.522 
 83   BDN_15    (6)    2 :  0.821 0.113 0.066 
 84   BDN_16    (6)    2 :  0.112 0.647 0.241 
 85   BDN_17   (13)    2 :  0.105 0.435 0.460 
 86   BDN_18    (0)    2 :  0.630 0.053 0.318 
 87   BDN_19    (0)    2 :  0.341 0.504 0.155 
 88   BDN_20   (13)    2 :  0.192 0.577 0.232 
 89   BDN_21   (13)    2 :  0.126 0.563 0.311 
 90   BDN_22    (6)    2 :  0.130 0.830 0.040 
 91   BDN_23    (0)    2 :  0.613 0.146 0.241 
 92   BDN_24    (0)    2 :  0.874 0.073 0.053 
 93   BDN_25   (13)    2 :  0.782 0.155 0.063 
 94   BDN_26    (0)    2 :  0.364 0.597 0.039 
 95   BDN_27    (0)    2 :  0.696 0.051 0.253 
 96   BDN_28   (13)    2 :  0.477 0.058 0.465 
 97   BDN_29    (0)    2 :  0.666 0.217 0.117 
 98   BDN_30    (0)    2 :  0.262 0.546 0.192 
 99   BDN_31    (0)    2 :  0.287 0.286 0.427 
100   BDN_32    (0)    2 :  0.494 0.370 0.136 
101   BDN_33    (0)    2 :  0.842 0.088 0.070 
102   BDN_34    (0)    2 :  0.214 0.036 0.750 
103   BDN_35    (0)    2 :  0.795 0.080 0.125 
104   BDN_36    (0)    2 :  0.751 0.131 0.118 
105   BDN_37    (0)    2 :  0.378 0.153 0.470 
106   BDN_38    (0)    2 :  0.442 0.389 0.169 
107   BDN_39    (0)    2 :  0.402 0.048 0.550 
108   BDN_40    (0)    2 :  0.778 0.036 0.185 
109   BDN_41    (0)    2 :  0.247 0.123 0.630 
110   BDN_42   (13)    2 :  0.338 0.059 0.603 
111   BDN_43    (6)    2 :  0.317 0.048 0.635 
112   BDN_44    (0)    2 :  0.796 0.124 0.079 
113   BDN_45    (0)    2 :  0.873 0.068 0.059 
114   BDN_46   (13)    2 :  0.297 0.334 0.369 
115   BDN_47    (0)    2 :  0.456 0.136 0.408 
116   BDN_48    (0)    2 :  0.515 0.065 0.420 
117   BDN_49    (0)    2 :  0.775 0.052 0.172 
118   BDN_50    (0)    2 :  0.702 0.052 0.246 
119   BDN_51    (0)    2 :  0.738 0.120 0.141 
120   BDN_52    (0)    2 :  0.719 0.064 0.217 
121   BDN_53    (0)    2 :  0.385 0.136 0.479 
122   BDN_54   (13)    2 :  0.052 0.871 0.078 
123   BDN_55    (6)    2 :  0.617 0.273 0.110 
124   BDN_56   (13)    2 :  0.833 0.031 0.136 
125   BDN_57    (6)    2 :  0.766 0.146 0.088 
126   BDN_58    (6)    2 :  0.651 0.224 0.125 
127   BDN_59    (6)    2 :  0.580 0.374 0.046 
128   BDN_60    (6)    2 :  0.264 0.216 0.521 
129   BDN_61    (0)    2 :  0.400 0.143 0.457 
130   BDN_62    (0)    2 :  0.782 0.055 0.163 
131   BDN_63    (6)    2 :  0.236 0.604 0.161 
132   BDN_64    (0)    2 :  0.223 0.103 0.673 
133   BDN_65    (0)    2 :  0.227 0.637 0.135 
134   BDN_66   (13)    2 :  0.353 0.098 0.549 
135   BDN_67    (0)    2 :  0.254 0.453 0.293 
136   BDN_68    (6)    2 :  0.502 0.368 0.130 
137   BDN_69    (0)    2 :  0.792 0.056 0.153 
138   BDN_70    (6)    2 :  0.259 0.470 0.271 
139   BDN_71    (6)    2 :  0.595 0.181 0.224 
140   BDN_72    (0)    2 :  0.322 0.137 0.541 
141   BDN_73    (0)    2 :  0.253 0.091 0.656 
142   BDN_74    (0)    2 :  0.812 0.127 0.061 
143   BDN_75    (0)    2 :  0.604 0.090 0.306 
144   BDN_76    (0)    2 :  0.162 0.423 0.415 
145   BDNB_1    (0)    3 :  0.578 0.090 0.332 
146   BDNB_2    (0)    3 :  0.554 0.178 0.267 
147   BDNB_3    (0)    3 :  0.661 0.258 0.081 
148   BDNB_4    (0)    3 :  0.702 0.044 0.254 
149   BDNB_5    (0)    3 :  0.084 0.180 0.736 
150   BDNB_6    (0)    3 :  0.230 0.658 0.112 
151   BDNB_7    (0)    3 :  0.211 0.247 0.543 
152   BDNB_8    (0)    3 :  0.724 0.193 0.083 
153   BDNB_9    (0)    3 :  0.255 0.512 0.233 
154  BDNB_10    (0)    3 :  0.331 0.346 0.323 
155  BDNB_11    (0)    3 :  0.170 0.072 0.758 
156  BDNB_12    (0)    3 :  0.335 0.045 0.620 
157  BDNB_13    (0)    3 :  0.128 0.094 0.777 
158  BDNB_14    (0)    3 :  0.190 0.766 0.044 
159  BDNB_15    (0)    3 :  0.852 0.040 0.108 
160  BDNB_16    (0)    3 :  0.194 0.618 0.188 
161  BDNB_17    (6)    3 :  0.402 0.281 0.316 
162  BDNB_18    (0)    3 :  0.229 0.305 0.466 
163  BDNB_19    (0)    3 :  0.110 0.107 0.782 
164  BDNB_20    (0)    3 :  0.127 0.507 0.366 
165  BDNB_21    (0)    3 :  0.884 0.040 0.076 
166  BDNB_22    (0)    3 :  0.074 0.061 0.865 
167  BDNB_23    (0)    3 :  0.891 0.035 0.073 
168  BDNB_24    (0)    3 :  0.109 0.130 0.761 
169  BDNB_25    (0)    3 :  0.767 0.139 0.094 
170  BDNB_26    (0)    3 :  0.695 0.060 0.245 
171  BDNB_27    (0)    3 :  0.615 0.170 0.215 
172  BDNB_28    (0)    3 :  0.094 0.259 0.646 
173  BDNB_29    (0)    3 :  0.464 0.466 0.070 
174  BDNB_30    (0)    3 :  0.057 0.778 0.165 
175  BDNB_31    (0)    3 :  0.440 0.235 0.325 
176  BDNB_32    (0)    3 :  0.638 0.150 0.212 
177  BDNB_33    (0)    3 :  0.230 0.690 0.080 
178  BDNB_34    (0)    3 :  0.584 0.166 0.250 
179  BDNB_35    (0)    3 :  0.425 0.070 0.505 
180  BDNB_36    (0)    3 :  0.134 0.644 0.222 
181  BDNB_37    (0)    3 :  0.774 0.179 0.047 
182  BDNB_38    (0)    3 :  0.429 0.344 0.227 
183  BDNB_39    (0)    3 :  0.625 0.246 0.129 
184  BDNB_40    (0)    3 :  0.382 0.313 0.305 
185  BDNB_41    (0)    3 :  0.154 0.145 0.701 
186  BDNB_42    (0)    3 :  0.303 0.065 0.632 
187  BDNB_43    (0)    3 :  0.240 0.145 0.615 
188  BDNB_44    (0)    3 :  0.170 0.191 0.638 
189  BDNB_45    (0)    3 :  0.096 0.714 0.190 
190  BDNB_46    (0)    3 :  0.127 0.350 0.523 
191  BDNB_47    (0)    3 :  0.185 0.288 0.527 
192  BDNB_48    (0)    3 :  0.647 0.147 0.205 
193  BDNB_49    (0)    3 :  0.292 0.331 0.377 
194  BDNB_50    (0)    3 :  0.573 0.126 0.301 
195  BDNB_51    (0)    3 :  0.595 0.177 0.228 
196  BDNB_52    (0)    3 :  0.856 0.051 0.093 
197  BDNB_53    (0)    3 :  0.300 0.348 0.352 
198  BDNB_54    (0)    3 :  0.559 0.101 0.340 
199  BDNB_55    (0)    3 :  0.714 0.167 0.118 
200  BDNB_56    (6)    3 :  0.505 0.235 0.259 
201  BDNB_57    (0)    3 :  0.098 0.825 0.078 
202  BDNB_58    (0)    3 :  0.482 0.061 0.456 
203  BDNB_59    (0)    3 :  0.166 0.331 0.503 
204  BDNB_60    (0)    3 :  0.105 0.116 0.779 
205  BDNB_61    (0)    3 :  0.085 0.075 0.840 
206  BDNB_62    (0)    3 :  0.781 0.052 0.167 
207  BDNB_63    (0)    3 :  0.084 0.124 0.792 
208  BDNB_64    (6)    3 :  0.111 0.070 0.820 
209  BDNB_65    (0)    3 :  0.115 0.117 0.768 
210  BDNB_66    (0)    3 :  0.132 0.151 0.717 
211  BDNB_67    (0)    3 :  0.150 0.177 0.673 
212  BDNB_68    (0)    3 :  0.232 0.190 0.579 
213  BDNB_69    (0)    3 :  0.244 0.068 0.689 
214  BDNB_70    (0)    3 :  0.100 0.074 0.826 
215  BDNB_71    (0)    3 :  0.157 0.176 0.667 
216  BDNB_72    (0)    3 :  0.199 0.055 0.746 
217  BDNB_73    (0)    3 :  0.421 0.038 0.541 
218  BDNB_74    (0)    3 :  0.130 0.172 0.699 
219  BDNB_75    (0)    3 :  0.777 0.066 0.158 
220    BSB_1    (0)    4 :  0.488 0.452 0.060 
221    BSB_2    (0)    4 :  0.092 0.577 0.331 
222    BSB_3    (0)    4 :  0.048 0.055 0.897 
223    BSB_4    (0)    4 :  0.087 0.809 0.105 
224    BSB_5    (0)    4 :  0.065 0.779 0.156 
225    BSB_6    (0)    4 :  0.051 0.899 0.051 
226    BSB_7   (33)    4 :  0.139 0.726 0.135 
227    BSB_8    (0)    4 :  0.344 0.521 0.135 
228    BSB_9    (0)    4 :  0.057 0.156 0.787 
229   BSB_10    (0)    4 :  0.146 0.363 0.491 
230   BSB_11    (0)    4 :  0.073 0.819 0.108 
231   BSB_12    (0)    4 :  0.295 0.500 0.205 
232   BSB_13    (0)    4 :  0.119 0.739 0.142 
233   BSB_14    (0)    4 :  0.093 0.535 0.372 
234   BSB_15    (0)    4 :  0.529 0.441 0.030 
235   BSB_16    (6)    4 :  0.187 0.528 0.285 
236   BSB_17    (0)    4 :  0.094 0.795 0.111 
237   BSB_18    (0)    4 :  0.085 0.668 0.248 
238   BSB_19    (0)    4 :  0.081 0.868 0.051 
239   BSB_20    (0)    4 :  0.184 0.769 0.047 
240   BSB_21    (0)    4 :  0.128 0.638 0.234 
241   BSB_22    (0)    4 :  0.061 0.151 0.788 
242   BSB_23    (0)    4 :  0.061 0.792 0.147 
243   BSB_24    (0)    4 :  0.029 0.934 0.037 
244   BSB_25    (0)    4 :  0.031 0.878 0.091 
245   BSB_26    (0)    4 :  0.065 0.822 0.113 
246   BSB_27    (0)    4 :  0.428 0.499 0.073 
247   BSB_28    (0)    4 :  0.034 0.094 0.873 
248   BSB_29    (0)    4 :  0.024 0.943 0.033 
249   BSB_30    (0)    4 :  0.069 0.530 0.401 
250   BSB_31    (0)    4 :  0.664 0.099 0.237 
251   BSB_32    (0)    4 :  0.057 0.884 0.059 
252   BSB_33    (0)    4 :  0.148 0.594 0.258 
253   BSB_34    (0)    4 :  0.091 0.843 0.066 
254   BSB_35    (0)    4 :  0.053 0.886 0.061 
255   BSB_36    (0)    4 :  0.160 0.785 0.055 
256   BSB_37    (0)    4 :  0.067 0.877 0.056 
257   BSB_38   (60)    4 :  0.102 0.020 0.879 
258   BSB_39    (0)    4 :  0.530 0.287 0.184 
259   BSB_40    (0)    4 :  0.338 0.585 0.077 
260   BSB_41    (0)    4 :  0.127 0.608 0.265 
261   BSB_42    (0)    4 :  0.130 0.817 0.053 
262   BSB_43    (0)    4 :  0.330 0.570 0.100 
263   BSB_44    (0)    4 :  0.056 0.755 0.188 
264   BSB_45    (0)    4 :  0.415 0.350 0.235 
265   BSB_46    (0)    4 :  0.079 0.760 0.161 
266   BSB_47    (0)    4 :  0.074 0.883 0.043 
267   BSB_48    (0)    4 :  0.739 0.186 0.075 
268   BSB_49    (0)    4 :  0.409 0.523 0.068 
269   BSB_50   (60)    4 :  0.056 0.018 0.927 
270   BSB_51    (0)    4 :  0.670 0.211 0.119 
271   BSB_52    (0)    4 :  0.065 0.384 0.550 
272   BSB_53    (0)    4 :  0.079 0.752 0.169 
273   BSB_54    (0)    4 :  0.448 0.358 0.194 
274   BSB_55    (0)    4 :  0.159 0.349 0.491 
275   BSB_56    (0)    4 :  0.131 0.247 0.623 
276   BSB_57    (0)    4 :  0.037 0.848 0.114 
277   BSB_58    (0)    4 :  0.442 0.107 0.451 
278   BSB_59    (0)    4 :  0.042 0.916 0.042 
279   BSB_60   (60)    4 :  0.022 0.019 0.959 
280   BSB_61    (0)    4 :  0.049 0.904 0.047 
281   BSB_62    (0)    4 :  0.077 0.807 0.116 
282   BSB_63    (0)    4 :  0.033 0.596 0.372 
283   BSB_64    (0)    4 :  0.047 0.876 0.077 
284   BSB_65    (0)    4 :  0.052 0.807 0.141 
285   BSB_66    (0)    4 :  0.194 0.769 0.037 
286   BSB_67    (0)    4 :  0.166 0.515 0.319 
287   BSB_68    (0)    4 :  0.319 0.101 0.580 
288   BSB_69    (0)    4 :  0.331 0.046 0.623 
289   BSB_70    (0)    4 :  0.079 0.067 0.854 
290   BSB_71    (0)    4 :  0.060 0.802 0.138 
291   BSB_72    (0)    4 :  0.383 0.398 0.219 
292   BSB_73    (0)    4 :  0.365 0.389 0.245 
293   BSB_74    (0)    4 :  0.088 0.675 0.237 
294   BSB_75    (0)    4 :  0.324 0.563 0.113 
295   BSB_76    (0)    4 :  0.059 0.781 0.160 
296   BSB_77   (53)    4 :  0.016 0.013 0.970 
297   BSB_78    (0)    4 :  0.128 0.513 0.360 
298    CCR_1    (0)    5 :  0.834 0.115 0.050 
299    CCR_2    (0)    5 :  0.838 0.054 0.107 
300    CCR_3    (0)    5 :  0.692 0.128 0.180 
301    CCR_4    (0)    5 :  0.738 0.108 0.154 
302    CCR_5    (0)    5 :  0.721 0.116 0.163 
303    CCR_6    (0)    5 :  0.924 0.043 0.033 
304    CCR_7    (0)    5 :  0.755 0.075 0.170 
305    CCR_8    (0)    5 :  0.244 0.148 0.607 
306    CCR_9    (0)    5 :  0.899 0.055 0.046 
307   CCR_10    (0)    5 :  0.665 0.140 0.195 
308   CCR_11    (0)    5 :  0.890 0.052 0.058 
309   CCR_12    (0)    5 :  0.889 0.043 0.067 
310   CCR_13    (0)    5 :  0.900 0.032 0.068 
311   CCR_14    (0)    5 :  0.753 0.103 0.144 
312   CCR_15    (0)    5 :  0.868 0.028 0.104 
313   CCR_16    (0)    5 :  0.115 0.299 0.585 
314   CCR_17    (0)    5 :  0.863 0.038 0.098 
315   CCR_18    (0)    5 :  0.372 0.024 0.604 
316   CCR_19    (0)    5 :  0.911 0.044 0.045 
317   CCR_20    (0)    5 :  0.640 0.300 0.060 
318   CCR_21    (0)    5 :  0.437 0.474 0.089 
319   CCR_22    (0)    5 :  0.644 0.159 0.197 
320   CCR_23    (0)    5 :  0.842 0.059 0.098 
321   CCR_24    (0)    5 :  0.919 0.033 0.048 
322   CCR_25    (0)    5 :  0.657 0.113 0.231 
323   CCR_26    (0)    5 :  0.455 0.474 0.071 
324   CCR_27    (0)    5 :  0.924 0.030 0.046 
325   CCR_28    (0)    5 :  0.500 0.421 0.078 
326   CCR_29    (0)    5 :  0.918 0.051 0.031 
327   CCR_30    (0)    5 :  0.907 0.044 0.049 
328   CCR_31    (0)    5 :  0.279 0.202 0.519 
329   CCR_32    (0)    5 :  0.266 0.692 0.042 
330   CCR_33    (0)    5 :  0.836 0.059 0.104 
331   CCR_34    (0)    5 :  0.873 0.065 0.062 
332   CCR_35    (0)    5 :  0.733 0.108 0.159 
333   CCR_36    (0)    5 :  0.407 0.109 0.483 
334   CCR_37    (0)    5 :  0.395 0.549 0.056 
335   CCR_38    (0)    5 :  0.838 0.069 0.092 
336   CCR_39    (0)    5 :  0.909 0.036 0.055 
337   CCR_40    (0)    5 :  0.277 0.317 0.406 
338   CCR_41    (0)    5 :  0.816 0.070 0.114 
339   CCR_42    (0)    5 :  0.688 0.235 0.077 
340   CCR_43    (0)    5 :  0.792 0.058 0.150 
341   CCR_44    (0)    5 :  0.154 0.728 0.118 
342   CCR_45    (0)    5 :  0.752 0.188 0.060 
343   CCR_46    (0)    5 :  0.544 0.399 0.057 
344   CCR_47    (0)    5 :  0.866 0.079 0.055 
345   CCR_48    (0)    5 :  0.847 0.056 0.096 
346   CCR_49    (0)    5 :  0.421 0.445 0.134 
347   CCR_50    (0)    5 :  0.582 0.099 0.319 
348   CCR_51    (0)    5 :  0.837 0.142 0.021 
349   CCR_52    (0)    5 :  0.762 0.151 0.086 
350   CCR_53    (0)    5 :  0.688 0.091 0.221 
351   CCR_54    (0)    5 :  0.563 0.116 0.321 
352   CCR_55    (0)    5 :  0.513 0.418 0.069 
353   CCR_56    (0)    5 :  0.801 0.101 0.098 
354   CCR_57    (0)    5 :  0.826 0.094 0.080 
355   CCR_58    (0)    5 :  0.810 0.064 0.126 
356   CCR_59    (0)    5 :  0.534 0.350 0.116 
357   CCR_60    (0)    5 :  0.200 0.361 0.439 
358   CCR_61    (0)    5 :  0.924 0.037 0.039 
359   CCR_62    (0)    5 :  0.792 0.077 0.131 
360   CCR_63    (0)    5 :  0.821 0.106 0.073 
361   CCR_64    (0)    5 :  0.802 0.138 0.061 
362   CCR_65    (0)    5 :  0.895 0.050 0.055 
363   CCR_66    (0)    5 :  0.931 0.038 0.032 
364   CCR_67    (0)    5 :  0.904 0.035 0.062 
365   CCR_68    (0)    5 :  0.917 0.047 0.036 
366   CCR_69    (0)    5 :  0.893 0.061 0.045 
367   CCR_70    (0)    5 :  0.894 0.041 0.065 
368   CCR_71    (0)    5 :  0.860 0.082 0.059 
369   CCR_72    (0)    5 :  0.884 0.057 0.058 
370   CCR_73    (0)    5 :  0.881 0.080 0.039 
371   CCR_74    (0)    5 :  0.563 0.281 0.156 
372   CCR_75    (0)    5 :  0.795 0.064 0.142 
373   CCR_76    (0)    5 :  0.163 0.030 0.807 
374   CCR_77    (0)    5 :  0.848 0.076 0.076 
375   CCR_78    (0)    5 :  0.479 0.316 0.205 
376   CCR_79    (0)    5 :  0.712 0.170 0.118 
377   CCR_80    (0)    5 :  0.913 0.048 0.040 
378    CMB_1    (0)    6 :  0.878 0.054 0.067 
379    CMB_2    (0)    6 :  0.949 0.028 0.022 
380    CMB_3    (0)    6 :  0.895 0.047 0.058 
381    CMB_4    (0)    6 :  0.634 0.037 0.329 
382    CMB_5    (0)    6 :  0.796 0.028 0.176 
383    CMB_6    (0)    6 :  0.895 0.059 0.045 
384    CMB_7    (0)    6 :  0.904 0.059 0.037 
385    CMB_8    (0)    6 :  0.537 0.126 0.337 
386    CMB_9    (0)    6 :  0.785 0.156 0.059 
387   CMB_10    (0)    6 :  0.233 0.038 0.729 
388   CMB_11    (0)    6 :  0.755 0.133 0.112 
389   CMB_12    (0)    6 :  0.818 0.045 0.138 
390   CMB_13    (0)    6 :  0.843 0.066 0.091 
391   CMB_14    (0)    6 :  0.850 0.088 0.063 
392   CMB_15    (0)    6 :  0.786 0.147 0.067 
393   CMB_16    (0)    6 :  0.387 0.074 0.539 
394   CMB_17    (0)    6 :  0.552 0.281 0.167 
395   CMB_18    (0)    6 :  0.605 0.314 0.081 
396   CMB_19    (0)    6 :  0.740 0.046 0.214 
397   CMB_20    (0)    6 :  0.823 0.040 0.137 
398   CMB_21    (0)    6 :  0.895 0.036 0.068 
399   CMB_22    (0)    6 :  0.719 0.127 0.155 
400   CMB_23    (0)    6 :  0.832 0.067 0.101 
401   CMB_24    (0)    6 :  0.339 0.084 0.577 
402   CMB_25    (0)    6 :  0.745 0.213 0.041 
403   CMB_26    (0)    6 :  0.697 0.206 0.097 
404   CMB_27    (0)    6 :  0.723 0.038 0.239 
405   CMB_28    (0)    6 :  0.921 0.037 0.041 
406   CMB_29    (0)    6 :  0.729 0.117 0.154 
407   CMB_30    (0)    6 :  0.801 0.151 0.048 
408   CMB_31    (0)    6 :  0.798 0.087 0.116 
409   CMB_32    (0)    6 :  0.672 0.061 0.268 
410   CMB_33    (0)    6 :  0.824 0.126 0.049 
411   CMB_34    (0)    6 :  0.707 0.036 0.257 
412   CMB_35    (0)    6 :  0.671 0.232 0.098 
413   CMB_36    (0)    6 :  0.804 0.056 0.140 
414   CMB_37    (0)    6 :  0.925 0.045 0.030 
415   CMB_38    (0)    6 :  0.872 0.090 0.039 
416   CMB_39    (0)    6 :  0.831 0.092 0.077 
417   CMB_40    (0)    6 :  0.578 0.087 0.335 
418   CMB_41    (0)    6 :  0.391 0.408 0.201 
419   CMB_42    (0)    6 :  0.678 0.202 0.120 
420   CMB_43    (0)    6 :  0.447 0.134 0.419 
421   CMB_44    (0)    6 :  0.131 0.268 0.602 
422   CMB_45    (0)    6 :  0.903 0.049 0.047 
423   CMB_46    (0)    6 :  0.353 0.094 0.553 
424   CMB_47    (0)    6 :  0.383 0.037 0.581 
425   CMB_48    (0)    6 :  0.824 0.062 0.114 
426   CMB_49    (0)    6 :  0.946 0.029 0.025 
427   CMB_50    (0)    6 :  0.886 0.033 0.081 
428   CMB_51    (0)    6 :  0.893 0.063 0.043 
429   CMB_52    (0)    6 :  0.891 0.055 0.055 
430   CMB_53    (0)    6 :  0.680 0.241 0.078 
431   CMB_54    (0)    6 :  0.563 0.105 0.332 
432   CMB_55    (0)    6 :  0.802 0.117 0.080 
433   CMB_56    (0)    6 :  0.364 0.302 0.334 
434   CMB_57    (0)    6 :  0.881 0.039 0.080 
435   CMB_58    (0)    6 :  0.673 0.072 0.255 
436   CMB_59    (0)    6 :  0.602 0.224 0.175 
437   CMB_60    (0)    6 :  0.926 0.031 0.044 
438   CMB_61    (0)    6 :  0.877 0.089 0.035 
439   CMB_62    (0)    6 :  0.777 0.067 0.156 
440   CMB_63    (0)    6 :  0.849 0.083 0.068 
441   CMB_64    (0)    6 :  0.889 0.041 0.070 
442   CMB_65    (0)    6 :  0.888 0.061 0.051 
443   CMB_66    (0)    6 :  0.917 0.048 0.035 
444   CMB_67    (0)    6 :  0.768 0.059 0.174 
445   CMB_68    (0)    6 :  0.850 0.078 0.072 
446   CMB_69    (0)    6 :  0.734 0.156 0.110 
447   CMB_70    (0)    6 :  0.162 0.214 0.624 
448   CMB_71    (0)    6 :  0.870 0.051 0.080 
449   CMB_72    (0)    6 :  0.793 0.116 0.091 
450   CMB_73    (0)    6 :  0.139 0.803 0.058 
451   CMB_74    (0)    6 :  0.621 0.150 0.229 
452   CMB_75    (0)    6 :  0.241 0.132 0.627 
453   CMB_76    (6)    6 :  0.159 0.560 0.282 
454   CMB_77    (0)    6 :  0.797 0.069 0.133 
455    CNR_1    (0)    7 :  0.485 0.473 0.043 
456    CNR_2    (0)    7 :  0.353 0.486 0.161 
457    CNR_3    (0)    7 :  0.796 0.165 0.039 
458    CNR_4    (0)    7 :  0.845 0.074 0.081 
459    CNR_5    (0)    7 :  0.748 0.106 0.146 
460    CNR_6    (0)    7 :  0.736 0.154 0.109 
461    CNR_7    (0)    7 :  0.798 0.100 0.102 
462    CNR_8    (0)    7 :  0.875 0.062 0.063 
463    CNR_9    (0)    7 :  0.824 0.063 0.112 
464   CNR_10    (0)    7 :  0.899 0.039 0.062 
465   CNR_11    (0)    7 :  0.878 0.058 0.064 
466   CNR_12    (0)    7 :  0.936 0.037 0.027 
467   CNR_13    (0)    7 :  0.890 0.051 0.059 
468   CNR_14    (0)    7 :  0.549 0.130 0.320 
469   CNR_15    (0)    7 :  0.846 0.086 0.068 
470   CNR_16    (0)    7 :  0.886 0.058 0.055 
471   CNR_17    (0)    7 :  0.922 0.036 0.042 
472   CNR_18    (0)    7 :  0.905 0.039 0.055 
473   CNR_19    (0)    7 :  0.905 0.046 0.048 
474   CNR_20    (0)    7 :  0.863 0.058 0.078 
475   CNR_21    (0)    7 :  0.623 0.300 0.077 
476   CNR_22    (0)    7 :  0.793 0.070 0.137 
477   CNR_23    (0)    7 :  0.809 0.065 0.126 
478   CNR_24    (0)    7 :  0.842 0.097 0.061 
479   CNR_25    (0)    7 :  0.788 0.130 0.082 
480   CNR_26    (0)    7 :  0.801 0.157 0.042 
481   CNR_27    (0)    7 :  0.778 0.041 0.181 
482   CNR_28    (0)    7 :  0.301 0.512 0.187 
483   CNR_29    (0)    7 :  0.761 0.185 0.054 
484   CNR_30    (0)    7 :  0.737 0.092 0.171 
485   CNR_31    (0)    7 :  0.844 0.030 0.127 
486   CNR_32    (0)    7 :  0.954 0.025 0.021 
487   CNR_33    (0)    7 :  0.909 0.061 0.030 
488   CNR_34    (0)    7 :  0.743 0.089 0.169 
489   CNR_35    (6)    7 :  0.880 0.051 0.069 
490   CNR_36    (0)    7 :  0.170 0.105 0.724 
491   CNR_37    (0)    7 :  0.767 0.140 0.094 
492   CNR_38    (0)    7 :  0.846 0.075 0.079 
493   CNR_39    (0)    7 :  0.882 0.040 0.078 
494   CNR_40    (0)    7 :  0.811 0.117 0.072 
495   CNR_41    (6)    7 :  0.884 0.044 0.072 
496   CNR_42    (0)    7 :  0.946 0.029 0.026 
497   CNR_43    (0)    7 :  0.653 0.061 0.286 
498   CNR_44    (0)    7 :  0.298 0.498 0.204 
499   CNR_45    (0)    7 :  0.877 0.060 0.064 
500   CNR_46    (0)    7 :  0.827 0.053 0.120 
501   CNR_47    (0)    7 :  0.877 0.075 0.047 
502   CNR_48    (0)    7 :  0.930 0.040 0.030 
503   CNR_49    (0)    7 :  0.821 0.044 0.135 
504   CNR_50    (0)    7 :  0.176 0.778 0.046 
505   CNR_51    (0)    7 :  0.402 0.214 0.385 
506   CNR_52    (0)    7 :  0.827 0.099 0.074 
507   CNR_53    (0)    7 :  0.850 0.032 0.118 
508   CNR_54    (0)    7 :  0.720 0.032 0.249 
509   CNR_55    (0)    7 :  0.881 0.067 0.053 
510   CNR_56    (0)    7 :  0.735 0.049 0.216 
511   CNR_57    (0)    7 :  0.722 0.127 0.151 
512   CNR_58    (0)    7 :  0.779 0.148 0.073 
513   CNR_59    (0)    7 :  0.456 0.431 0.114 
514   CNR_60    (0)    7 :  0.887 0.063 0.050 
515   CNR_61    (0)    7 :  0.777 0.062 0.161 
516   CNR_62    (0)    7 :  0.899 0.048 0.052 
517   CNR_63    (0)    7 :  0.761 0.167 0.072 
518   CNR_64    (0)    7 :  0.834 0.080 0.087 
519   CNR_65    (0)    7 :  0.897 0.045 0.058 
520   CNR_66    (0)    7 :  0.894 0.070 0.036 
521   CNR_67    (0)    7 :  0.755 0.133 0.112 
522   CNR_68    (0)    7 :  0.905 0.033 0.062 
523   CNR_69    (0)    7 :  0.517 0.124 0.359 
524   CNR_70    (0)    7 :  0.592 0.083 0.325 
525   CNR_71    (0)    7 :  0.458 0.039 0.503 
526   CNR_72    (0)    7 :  0.704 0.076 0.220 
527   CNR_73    (0)    7 :  0.879 0.058 0.063 
528   CNR_74    (0)    7 :  0.410 0.334 0.256 
529   CNR_75    (0)    7 :  0.916 0.056 0.028 
530   CNR_76    (0)    7 :  0.897 0.042 0.061 
531   CNR_77    (0)    7 :  0.809 0.157 0.034 
532   CNR_78    (0)    7 :  0.936 0.036 0.028 
533   CNR_79    (0)    7 :  0.932 0.032 0.036 
534   CNR_80    (0)    7 :  0.911 0.031 0.058 
535   CNR_81    (0)    7 :  0.906 0.052 0.042 
536   CNR_82    (0)    7 :  0.743 0.057 0.200 
537   CNR_83    (0)    7 :  0.760 0.160 0.080 
538   CNR_84    (0)    7 :  0.815 0.121 0.064 
539   CNR_85    (0)    7 :  0.775 0.155 0.069 
540   CNR_86    (0)    7 :  0.658 0.054 0.288 
541   CNR_87    (0)    7 :  0.774 0.114 0.112 
542   CNR_88    (0)    7 :  0.901 0.042 0.057 
543   CNR_89    (0)    7 :  0.861 0.051 0.088 
544   CNR_90    (0)    7 :  0.732 0.084 0.184 
545   CNR_91    (0)    7 :  0.855 0.037 0.108 
546   CNR_92    (0)    7 :  0.863 0.087 0.051 
547   CNR_93    (0)    7 :  0.829 0.047 0.124 
548   CNR_94    (0)    7 :  0.898 0.041 0.062 
549   CNR_95    (0)    7 :  0.760 0.109 0.132 
550   CNR_96    (0)    7 :  0.810 0.077 0.112 
551   CNR_97    (0)    7 :  0.520 0.044 0.437 
552   CNR_98    (0)    7 :  0.794 0.136 0.070 
553   CNR_99    (0)    7 :  0.912 0.045 0.044 
554    DHB_1    (0)    8 :  0.651 0.221 0.128 
555    DHB_2    (0)    8 :  0.329 0.055 0.616 
556    DHB_3    (0)    8 :  0.841 0.068 0.090 
557    DHB_4    (0)    8 :  0.418 0.413 0.168 
558    DHB_5    (0)    8 :  0.655 0.224 0.121 
559    DHB_6    (0)    8 :  0.720 0.065 0.214 
560    DHB_7    (0)    8 :  0.830 0.058 0.113 
561    DHB_8    (0)    8 :  0.915 0.054 0.031 
562    DHB_9    (0)    8 :  0.259 0.442 0.299 
563   DHB_10    (0)    8 :  0.691 0.117 0.193 
564   DHB_11    (0)    8 :  0.700 0.050 0.250 
565   DHB_12    (0)    8 :  0.806 0.135 0.059 
566   DHB_13    (0)    8 :  0.153 0.264 0.583 
567   DHB_14    (0)    8 :  0.772 0.140 0.088 
568   DHB_15    (0)    8 :  0.176 0.402 0.422 
569   DHB_16    (0)    8 :  0.288 0.513 0.200 
570   DHB_17    (0)    8 :  0.212 0.637 0.151 
571   DHB_18    (0)    8 :  0.739 0.171 0.089 
572   DHB_19    (0)    8 :  0.632 0.197 0.172 
573   DHB_20    (0)    8 :  0.726 0.130 0.143 
574   DHB_21    (0)    8 :  0.910 0.034 0.056 
575   DHB_22    (0)    8 :  0.565 0.401 0.034 
576   DHB_23    (0)    8 :  0.253 0.270 0.478 
577   DHB_24    (0)    8 :  0.242 0.683 0.076 
578   DHB_25    (0)    8 :  0.637 0.165 0.199 
579   DHB_26    (0)    8 :  0.437 0.347 0.216 
580   DHB_27    (0)    8 :  0.485 0.145 0.370 
581   DHB_28    (0)    8 :  0.774 0.109 0.117 
582   DHB_29    (0)    8 :  0.356 0.193 0.450 
583   DHB_30    (0)    8 :  0.767 0.150 0.083 
584   DHB_31    (0)    8 :  0.734 0.227 0.039 
585   DHB_32    (0)    8 :  0.451 0.125 0.424 
586   DHB_33    (0)    8 :  0.218 0.737 0.045 
587   DHB_34    (0)    8 :  0.633 0.306 0.061 
588   DHB_35    (0)    8 :  0.279 0.185 0.536 
589   DHB_36    (0)    8 :  0.752 0.209 0.039 
590   DHB_37    (0)    8 :  0.827 0.052 0.121 
591   DHB_38    (0)    8 :  0.448 0.086 0.467 
592   DHB_39    (0)    8 :  0.760 0.203 0.037 
593   DHB_40    (0)    8 :  0.841 0.073 0.086 
594   DHB_41    (0)    8 :  0.206 0.051 0.742 
595   DHB_42    (0)    8 :  0.890 0.072 0.038 
596   DHB_43    (0)    8 :  0.599 0.305 0.096 
597   DHB_44    (0)    8 :  0.377 0.502 0.121 
598   DHB_45    (0)    8 :  0.908 0.049 0.043 
599   DHB_46    (0)    8 :  0.542 0.090 0.367 
600   DHB_47    (0)    8 :  0.751 0.140 0.109 
601   DHB_48    (0)    8 :  0.805 0.069 0.126 
602   DHB_49    (0)    8 :  0.425 0.422 0.153 
603   DHB_50    (0)    8 :  0.690 0.176 0.134 
604   DHB_51    (0)    8 :  0.843 0.077 0.080 
605   DHB_52    (0)    8 :  0.624 0.209 0.167 
606   DHB_53    (0)    8 :  0.188 0.496 0.316 
607   DHB_54    (0)    8 :  0.803 0.139 0.059 
608   DHB_55    (0)    8 :  0.936 0.030 0.034 
609   DHB_56    (0)    8 :  0.517 0.061 0.422 
610   DHB_57    (0)    8 :  0.438 0.440 0.122 
611   DHB_58    (0)    8 :  0.809 0.144 0.047 
612   DHB_59    (0)    8 :  0.282 0.362 0.356 
613   DHB_60    (0)    8 :  0.806 0.144 0.050 
614   DHB_61    (0)    8 :  0.131 0.737 0.132 
615   DHB_62    (0)    8 :  0.193 0.703 0.105 
616   DHB_63    (0)    8 :  0.522 0.303 0.175 
617   DHB_64    (0)    8 :  0.108 0.840 0.053 
618   DHB_65    (0)    8 :  0.555 0.099 0.346 
619   DHB_66    (0)    8 :  0.489 0.212 0.299 
620   DHB_67    (0)    8 :  0.108 0.086 0.807 
621   DHB_68    (0)    8 :  0.262 0.250 0.488 
622   DHB_69    (0)    8 :  0.880 0.069 0.051 
623   DHB_70    (0)    8 :  0.703 0.149 0.147 
624   DHB_71    (0)    8 :  0.864 0.080 0.056 
625   DHB_72    (0)    8 :  0.817 0.126 0.057 
626   DHB_73    (0)    8 :  0.685 0.161 0.154 
627   DHB_74    (0)    8 :  0.561 0.407 0.032 
628   DHB_75    (0)    8 :  0.893 0.050 0.057 
629   DHB_76    (0)    8 :  0.837 0.105 0.058 
630   DHB_77    (0)    8 :  0.104 0.579 0.317 
631   DHB_78    (0)    8 :  0.102 0.312 0.585 
632    FBS_1    (0)    9 :  0.751 0.128 0.122 
633    FBS_2    (0)    9 :  0.355 0.583 0.063 
634    FBS_3    (0)    9 :  0.764 0.166 0.069 
635    FBS_4    (0)    9 :  0.139 0.059 0.802 
636    FBS_5    (0)    9 :  0.878 0.055 0.067 
637    FBS_6    (0)    9 :  0.750 0.097 0.153 
638    FBS_7    (0)    9 :  0.844 0.056 0.100 
639    FBS_8    (0)    9 :  0.686 0.203 0.111 
640    FBS_9    (0)    9 :  0.858 0.102 0.040 
641   FBS_10    (0)    9 :  0.394 0.511 0.094 
642   FBS_11    (0)    9 :  0.855 0.028 0.117 
643   FBS_12    (0)    9 :  0.410 0.038 0.552 
644   FBS_13    (0)    9 :  0.839 0.109 0.052 
645   FBS_14    (0)    9 :  0.706 0.069 0.225 
646   FBS_15    (0)    9 :  0.618 0.057 0.325 
647   FBS_16    (0)    9 :  0.343 0.160 0.497 
648   FBS_17    (0)    9 :  0.203 0.238 0.559 
649   FBS_18    (0)    9 :  0.602 0.167 0.230 
650   FBS_19    (0)    9 :  0.826 0.119 0.055 
651   FBS_20    (0)    9 :  0.745 0.203 0.052 
652   FBS_21    (0)    9 :  0.525 0.349 0.126 
653   FBS_22    (0)    9 :  0.561 0.160 0.280 
654   FBS_23    (0)    9 :  0.403 0.056 0.542 
655   FBS_24   (26)    9 :  0.473 0.137 0.391 
656   FBS_25    (0)    9 :  0.447 0.053 0.500 
657   FBS_26    (0)    9 :  0.192 0.325 0.483 
658   FBS_27    (0)    9 :  0.894 0.047 0.059 
659   FBS_28    (0)    9 :  0.344 0.048 0.608 
660   FBS_29    (0)    9 :  0.766 0.131 0.103 
661   FBS_30    (0)    9 :  0.719 0.122 0.159 
662   FBS_31    (0)    9 :  0.532 0.395 0.072 
663   FBS_32    (0)    9 :  0.512 0.054 0.434 
664   FBS_33    (0)    9 :  0.384 0.468 0.148 
665   FBS_34    (0)    9 :  0.860 0.035 0.104 
666   FBS_35    (0)    9 :  0.218 0.448 0.333 
667   FBS_36    (0)    9 :  0.483 0.307 0.211 
668   FBS_37    (0)    9 :  0.289 0.111 0.600 
669   FBS_38    (0)    9 :  0.931 0.028 0.040 
670   FBS_39    (0)    9 :  0.826 0.090 0.084 
671   FBS_40    (0)    9 :  0.802 0.130 0.069 
672   FBS_41    (0)    9 :  0.493 0.193 0.315 
673   FBS_42    (0)    9 :  0.653 0.265 0.083 
674   FBS_43    (0)    9 :  0.509 0.112 0.379 
675   FBS_44    (0)    9 :  0.653 0.056 0.291 
676   FBS_45   (33)    9 :  0.883 0.042 0.076 
677   FBS_46    (0)    9 :  0.674 0.148 0.178 
678   FBS_47    (0)    9 :  0.854 0.097 0.049 
679   FBS_48    (0)    9 :  0.735 0.056 0.209 
680   FBS_49    (0)    9 :  0.516 0.424 0.060 
681   FBS_50    (0)    9 :  0.611 0.297 0.091 
682   FBS_51    (0)    9 :  0.408 0.526 0.066 
683   FBS_52    (0)    9 :  0.272 0.221 0.508 
684   FBS_53    (0)    9 :  0.731 0.195 0.073 
685   FBS_54    (0)    9 :  0.870 0.043 0.088 
686   FBS_55    (0)    9 :  0.934 0.025 0.042 
687   FBS_56    (0)    9 :  0.931 0.036 0.033 
688   FBS_57    (0)    9 :  0.675 0.078 0.247 
689   FBS_58    (0)    9 :  0.872 0.064 0.064 
690   FBS_59    (6)    9 :  0.213 0.070 0.717 
691   FBS_60    (0)    9 :  0.812 0.107 0.081 
692   FBS_61    (0)    9 :  0.864 0.068 0.068 
693   FBS_62    (0)    9 :  0.723 0.228 0.049 
694   FBS_63    (0)    9 :  0.554 0.346 0.100 
695   FBS_64    (0)    9 :  0.650 0.186 0.164 
696   FBS_65    (0)    9 :  0.757 0.132 0.110 
697   FBS_66    (0)    9 :  0.743 0.080 0.177 
698   FBS_67    (0)    9 :  0.481 0.128 0.391 
699   FBS_68    (0)    9 :  0.480 0.264 0.255 
700   FBS_69    (0)    9 :  0.134 0.786 0.080 
701   FBS_70    (0)    9 :  0.777 0.068 0.155 
702   FBS_71    (0)    9 :  0.819 0.046 0.136 
703   FBS_72    (0)    9 :  0.816 0.059 0.125 
704   FBS_73    (0)    9 :  0.838 0.047 0.115 
705   FBS_74    (0)    9 :  0.917 0.033 0.050 
706    GAR_1    (0)   10 :  0.084 0.810 0.106 
707    GAR_2    (0)   10 :  0.173 0.784 0.043 
708    GAR_3    (0)   10 :  0.331 0.095 0.573 
709    GAR_4    (0)   10 :  0.199 0.215 0.586 
710    GAR_5    (0)   10 :  0.109 0.759 0.131 
711    GAR_6    (0)   10 :  0.442 0.473 0.085 
712    GAR_7    (0)   10 :  0.247 0.257 0.496 
713    GAR_8    (0)   10 :  0.496 0.172 0.332 
714    GAR_9    (0)   10 :  0.911 0.049 0.040 
715   GAR_10    (0)   10 :  0.374 0.152 0.474 
716   GAR_11    (0)   10 :  0.195 0.401 0.404 
717   GAR_12    (0)   10 :  0.065 0.094 0.841 
718   GAR_13    (0)   10 :  0.569 0.352 0.079 
719   GAR_14    (0)   10 :  0.442 0.432 0.126 
720   GAR_15    (0)   10 :  0.367 0.508 0.125 
721   GAR_16    (0)   10 :  0.353 0.228 0.419 
722   GAR_17    (0)   10 :  0.412 0.168 0.420 
723   GAR_18    (0)   10 :  0.091 0.730 0.178 
724   GAR_19    (0)   10 :  0.281 0.488 0.231 
725   GAR_20    (0)   10 :  0.100 0.297 0.603 
726   GAR_21    (0)   10 :  0.114 0.360 0.526 
727   GAR_22    (0)   10 :  0.415 0.523 0.062 
728   GAR_23    (0)   10 :  0.376 0.396 0.229 
729   GAR_24    (0)   10 :  0.185 0.672 0.144 
730   GAR_25    (0)   10 :  0.096 0.870 0.034 
731   GAR_26    (0)   10 :  0.410 0.436 0.154 
732   GAR_27    (0)   10 :  0.121 0.808 0.070 
733   GAR_28    (0)   10 :  0.771 0.063 0.166 
734   GAR_29    (0)   10 :  0.205 0.627 0.168 
735   GAR_30    (0)   10 :  0.210 0.176 0.615 
736   GAR_31    (0)   10 :  0.120 0.592 0.287 
737   GAR_32    (0)   10 :  0.117 0.833 0.050 
738   GAR_33    (0)   10 :  0.212 0.742 0.045 
739   GAR_34    (0)   10 :  0.045 0.921 0.035 
740   GAR_35    (0)   10 :  0.189 0.292 0.518 
741   GAR_36    (0)   10 :  0.674 0.131 0.195 
742   GAR_37    (0)   10 :  0.411 0.162 0.427 
743   GAR_38    (0)   10 :  0.617 0.204 0.179 
744   GAR_39    (0)   10 :  0.872 0.051 0.076 
745   GAR_40    (0)   10 :  0.573 0.096 0.330 
746   GAR_41    (0)   10 :  0.056 0.308 0.636 
747   GAR_42    (0)   10 :  0.181 0.549 0.271 
748   GAR_43    (0)   10 :  0.107 0.661 0.232 
749   GAR_44    (0)   10 :  0.280 0.574 0.145 
750   GAR_45    (0)   10 :  0.266 0.516 0.217 
751   GAR_46    (0)   10 :  0.203 0.583 0.214 
752   GAR_47    (0)   10 :  0.282 0.104 0.614 
753   GAR_48    (0)   10 :  0.188 0.128 0.684 
754   GAR_49    (0)   10 :  0.641 0.132 0.228 
755   GAR_50    (0)   10 :  0.151 0.356 0.493 
756   GAR_51    (0)   10 :  0.267 0.147 0.587 
757   GAR_52    (0)   10 :  0.354 0.270 0.375 
758   GAR_53    (0)   10 :  0.211 0.298 0.491 
759   GAR_54    (0)   10 :  0.319 0.320 0.361 
