

----------------------------------------------------
STRUCTURE by Pritchard, Stephens and Donnelly (2000)
     and Falush, Stephens and Pritchard (2003)
       Code by Pritchard, Falush and Hubisz
             Version 2.3.4 (Jul 2012)
----------------------------------------------------



Command line arguments:   structure -m /global/home/hpc3579/salmon/mainparamsnewfoundlandfiles/mainparamsnewfoundland6 -e /global/home/hpc3579/salmon/extraparams_newfoundlandfile -K 6 
Input File:    /global/home/hpc3579/salmon/NewfoundlandStruc.txt

Run parameters:
   5235 individuals
   15 loci
   6 populations assumed
   100000 Burn-in period
   1000000 Reps


--------------------------------------------
Proportion of membership of each pre-defined
 population in each of the 6 clusters

Given    Inferred Clusters                            Number of
 Pop       1      2      3      4      5      6      Individuals

  1:     0.023  0.029  0.028  0.861  0.035  0.024       68
  2:     0.237  0.124  0.035  0.109  0.268  0.227       76
  3:     0.203  0.156  0.032  0.118  0.185  0.305       75
  4:     0.080  0.118  0.049  0.445  0.105  0.203       78
  5:     0.157  0.068  0.028  0.085  0.573  0.088       80
  6:     0.053  0.078  0.020  0.050  0.719  0.080       77
  7:     0.040  0.038  0.021  0.041  0.806  0.054       99
  8:     0.199  0.100  0.039  0.123  0.416  0.123       78
  9:     0.180  0.102  0.031  0.066  0.494  0.126       74
 10:     0.195  0.145  0.030  0.345  0.160  0.125      100
 11:     0.122  0.063  0.050  0.492  0.094  0.179      100
 12:     0.163  0.077  0.036  0.069  0.559  0.097       75
 13:     0.213  0.065  0.024  0.066  0.565  0.067       77
 14:     0.138  0.101  0.042  0.083  0.501  0.135       82
 15:     0.168  0.070  0.036  0.056  0.560  0.110       75
 16:     0.286  0.095  0.028  0.092  0.229  0.270       56
 17:     0.205  0.063  0.022  0.045  0.565  0.101       70
 18:     0.058  0.056  0.018  0.025  0.746  0.098       82
 19:     0.036  0.030  0.031  0.831  0.026  0.047       75
 20:     0.122  0.071  0.020  0.636  0.088  0.063       57
 21:     0.027  0.027  0.026  0.836  0.036  0.048      111
 22:     0.079  0.107  0.241  0.368  0.102  0.103       88
 23:     0.154  0.111  0.042  0.125  0.267  0.302       69
 24:     0.102  0.051  0.026  0.029  0.742  0.049       75
 25:     0.097  0.060  0.028  0.713  0.054  0.049      100
 26:     0.074  0.070  0.022  0.032  0.775  0.027       76
 27:     0.090  0.085  0.021  0.607  0.066  0.131       84
 28:     0.048  0.072  0.026  0.770  0.049  0.036       74
 29:     0.035  0.027  0.632  0.090  0.021  0.196       51
 30:     0.024  0.026  0.028  0.774  0.047  0.100       75
 31:     0.009  0.007  0.023  0.014  0.010  0.937       71
 32:     0.172  0.112  0.038  0.067  0.490  0.120       66
 33:     0.070  0.727  0.030  0.043  0.076  0.054       81
 34:     0.156  0.120  0.029  0.069  0.181  0.446       50
 35:     0.652  0.040  0.018  0.040  0.186  0.064       50
 36:     0.605  0.070  0.049  0.090  0.123  0.062      100
 37:     0.046  0.792  0.020  0.034  0.038  0.070       94
 38:     0.453  0.131  0.053  0.040  0.194  0.130      100
 39:     0.135  0.157  0.018  0.098  0.150  0.444       50
 40:     0.505  0.098  0.035  0.093  0.182  0.087       98
 41:     0.702  0.056  0.024  0.048  0.055  0.116       50
 42:     0.021  0.897  0.012  0.027  0.019  0.025       99
 43:     0.500  0.103  0.030  0.066  0.215  0.086       99
 44:     0.203  0.113  0.028  0.051  0.110  0.496      100
 45:     0.257  0.212  0.039  0.067  0.182  0.242       48
 46:     0.060  0.760  0.018  0.053  0.084  0.024       28
 47:     0.151  0.187  0.044  0.105  0.094  0.419       50
 48:     0.073  0.168  0.026  0.040  0.127  0.565      100
 49:     0.150  0.114  0.021  0.048  0.124  0.543       50
 50:     0.072  0.744  0.030  0.036  0.087  0.031       41
 51:     0.186  0.116  0.030  0.069  0.168  0.432       50
 52:     0.739  0.051  0.023  0.054  0.058  0.074      100
 53:     0.590  0.075  0.035  0.090  0.157  0.053       98
 54:     0.277  0.232  0.042  0.076  0.205  0.169      100
 55:     0.010  0.009  0.951  0.010  0.011  0.009       95
 56:     0.729  0.042  0.012  0.070  0.106  0.041       50
 57:     0.145  0.120  0.030  0.221  0.140  0.345       70
 58:     0.076  0.745  0.030  0.036  0.066  0.047      100
 59:     0.216  0.096  0.030  0.094  0.174  0.389       50
 60:     0.861  0.035  0.015  0.024  0.035  0.030       50
 61:     0.471  0.131  0.025  0.068  0.123  0.180      100
 62:     0.062  0.814  0.033  0.024  0.039  0.028       41
 63:     0.075  0.758  0.023  0.031  0.059  0.054      100
 64:     0.632  0.107  0.022  0.033  0.054  0.153       50
 65:     0.074  0.715  0.041  0.048  0.080  0.041      100
 66:     0.153  0.160  0.028  0.044  0.116  0.499       49
 67:     0.177  0.163  0.026  0.066  0.198  0.369      100
 68:     0.391  0.276  0.022  0.082  0.083  0.146       50
 69:     0.623  0.080  0.017  0.037  0.092  0.151      100
--------------------------------------------

Allele-freq. divergence among pops (Net nucleotide distance),
computed using point estimates of P.

      1       2       3       4       5       6      
 1      -    0.0184  0.0492  0.0207  0.0081  0.0105  
 2   0.0184     -    0.0549  0.0321  0.0175  0.0157  
 3   0.0492  0.0549     -    0.0548  0.0516  0.0483  
 4   0.0207  0.0321  0.0548     -    0.0227  0.0185  
 5   0.0081  0.0175  0.0516  0.0227     -    0.0112  
 6   0.0105  0.0157  0.0483  0.0185  0.0112     -    

Average distances (expected heterozygosity) between individuals in same cluster:
cluster  1  : 0.8762 
cluster  2  : 0.8735 
cluster  3  : 0.7985 
cluster  4  : 0.8551 
cluster  5  : 0.8711 
cluster  6  : 0.8725 

--------------------------------------------
Estimated Ln Prob of Data   = -394383.7
Mean value of ln likelihood = -390144.7
Variance of ln likelihood   = 8477.9
Mean value of alpha         = 0.0585

Mean value of Fst_1         = 0.0094
Mean value of Fst_2         = 0.0153
Mean value of Fst_3         = 0.0965
Mean value of Fst_4         = 0.0199
Mean value of Fst_5         = 0.0113
Mean value of Fst_6         = 0.0099


Inferred ancestry of individuals:
        Label (%Miss) Pop:  Inferred clusters
  1    BBA_1    (0)    1 :  0.012 0.017 0.007 0.945 0.012 0.008 
  2    BBA_2    (0)    1 :  0.018 0.019 0.005 0.934 0.013 0.012 
  3    BBA_3    (0)    1 :  0.010 0.009 0.014 0.941 0.014 0.012 
  4    BBA_4    (0)    1 :  0.029 0.022 0.025 0.867 0.020 0.037 
  5    BBA_5    (0)    1 :  0.008 0.007 0.008 0.961 0.010 0.006 
  6    BBA_6    (0)    1 :  0.013 0.013 0.004 0.930 0.022 0.018 
  7    BBA_7    (0)    1 :  0.009 0.009 0.022 0.934 0.011 0.014 
  8    BBA_8    (0)    1 :  0.017 0.008 0.009 0.903 0.038 0.023 
  9    BBA_9    (0)    1 :  0.006 0.009 0.008 0.962 0.009 0.006 
 10   BBA_10    (0)    1 :  0.009 0.016 0.010 0.917 0.040 0.009 
 11   BBA_11    (0)    1 :  0.022 0.025 0.008 0.921 0.011 0.012 
 12   BBA_12    (0)    1 :  0.008 0.008 0.009 0.955 0.009 0.012 
 13   BBA_13    (0)    1 :  0.031 0.037 0.009 0.636 0.092 0.194 
 14   BBA_14    (0)    1 :  0.020 0.016 0.030 0.895 0.024 0.016 
 15   BBA_15    (0)    1 :  0.015 0.031 0.005 0.738 0.146 0.065 
 16   BBA_16    (0)    1 :  0.008 0.019 0.082 0.869 0.013 0.009 
 17   BBA_17    (0)    1 :  0.011 0.035 0.112 0.789 0.013 0.040 
 18   BBA_18    (0)    1 :  0.008 0.009 0.006 0.959 0.008 0.010 
 19   BBA_19    (0)    1 :  0.009 0.008 0.010 0.950 0.013 0.010 
 20   BBA_20    (0)    1 :  0.008 0.007 0.005 0.960 0.010 0.009 
 21   BBA_21    (0)    1 :  0.019 0.017 0.013 0.893 0.034 0.024 
 22   BBA_22    (0)    1 :  0.010 0.034 0.020 0.879 0.022 0.036 
 23   BBA_23    (0)    1 :  0.008 0.009 0.008 0.953 0.012 0.010 
 24   BBA_24    (0)    1 :  0.020 0.044 0.024 0.884 0.017 0.010 
 25   BBA_25    (0)    1 :  0.006 0.007 0.016 0.955 0.006 0.009 
 26   BBA_26    (0)    1 :  0.059 0.048 0.033 0.430 0.270 0.160 
 27   BBA_27    (0)    1 :  0.012 0.013 0.005 0.935 0.020 0.015 
 28   BBA_28    (0)    1 :  0.011 0.010 0.008 0.947 0.015 0.010 
 29   BBA_29    (0)    1 :  0.018 0.015 0.083 0.829 0.036 0.019 
 30   BBA_30    (0)    1 :  0.011 0.016 0.009 0.937 0.018 0.009 
 31   BBA_31    (0)    1 :  0.019 0.016 0.007 0.925 0.020 0.012 
 32   BBA_32    (0)    1 :  0.041 0.017 0.013 0.899 0.015 0.014 
 33   BBA_33    (0)    1 :  0.051 0.030 0.092 0.722 0.075 0.030 
 34   BBA_34    (0)    1 :  0.023 0.098 0.212 0.536 0.106 0.025 
 35   BBA_35    (0)    1 :  0.020 0.018 0.024 0.886 0.035 0.017 
 36   BBA_36    (0)    1 :  0.015 0.011 0.009 0.920 0.036 0.009 
 37   BBA_37    (0)    1 :  0.013 0.041 0.014 0.816 0.072 0.043 
 38   BBA_38    (0)    1 :  0.157 0.083 0.154 0.508 0.083 0.015 
 39   BBA_39    (0)    1 :  0.011 0.019 0.011 0.930 0.014 0.015 
 40   BBA_40    (0)    1 :  0.012 0.016 0.029 0.914 0.018 0.011 
 41   BBA_41    (0)    1 :  0.014 0.018 0.007 0.899 0.038 0.024 
 42   BBA_42    (0)    1 :  0.070 0.057 0.009 0.756 0.080 0.028 
 43   BBA_43    (0)    1 :  0.010 0.012 0.004 0.956 0.010 0.008 
 44   BBA_44    (0)    1 :  0.010 0.011 0.010 0.948 0.013 0.008 
 45   BBA_45    (0)    1 :  0.007 0.007 0.007 0.962 0.011 0.006 
 46   BBA_46    (0)    1 :  0.007 0.007 0.005 0.965 0.010 0.006 
 47   BBA_47    (0)    1 :  0.011 0.022 0.011 0.918 0.012 0.025 
 48   BBA_48    (0)    1 :  0.014 0.031 0.008 0.868 0.059 0.021 
 49   BBA_49    (0)    1 :  0.090 0.027 0.248 0.457 0.137 0.041 
 50   BBA_50    (0)    1 :  0.013 0.012 0.024 0.874 0.029 0.048 
 51   BBA_51    (0)    1 :  0.020 0.013 0.006 0.923 0.012 0.027 
 52   BBA_52    (0)    1 :  0.013 0.015 0.006 0.909 0.041 0.015 
 53   BBA_53    (0)    1 :  0.017 0.012 0.006 0.927 0.016 0.022 
 54   BBA_54    (0)    1 :  0.019 0.026 0.008 0.894 0.015 0.038 
 55   BBA_55    (0)    1 :  0.187 0.187 0.114 0.289 0.192 0.032 
 56   BBA_56    (0)    1 :  0.011 0.011 0.005 0.936 0.018 0.019 
 57   BBA_57    (0)    1 :  0.017 0.011 0.010 0.936 0.015 0.011 
 58   BBA_58    (0)    1 :  0.019 0.025 0.008 0.901 0.019 0.027 
 59   BBA_59    (0)    1 :  0.015 0.013 0.005 0.935 0.020 0.011 
 60   BBA_60    (0)    1 :  0.011 0.025 0.098 0.807 0.041 0.018 
 61   BBA_61    (0)    1 :  0.006 0.009 0.004 0.957 0.008 0.016 
 62   BBA_62    (0)    1 :  0.008 0.009 0.019 0.927 0.026 0.010 
 63   BBA_63    (0)    1 :  0.010 0.026 0.006 0.924 0.022 0.011 
 64   BBA_64    (0)    1 :  0.010 0.009 0.009 0.951 0.012 0.008 
 65   BBA_65    (0)    1 :  0.029 0.039 0.029 0.847 0.032 0.023 
 66   BBA_66    (0)    1 :  0.077 0.390 0.015 0.453 0.042 0.023 
 67   BBA_67    (0)    1 :  0.017 0.023 0.012 0.926 0.011 0.011 
 68   BBA_68    (0)    1 :  0.027 0.031 0.044 0.810 0.013 0.076 
 69    BDN_1    (0)    2 :  0.760 0.036 0.032 0.010 0.132 0.031 
 70    BDN_2    (0)    2 :  0.350 0.030 0.009 0.062 0.238 0.311 
 71    BDN_3    (0)    2 :  0.026 0.055 0.094 0.024 0.046 0.755 
 72    BDN_4   (13)    2 :  0.129 0.633 0.011 0.040 0.062 0.125 
 73    BDN_5   (13)    2 :  0.199 0.160 0.038 0.060 0.210 0.333 
 74    BDN_6    (6)    2 :  0.051 0.026 0.009 0.015 0.048 0.850 
 75    BDN_7    (0)    2 :  0.082 0.027 0.041 0.022 0.624 0.205 
 76    BDN_8    (6)    2 :  0.182 0.042 0.016 0.012 0.719 0.030 
 77    BDN_9    (0)    2 :  0.191 0.109 0.012 0.474 0.083 0.131 
 78   BDN_10    (0)    2 :  0.283 0.065 0.007 0.418 0.032 0.195 
 79   BDN_11    (0)    2 :  0.053 0.111 0.023 0.011 0.366 0.436 
 80   BDN_12    (0)    2 :  0.446 0.026 0.007 0.015 0.257 0.247 
 81   BDN_13   (13)    2 :  0.594 0.210 0.027 0.024 0.025 0.120 
 82   BDN_14    (0)    2 :  0.529 0.250 0.018 0.064 0.110 0.028 
 83   BDN_15    (6)    2 :  0.088 0.017 0.018 0.022 0.303 0.552 
 84   BDN_16    (6)    2 :  0.037 0.175 0.024 0.575 0.113 0.077 
 85   BDN_17   (13)    2 :  0.024 0.016 0.099 0.012 0.014 0.835 
 86   BDN_18    (0)    2 :  0.618 0.114 0.005 0.040 0.184 0.040 
 87   BDN_19    (0)    2 :  0.144 0.043 0.394 0.121 0.135 0.163 
 88   BDN_20   (13)    2 :  0.072 0.151 0.090 0.088 0.165 0.435 
 89   BDN_21   (13)    2 :  0.063 0.065 0.379 0.067 0.057 0.369 
 90   BDN_22    (6)    2 :  0.044 0.010 0.026 0.750 0.087 0.082 
 91   BDN_23    (0)    2 :  0.047 0.090 0.011 0.150 0.656 0.046 
 92   BDN_24    (0)    2 :  0.778 0.015 0.022 0.027 0.129 0.029 
 93   BDN_25   (13)    2 :  0.089 0.019 0.025 0.048 0.762 0.057 
 94   BDN_26    (0)    2 :  0.045 0.012 0.012 0.029 0.116 0.786 
 95   BDN_27    (0)    2 :  0.798 0.036 0.011 0.019 0.074 0.062 
 96   BDN_28   (13)    2 :  0.291 0.215 0.017 0.029 0.255 0.194 
 97   BDN_29    (0)    2 :  0.060 0.024 0.011 0.052 0.404 0.448 
 98   BDN_30    (0)    2 :  0.209 0.031 0.151 0.064 0.024 0.521 
 99   BDN_31    (0)    2 :  0.070 0.212 0.011 0.451 0.193 0.063 
100   BDN_32    (0)    2 :  0.267 0.031 0.011 0.227 0.261 0.203 
101   BDN_33    (0)    2 :  0.215 0.011 0.015 0.021 0.057 0.681 
102   BDN_34    (0)    2 :  0.078 0.810 0.005 0.016 0.057 0.033 
103   BDN_35    (0)    2 :  0.911 0.015 0.016 0.026 0.017 0.014 
104   BDN_36    (0)    2 :  0.148 0.023 0.016 0.035 0.369 0.408 
105   BDN_37    (0)    2 :  0.460 0.069 0.015 0.054 0.099 0.302 
106   BDN_38    (0)    2 :  0.340 0.025 0.011 0.035 0.063 0.525 
107   BDN_39    (0)    2 :  0.328 0.040 0.006 0.062 0.140 0.423 
108   BDN_40    (0)    2 :  0.281 0.020 0.012 0.011 0.356 0.320 
109   BDN_41    (0)    2 :  0.170 0.192 0.007 0.026 0.095 0.510 
110   BDN_42   (13)    2 :  0.094 0.280 0.005 0.037 0.352 0.232 
111   BDN_43    (6)    2 :  0.138 0.631 0.015 0.018 0.171 0.028 
112   BDN_44    (0)    2 :  0.155 0.024 0.020 0.076 0.691 0.034 
113   BDN_45    (0)    2 :  0.154 0.034 0.025 0.019 0.735 0.032 
114   BDN_46   (13)    2 :  0.578 0.109 0.015 0.199 0.028 0.071 
115   BDN_47    (0)    2 :  0.091 0.278 0.036 0.047 0.420 0.129 
116   BDN_48    (0)    2 :  0.100 0.285 0.009 0.043 0.531 0.033 
117   BDN_49    (0)    2 :  0.078 0.078 0.011 0.026 0.796 0.011 
118   BDN_50    (0)    2 :  0.317 0.126 0.007 0.034 0.481 0.036 
119   BDN_51    (0)    2 :  0.446 0.042 0.008 0.072 0.347 0.085 
120   BDN_52    (0)    2 :  0.506 0.053 0.012 0.020 0.172 0.237 
121   BDN_53    (0)    2 :  0.033 0.193 0.018 0.068 0.596 0.091 
122   BDN_54   (13)    2 :  0.016 0.020 0.011 0.887 0.019 0.047 
123   BDN_55    (6)    2 :  0.066 0.017 0.005 0.264 0.186 0.461 
124   BDN_56   (13)    2 :  0.330 0.123 0.006 0.018 0.499 0.024 
125   BDN_57    (6)    2 :  0.289 0.040 0.053 0.045 0.443 0.130 
126   BDN_58    (6)    2 :  0.364 0.023 0.022 0.065 0.137 0.389 
127   BDN_59    (6)    2 :  0.015 0.016 0.085 0.042 0.803 0.040 
128   BDN_60    (6)    2 :  0.049 0.043 0.045 0.015 0.031 0.817 
129   BDN_61    (0)    2 :  0.153 0.461 0.016 0.057 0.273 0.040 
130   BDN_62    (0)    2 :  0.034 0.073 0.007 0.030 0.825 0.031 
131   BDN_63    (6)    2 :  0.416 0.042 0.025 0.055 0.078 0.384 
132   BDN_64    (0)    2 :  0.092 0.458 0.014 0.093 0.211 0.133 
133   BDN_65    (0)    2 :  0.146 0.037 0.029 0.253 0.096 0.439 
134   BDN_66   (13)    2 :  0.304 0.343 0.014 0.080 0.168 0.091 
135   BDN_67    (0)    2 :  0.250 0.080 0.013 0.501 0.061 0.095 
136   BDN_68    (6)    2 :  0.227 0.058 0.104 0.052 0.417 0.142 
137   BDN_69    (0)    2 :  0.190 0.058 0.010 0.022 0.583 0.138 
138   BDN_70    (6)    2 :  0.147 0.107 0.119 0.151 0.242 0.234 
139   BDN_71    (6)    2 :  0.566 0.055 0.030 0.064 0.144 0.141 
140   BDN_72    (0)    2 :  0.038 0.157 0.011 0.078 0.600 0.118 
141   BDN_73    (0)    2 :  0.063 0.572 0.018 0.037 0.265 0.045 
142   BDN_74    (0)    2 :  0.059 0.015 0.019 0.033 0.784 0.089 
143   BDN_75    (0)    2 :  0.721 0.043 0.023 0.018 0.028 0.168 
144   BDN_76    (0)    2 :  0.244 0.201 0.030 0.438 0.034 0.053 
145   BDNB_1    (0)    3 :  0.594 0.050 0.008 0.016 0.093 0.239 
146   BDNB_2    (0)    3 :  0.624 0.063 0.017 0.077 0.116 0.104 
147   BDNB_3    (0)    3 :  0.440 0.022 0.024 0.106 0.341 0.067 
148   BDNB_4    (0)    3 :  0.742 0.038 0.010 0.015 0.082 0.113 
149   BDNB_5    (0)    3 :  0.020 0.139 0.006 0.071 0.027 0.737 
150   BDNB_6    (0)    3 :  0.070 0.018 0.021 0.144 0.083 0.665 
151   BDNB_7    (0)    3 :  0.279 0.185 0.386 0.058 0.039 0.053 
152   BDNB_8    (0)    3 :  0.060 0.020 0.030 0.043 0.534 0.313 
153   BDNB_9    (0)    3 :  0.013 0.012 0.016 0.032 0.024 0.903 
154  BDNB_10    (0)    3 :  0.030 0.031 0.007 0.097 0.059 0.776 
155  BDNB_11    (0)    3 :  0.427 0.248 0.017 0.040 0.074 0.195 
156  BDNB_12    (0)    3 :  0.555 0.176 0.011 0.019 0.149 0.090 
157  BDNB_13    (0)    3 :  0.127 0.495 0.015 0.061 0.061 0.241 
158  BDNB_14    (0)    3 :  0.060 0.011 0.035 0.667 0.197 0.029 
159  BDNB_15    (0)    3 :  0.014 0.027 0.008 0.011 0.930 0.010 
160  BDNB_16    (0)    3 :  0.060 0.044 0.020 0.690 0.105 0.082 
161  BDNB_17    (6)    3 :  0.453 0.089 0.132 0.128 0.137 0.061 
162  BDNB_18    (0)    3 :  0.342 0.156 0.030 0.082 0.060 0.331 
163  BDNB_19    (0)    3 :  0.454 0.339 0.026 0.065 0.035 0.081 
164  BDNB_20    (0)    3 :  0.024 0.101 0.039 0.279 0.070 0.487 
165  BDNB_21    (0)    3 :  0.050 0.021 0.011 0.010 0.889 0.019 
166  BDNB_22    (0)    3 :  0.057 0.738 0.010 0.046 0.051 0.097 
167  BDNB_23    (0)    3 :  0.112 0.024 0.009 0.013 0.829 0.014 
168  BDNB_24    (0)    3 :  0.067 0.739 0.008 0.107 0.044 0.035 
169  BDNB_25    (0)    3 :  0.324 0.025 0.017 0.040 0.466 0.129 
170  BDNB_26    (0)    3 :  0.043 0.043 0.007 0.017 0.198 0.691 
171  BDNB_27    (0)    3 :  0.080 0.022 0.006 0.103 0.167 0.622 
172  BDNB_28    (0)    3 :  0.152 0.407 0.055 0.184 0.068 0.134 
173  BDNB_29    (0)    3 :  0.031 0.012 0.014 0.032 0.058 0.853 
174  BDNB_30    (0)    3 :  0.017 0.101 0.073 0.558 0.036 0.215 
175  BDNB_31    (0)    3 :  0.160 0.153 0.029 0.299 0.328 0.030 
176  BDNB_32    (0)    3 :  0.141 0.180 0.066 0.113 0.421 0.079 
177  BDNB_33    (0)    3 :  0.108 0.026 0.041 0.650 0.074 0.101 
178  BDNB_34    (0)    3 :  0.272 0.069 0.006 0.213 0.196 0.243 
179  BDNB_35    (0)    3 :  0.035 0.062 0.004 0.046 0.203 0.650 
180  BDNB_36    (0)    3 :  0.017 0.131 0.009 0.577 0.194 0.072 
181  BDNB_37    (0)    3 :  0.077 0.010 0.008 0.009 0.134 0.761 
182  BDNB_38    (0)    3 :  0.033 0.100 0.160 0.049 0.194 0.464 
183  BDNB_39    (0)    3 :  0.047 0.032 0.050 0.023 0.727 0.120 
184  BDNB_40    (0)    3 :  0.100 0.024 0.044 0.030 0.104 0.698 
185  BDNB_41    (0)    3 :  0.261 0.052 0.020 0.030 0.017 0.619 
186  BDNB_42    (0)    3 :  0.026 0.509 0.010 0.041 0.345 0.070 
187  BDNB_43    (0)    3 :  0.409 0.298 0.025 0.051 0.096 0.120 
188  BDNB_44    (0)    3 :  0.107 0.165 0.023 0.056 0.052 0.597 
189  BDNB_45    (0)    3 :  0.044 0.132 0.054 0.242 0.060 0.467 
190  BDNB_46    (0)    3 :  0.021 0.086 0.006 0.145 0.026 0.717 
191  BDNB_47    (0)    3 :  0.028 0.051 0.010 0.092 0.056 0.763 
192  BDNB_48    (0)    3 :  0.255 0.046 0.006 0.044 0.243 0.405 
193  BDNB_49    (0)    3 :  0.314 0.116 0.039 0.072 0.215 0.244 
194  BDNB_50    (0)    3 :  0.252 0.069 0.015 0.031 0.364 0.268 
195  BDNB_51    (0)    3 :  0.447 0.045 0.052 0.044 0.179 0.234 
196  BDNB_52    (0)    3 :  0.036 0.020 0.022 0.019 0.569 0.335 
197  BDNB_53    (0)    3 :  0.347 0.169 0.078 0.147 0.162 0.098 
198  BDNB_54    (0)    3 :  0.162 0.109 0.089 0.012 0.120 0.507 
199  BDNB_55    (0)    3 :  0.085 0.027 0.010 0.120 0.492 0.267 
200  BDNB_56    (6)    3 :  0.622 0.039 0.072 0.068 0.093 0.106 
201  BDNB_57    (0)    3 :  0.016 0.015 0.007 0.666 0.039 0.257 
202  BDNB_58    (0)    3 :  0.209 0.081 0.007 0.044 0.207 0.453 
203  BDNB_59    (0)    3 :  0.090 0.159 0.007 0.157 0.076 0.511 
204  BDNB_60    (0)    3 :  0.093 0.639 0.014 0.083 0.086 0.085 
205  BDNB_61    (0)    3 :  0.175 0.396 0.020 0.072 0.055 0.282 
206  BDNB_62    (0)    3 :  0.033 0.016 0.006 0.015 0.172 0.759 
207  BDNB_63    (0)    3 :  0.078 0.040 0.008 0.049 0.015 0.811 
208  BDNB_64    (6)    3 :  0.136 0.159 0.009 0.034 0.023 0.640 
209  BDNB_65    (0)    3 :  0.040 0.310 0.008 0.057 0.046 0.538 
210  BDNB_66    (0)    3 :  0.531 0.198 0.039 0.060 0.029 0.143 
211  BDNB_67    (0)    3 :  0.597 0.184 0.050 0.029 0.019 0.121 
212  BDNB_68    (0)    3 :  0.169 0.432 0.014 0.121 0.155 0.109 
213  BDNB_69    (0)    3 :  0.191 0.319 0.037 0.038 0.316 0.098 
214  BDNB_70    (0)    3 :  0.400 0.411 0.008 0.025 0.014 0.142 
215  BDNB_71    (0)    3 :  0.181 0.279 0.010 0.206 0.125 0.199 
216  BDNB_72    (0)    3 :  0.206 0.552 0.013 0.042 0.099 0.088 
217  BDNB_73    (0)    3 :  0.741 0.072 0.006 0.029 0.085 0.066 
218  BDNB_74    (0)    3 :  0.380 0.237 0.107 0.079 0.041 0.156 
219  BDNB_75    (0)    3 :  0.251 0.063 0.029 0.020 0.609 0.027 
220    BSB_1    (0)    4 :  0.179 0.030 0.020 0.407 0.332 0.033 
221    BSB_2    (0)    4 :  0.042 0.097 0.007 0.704 0.027 0.122 
222    BSB_3    (0)    4 :  0.024 0.902 0.024 0.015 0.018 0.018 
223    BSB_4    (0)    4 :  0.031 0.015 0.009 0.835 0.019 0.090 
224    BSB_5    (0)    4 :  0.017 0.047 0.009 0.869 0.021 0.037 
225    BSB_6    (0)    4 :  0.023 0.015 0.014 0.924 0.013 0.010 
226    BSB_7   (33)    4 :  0.064 0.026 0.033 0.097 0.055 0.724 
227    BSB_8    (0)    4 :  0.027 0.064 0.206 0.078 0.545 0.079 
228    BSB_9    (0)    4 :  0.022 0.802 0.015 0.091 0.037 0.032 
229   BSB_10    (0)    4 :  0.061 0.182 0.020 0.108 0.060 0.570 
230   BSB_11    (0)    4 :  0.027 0.060 0.383 0.433 0.070 0.028 
231   BSB_12    (0)    4 :  0.021 0.095 0.139 0.162 0.459 0.124 
232   BSB_13    (0)    4 :  0.079 0.022 0.058 0.071 0.023 0.747 
233   BSB_14    (0)    4 :  0.091 0.110 0.007 0.458 0.020 0.313 
234   BSB_15    (0)    4 :  0.044 0.008 0.032 0.401 0.447 0.068 
235   BSB_16    (6)    4 :  0.041 0.070 0.007 0.741 0.049 0.092 
236   BSB_17    (0)    4 :  0.051 0.022 0.017 0.830 0.024 0.056 
237   BSB_18    (0)    4 :  0.087 0.106 0.303 0.328 0.053 0.124 
238   BSB_19    (0)    4 :  0.034 0.019 0.017 0.801 0.054 0.074 
239   BSB_20    (0)    4 :  0.161 0.010 0.035 0.714 0.039 0.041 
240   BSB_21    (0)    4 :  0.102 0.055 0.096 0.515 0.049 0.183 
241   BSB_22    (0)    4 :  0.020 0.858 0.018 0.071 0.019 0.015 
242   BSB_23    (0)    4 :  0.030 0.073 0.039 0.809 0.017 0.032 
243   BSB_24    (0)    4 :  0.009 0.013 0.059 0.894 0.011 0.014 
244   BSB_25    (0)    4 :  0.013 0.039 0.025 0.893 0.015 0.015 
245   BSB_26    (0)    4 :  0.023 0.028 0.015 0.887 0.018 0.030 
246   BSB_27    (0)    4 :  0.173 0.020 0.032 0.636 0.114 0.025 
247   BSB_28    (0)    4 :  0.020 0.499 0.016 0.029 0.012 0.424 
248   BSB_29    (0)    4 :  0.016 0.017 0.020 0.860 0.009 0.077 
249   BSB_30    (0)    4 :  0.047 0.234 0.027 0.624 0.033 0.034 
250   BSB_31    (0)    4 :  0.646 0.077 0.013 0.028 0.188 0.047 
251   BSB_32    (0)    4 :  0.013 0.013 0.005 0.941 0.012 0.017 
252   BSB_33    (0)    4 :  0.083 0.124 0.043 0.363 0.184 0.203 
253   BSB_34    (0)    4 :  0.053 0.021 0.019 0.832 0.026 0.048 
254   BSB_35    (0)    4 :  0.009 0.012 0.004 0.949 0.012 0.013 
255   BSB_36    (0)    4 :  0.104 0.013 0.018 0.749 0.068 0.048 
256   BSB_37    (0)    4 :  0.032 0.015 0.015 0.910 0.013 0.016 
257   BSB_38   (60)    4 :  0.019 0.012 0.014 0.006 0.039 0.909 
258   BSB_39    (0)    4 :  0.057 0.035 0.059 0.029 0.276 0.544 
259   BSB_40    (0)    4 :  0.035 0.022 0.007 0.666 0.245 0.025 
260   BSB_41    (0)    4 :  0.047 0.099 0.018 0.307 0.052 0.477 
261   BSB_42    (0)    4 :  0.076 0.031 0.142 0.569 0.148 0.035 
262   BSB_43    (0)    4 :  0.222 0.034 0.018 0.625 0.058 0.044 
263   BSB_44    (0)    4 :  0.072 0.290 0.132 0.425 0.019 0.064 
264   BSB_45    (0)    4 :  0.135 0.066 0.022 0.374 0.232 0.172 
265   BSB_46    (0)    4 :  0.032 0.041 0.057 0.195 0.040 0.635 
266   BSB_47    (0)    4 :  0.059 0.013 0.079 0.766 0.036 0.047 
267   BSB_48    (0)    4 :  0.049 0.017 0.012 0.152 0.712 0.058 
268   BSB_49    (0)    4 :  0.063 0.023 0.038 0.294 0.497 0.084 
269   BSB_50   (60)    4 :  0.018 0.007 0.005 0.006 0.015 0.949 
270   BSB_51    (0)    4 :  0.075 0.046 0.018 0.125 0.672 0.064 
271   BSB_52    (0)    4 :  0.055 0.323 0.020 0.371 0.031 0.200 
272   BSB_53    (0)    4 :  0.038 0.021 0.006 0.753 0.016 0.167 
273   BSB_54    (0)    4 :  0.024 0.021 0.009 0.161 0.138 0.646 
274   BSB_55    (0)    4 :  0.109 0.447 0.014 0.300 0.062 0.068 
275   BSB_56    (0)    4 :  0.084 0.153 0.006 0.111 0.028 0.619 
276   BSB_57    (0)    4 :  0.042 0.236 0.531 0.127 0.027 0.037 
277   BSB_58    (0)    4 :  0.248 0.169 0.013 0.131 0.359 0.080 
278   BSB_59    (0)    4 :  0.019 0.017 0.040 0.813 0.021 0.089 
279   BSB_60   (60)    4 :  0.007 0.005 0.005 0.006 0.006 0.971 
280   BSB_61    (0)    4 :  0.029 0.014 0.024 0.819 0.026 0.087 
281   BSB_62    (0)    4 :  0.085 0.052 0.076 0.758 0.016 0.013 
282   BSB_63    (0)    4 :  0.017 0.332 0.135 0.456 0.012 0.047 
283   BSB_64    (0)    4 :  0.047 0.076 0.045 0.671 0.024 0.138 
284   BSB_65    (0)    4 :  0.023 0.134 0.164 0.435 0.065 0.179 
285   BSB_66    (0)    4 :  0.104 0.008 0.089 0.588 0.129 0.081 
286   BSB_67    (0)    4 :  0.064 0.029 0.057 0.180 0.036 0.634 
287   BSB_68    (0)    4 :  0.018 0.276 0.006 0.028 0.508 0.163 
288   BSB_69    (0)    4 :  0.473 0.358 0.028 0.017 0.094 0.030 
289   BSB_70    (0)    4 :  0.067 0.670 0.011 0.032 0.029 0.191 
290   BSB_71    (0)    4 :  0.027 0.017 0.005 0.896 0.009 0.047 
291   BSB_72    (0)    4 :  0.766 0.021 0.027 0.035 0.029 0.122 
292   BSB_73    (0)    4 :  0.058 0.059 0.008 0.457 0.172 0.245 
293   BSB_74    (0)    4 :  0.060 0.083 0.031 0.577 0.032 0.216 
294   BSB_75    (0)    4 :  0.170 0.035 0.007 0.591 0.107 0.088 
295   BSB_76    (0)    4 :  0.041 0.055 0.021 0.629 0.016 0.238 
296   BSB_77   (53)    4 :  0.005 0.005 0.004 0.004 0.005 0.976 
297   BSB_78    (0)    4 :  0.076 0.053 0.006 0.149 0.016 0.700 
298    CCR_1    (0)    5 :  0.131 0.012 0.012 0.040 0.636 0.170 
299    CCR_2    (0)    5 :  0.369 0.116 0.007 0.025 0.468 0.017 
300    CCR_3    (0)    5 :  0.490 0.102 0.017 0.035 0.293 0.064 
301    CCR_4    (0)    5 :  0.080 0.063 0.015 0.015 0.618 0.209 
302    CCR_5    (0)    5 :  0.321 0.131 0.043 0.033 0.449 0.024 
303    CCR_6    (0)    5 :  0.048 0.009 0.005 0.018 0.911 0.010 
304    CCR_7    (0)    5 :  0.139 0.151 0.009 0.045 0.641 0.015 
305    CCR_8    (0)    5 :  0.419 0.247 0.029 0.072 0.080 0.152 
306    CCR_9    (0)    5 :  0.034 0.014 0.007 0.023 0.909 0.012 
307   CCR_10    (0)    5 :  0.453 0.039 0.008 0.090 0.163 0.248 
308   CCR_11    (0)    5 :  0.046 0.019 0.008 0.012 0.864 0.052 
309   CCR_12    (0)    5 :  0.168 0.039 0.019 0.026 0.723 0.025 
310   CCR_13    (0)    5 :  0.202 0.028 0.007 0.013 0.723 0.026 
311   CCR_14    (0)    5 :  0.735 0.047 0.078 0.023 0.103 0.015 
312   CCR_15    (0)    5 :  0.267 0.030 0.005 0.012 0.636 0.049 
313   CCR_16    (0)    5 :  0.051 0.348 0.238 0.152 0.121 0.090 
314   CCR_17    (0)    5 :  0.873 0.019 0.005 0.010 0.054 0.038 
315   CCR_18    (0)    5 :  0.479 0.312 0.006 0.011 0.135 0.058 
316   CCR_19    (0)    5 :  0.120 0.017 0.006 0.026 0.820 0.010 
317   CCR_20    (0)    5 :  0.115 0.019 0.032 0.232 0.563 0.039 
318   CCR_21    (0)    5 :  0.014 0.020 0.017 0.038 0.541 0.370 
319   CCR_22    (0)    5 :  0.082 0.058 0.007 0.091 0.689 0.073 
320   CCR_23    (0)    5 :  0.022 0.031 0.042 0.009 0.869 0.026 
321   CCR_24    (0)    5 :  0.027 0.011 0.007 0.013 0.926 0.015 
322   CCR_25    (0)    5 :  0.653 0.026 0.011 0.150 0.100 0.059 
323   CCR_26    (0)    5 :  0.061 0.019 0.007 0.535 0.264 0.113 
324   CCR_27    (0)    5 :  0.231 0.024 0.007 0.015 0.711 0.012 
325   CCR_28    (0)    5 :  0.021 0.026 0.049 0.060 0.760 0.084 
326   CCR_29    (0)    5 :  0.030 0.009 0.011 0.018 0.918 0.015 
327   CCR_30    (0)    5 :  0.093 0.020 0.032 0.011 0.817 0.026 
328   CCR_31    (0)    5 :  0.160 0.058 0.006 0.505 0.131 0.140 
329   CCR_32    (0)    5 :  0.084 0.015 0.126 0.270 0.317 0.188 
330   CCR_33    (0)    5 :  0.300 0.044 0.031 0.018 0.576 0.033 
331   CCR_34    (0)    5 :  0.027 0.018 0.104 0.014 0.824 0.013 
332   CCR_35    (0)    5 :  0.066 0.058 0.019 0.042 0.406 0.409 
333   CCR_36    (0)    5 :  0.203 0.151 0.013 0.026 0.235 0.370 
334   CCR_37    (0)    5 :  0.029 0.018 0.014 0.806 0.121 0.012 
335   CCR_38    (0)    5 :  0.044 0.035 0.007 0.032 0.865 0.017 
336   CCR_39    (0)    5 :  0.028 0.020 0.014 0.010 0.919 0.010 
337   CCR_40    (0)    5 :  0.183 0.112 0.008 0.599 0.063 0.035 
338   CCR_41    (0)    5 :  0.066 0.035 0.021 0.019 0.825 0.035 
339   CCR_42    (0)    5 :  0.062 0.027 0.006 0.053 0.807 0.045 
340   CCR_43    (0)    5 :  0.040 0.025 0.016 0.009 0.496 0.413 
341   CCR_44    (0)    5 :  0.080 0.134 0.156 0.250 0.296 0.086 
342   CCR_45    (0)    5 :  0.151 0.016 0.016 0.034 0.642 0.142 
343   CCR_46    (0)    5 :  0.035 0.012 0.014 0.064 0.429 0.446 
344   CCR_47    (0)    5 :  0.170 0.016 0.020 0.045 0.706 0.043 
345   CCR_48    (0)    5 :  0.547 0.037 0.067 0.011 0.293 0.044 
346   CCR_49    (0)    5 :  0.195 0.096 0.278 0.089 0.297 0.045 
347   CCR_50    (0)    5 :  0.090 0.247 0.036 0.033 0.561 0.033 
348   CCR_51    (0)    5 :  0.048 0.006 0.016 0.104 0.812 0.014 
349   CCR_52    (0)    5 :  0.379 0.020 0.014 0.054 0.437 0.095 
350   CCR_53    (0)    5 :  0.288 0.073 0.029 0.026 0.479 0.104 
351   CCR_54    (0)    5 :  0.223 0.208 0.019 0.077 0.448 0.024 
352   CCR_55    (0)    5 :  0.060 0.025 0.008 0.397 0.481 0.029 
353   CCR_56    (0)    5 :  0.038 0.036 0.013 0.025 0.819 0.069 
354   CCR_57    (0)    5 :  0.536 0.029 0.013 0.049 0.332 0.041 
355   CCR_58    (0)    5 :  0.120 0.039 0.011 0.029 0.772 0.030 
356   CCR_59    (0)    5 :  0.050 0.024 0.007 0.097 0.342 0.481 
357   CCR_60    (0)    5 :  0.111 0.572 0.094 0.051 0.102 0.071 
358   CCR_61    (0)    5 :  0.037 0.014 0.006 0.012 0.923 0.008 
359   CCR_62    (0)    5 :  0.041 0.022 0.016 0.026 0.444 0.451 
360   CCR_63    (0)    5 :  0.012 0.018 0.011 0.024 0.917 0.019 
361   CCR_64    (0)    5 :  0.157 0.024 0.011 0.074 0.698 0.035 
362   CCR_65    (0)    5 :  0.020 0.011 0.008 0.013 0.903 0.045 
363   CCR_66    (0)    5 :  0.016 0.009 0.005 0.020 0.938 0.012 
364   CCR_67    (0)    5 :  0.063 0.026 0.016 0.011 0.873 0.012 
365   CCR_68    (0)    5 :  0.076 0.012 0.006 0.022 0.870 0.015 
366   CCR_69    (0)    5 :  0.022 0.012 0.012 0.015 0.924 0.014 
367   CCR_70    (0)    5 :  0.108 0.023 0.009 0.011 0.821 0.028 
368   CCR_71    (0)    5 :  0.046 0.020 0.084 0.015 0.812 0.024 
369   CCR_72    (0)    5 :  0.330 0.018 0.009 0.017 0.552 0.074 
370   CCR_73    (0)    5 :  0.048 0.013 0.012 0.027 0.888 0.012 
371   CCR_74    (0)    5 :  0.178 0.052 0.007 0.455 0.277 0.032 
372   CCR_75    (0)    5 :  0.018 0.053 0.020 0.015 0.880 0.013 
373   CCR_76    (0)    5 :  0.063 0.787 0.009 0.013 0.104 0.023 
374   CCR_77    (0)    5 :  0.025 0.018 0.011 0.015 0.748 0.183 
375   CCR_78    (0)    5 :  0.026 0.081 0.007 0.278 0.417 0.192 
376   CCR_79    (0)    5 :  0.036 0.031 0.022 0.020 0.649 0.242 
377   CCR_80    (0)    5 :  0.073 0.017 0.015 0.013 0.874 0.007 
378    CMB_1    (0)    6 :  0.014 0.012 0.047 0.011 0.898 0.018 
379    CMB_2    (0)    6 :  0.013 0.006 0.005 0.010 0.955 0.011 
380    CMB_3    (0)    6 :  0.025 0.019 0.012 0.016 0.914 0.014 
381    CMB_4    (0)    6 :  0.020 0.134 0.006 0.010 0.816 0.014 
382    CMB_5    (0)    6 :  0.055 0.073 0.005 0.013 0.837 0.017 
383    CMB_6    (0)    6 :  0.118 0.011 0.019 0.020 0.799 0.033 
384    CMB_7    (0)    6 :  0.029 0.010 0.014 0.022 0.898 0.026 
385    CMB_8    (0)    6 :  0.022 0.084 0.020 0.022 0.782 0.071 
386    CMB_9    (0)    6 :  0.355 0.014 0.013 0.175 0.413 0.030 
387   CMB_10    (0)    6 :  0.047 0.591 0.015 0.012 0.314 0.021 
388   CMB_11    (0)    6 :  0.024 0.021 0.006 0.052 0.774 0.123 
389   CMB_12    (0)    6 :  0.013 0.031 0.008 0.012 0.924 0.012 
390   CMB_13    (0)    6 :  0.035 0.029 0.011 0.029 0.867 0.029 
391   CMB_14    (0)    6 :  0.016 0.012 0.006 0.013 0.917 0.037 
392   CMB_15    (0)    6 :  0.035 0.018 0.029 0.068 0.831 0.018 
393   CMB_16    (0)    6 :  0.016 0.217 0.005 0.041 0.643 0.079 
394   CMB_17    (0)    6 :  0.052 0.046 0.013 0.066 0.630 0.192 
395   CMB_18    (0)    6 :  0.016 0.021 0.174 0.024 0.727 0.037 
396   CMB_19    (0)    6 :  0.054 0.135 0.016 0.017 0.768 0.009 
397   CMB_20    (0)    6 :  0.079 0.106 0.008 0.016 0.779 0.012 
398   CMB_21    (0)    6 :  0.012 0.018 0.006 0.011 0.939 0.013 
399   CMB_22    (0)    6 :  0.022 0.033 0.009 0.049 0.843 0.044 
400   CMB_23    (0)    6 :  0.009 0.021 0.032 0.009 0.790 0.138 
401   CMB_24    (0)    6 :  0.057 0.335 0.012 0.033 0.317 0.246 
402   CMB_25    (0)    6 :  0.022 0.016 0.014 0.121 0.812 0.015 
403   CMB_26    (0)    6 :  0.010 0.018 0.059 0.028 0.876 0.009 
404   CMB_27    (0)    6 :  0.088 0.117 0.009 0.012 0.539 0.234 
405   CMB_28    (0)    6 :  0.009 0.010 0.008 0.011 0.955 0.009 
406   CMB_29    (0)    6 :  0.164 0.037 0.024 0.030 0.633 0.112 
407   CMB_30    (0)    6 :  0.020 0.014 0.071 0.026 0.847 0.023 
408   CMB_31    (0)    6 :  0.019 0.041 0.007 0.039 0.886 0.008 
409   CMB_32    (0)    6 :  0.231 0.146 0.007 0.019 0.487 0.110 
410   CMB_33    (0)    6 :  0.009 0.015 0.008 0.028 0.926 0.015 
411   CMB_34    (0)    6 :  0.075 0.150 0.005 0.015 0.729 0.026 
412   CMB_35    (0)    6 :  0.011 0.022 0.013 0.091 0.834 0.029 
413   CMB_36    (0)    6 :  0.024 0.050 0.019 0.017 0.860 0.030 
414   CMB_37    (0)    6 :  0.010 0.008 0.005 0.010 0.945 0.022 
415   CMB_38    (0)    6 :  0.024 0.008 0.017 0.014 0.792 0.145 
416   CMB_39    (0)    6 :  0.015 0.016 0.013 0.020 0.917 0.020 
417   CMB_40    (0)    6 :  0.045 0.172 0.013 0.020 0.368 0.381 
418   CMB_41    (0)    6 :  0.017 0.050 0.012 0.044 0.747 0.129 
419   CMB_42    (0)    6 :  0.077 0.044 0.014 0.028 0.690 0.148 
420   CMB_43    (0)    6 :  0.435 0.112 0.050 0.014 0.123 0.267 
421   CMB_44    (0)    6 :  0.164 0.128 0.014 0.518 0.052 0.123 
422   CMB_45    (0)    6 :  0.021 0.014 0.013 0.010 0.935 0.008 
423   CMB_46    (0)    6 :  0.032 0.182 0.063 0.017 0.662 0.044 
424   CMB_47    (0)    6 :  0.052 0.695 0.005 0.017 0.209 0.022 
425   CMB_48    (0)    6 :  0.015 0.029 0.008 0.020 0.910 0.018 
426   CMB_49    (0)    6 :  0.037 0.006 0.007 0.007 0.921 0.021 
427   CMB_50    (0)    6 :  0.010 0.022 0.004 0.012 0.933 0.019 
428   CMB_51    (0)    6 :  0.033 0.012 0.011 0.030 0.903 0.012 
429   CMB_52    (0)    6 :  0.015 0.014 0.016 0.011 0.920 0.024 
430   CMB_53    (0)    6 :  0.039 0.018 0.009 0.045 0.760 0.128 
431   CMB_54    (0)    6 :  0.090 0.088 0.063 0.018 0.507 0.233 
432   CMB_55    (0)    6 :  0.024 0.018 0.043 0.031 0.852 0.031 
433   CMB_56    (0)    6 :  0.021 0.025 0.030 0.016 0.100 0.807 
434   CMB_57    (0)    6 :  0.034 0.032 0.007 0.012 0.889 0.026 
435   CMB_58    (0)    6 :  0.091 0.057 0.011 0.035 0.676 0.131 
436   CMB_59    (0)    6 :  0.015 0.036 0.008 0.022 0.835 0.085 
437   CMB_60    (0)    6 :  0.017 0.010 0.006 0.011 0.939 0.017 
438   CMB_61    (0)    6 :  0.014 0.009 0.009 0.020 0.926 0.022 
439   CMB_62    (0)    6 :  0.044 0.043 0.007 0.029 0.846 0.032 
440   CMB_63    (0)    6 :  0.062 0.015 0.009 0.035 0.817 0.062 
441   CMB_64    (0)    6 :  0.031 0.024 0.012 0.009 0.880 0.044 
442   CMB_65    (0)    6 :  0.012 0.016 0.013 0.012 0.939 0.008 
443   CMB_66    (0)    6 :  0.177 0.011 0.007 0.015 0.771 0.020 
444   CMB_67    (0)    6 :  0.046 0.076 0.014 0.014 0.831 0.019 
445   CMB_68    (0)    6 :  0.019 0.019 0.013 0.021 0.906 0.023 
446   CMB_69    (0)    6 :  0.031 0.081 0.102 0.011 0.758 0.017 
447   CMB_70    (0)    6 :  0.021 0.519 0.008 0.103 0.260 0.089 
448   CMB_71    (0)    6 :  0.017 0.020 0.012 0.014 0.909 0.028 
449   CMB_72    (0)    6 :  0.039 0.028 0.024 0.019 0.846 0.043 
450   CMB_73    (0)    6 :  0.042 0.013 0.008 0.824 0.035 0.079 
451   CMB_74    (0)    6 :  0.173 0.102 0.012 0.062 0.333 0.318 
452   CMB_75    (0)    6 :  0.014 0.475 0.050 0.015 0.177 0.269 
453   CMB_76    (6)    6 :  0.070 0.042 0.012 0.436 0.062 0.378 
454   CMB_77    (0)    6 :  0.146 0.096 0.022 0.019 0.703 0.013 
455    CNR_1    (0)    7 :  0.010 0.010 0.035 0.028 0.825 0.092 
456    CNR_2    (0)    7 :  0.065 0.051 0.025 0.500 0.322 0.036 
457    CNR_3    (0)    7 :  0.022 0.014 0.013 0.050 0.879 0.023 
458    CNR_4    (0)    7 :  0.009 0.014 0.011 0.010 0.931 0.024 
459    CNR_5    (0)    7 :  0.027 0.016 0.007 0.011 0.202 0.737 
460    CNR_6    (0)    7 :  0.013 0.035 0.009 0.108 0.813 0.023 
461    CNR_7    (0)    7 :  0.088 0.033 0.015 0.015 0.785 0.064 
462    CNR_8    (0)    7 :  0.014 0.017 0.020 0.015 0.897 0.037 
463    CNR_9    (0)    7 :  0.031 0.019 0.010 0.017 0.894 0.030 
464   CNR_10    (0)    7 :  0.015 0.013 0.006 0.011 0.937 0.018 
465   CNR_11    (0)    7 :  0.022 0.018 0.012 0.016 0.901 0.031 
466   CNR_12    (0)    7 :  0.013 0.007 0.015 0.008 0.940 0.016 
467   CNR_13    (0)    7 :  0.013 0.014 0.009 0.012 0.927 0.025 
468   CNR_14    (0)    7 :  0.042 0.071 0.068 0.038 0.571 0.210 
469   CNR_15    (0)    7 :  0.014 0.020 0.006 0.043 0.893 0.023 
470   CNR_16    (0)    7 :  0.028 0.013 0.008 0.017 0.900 0.034 
471   CNR_17    (0)    7 :  0.025 0.011 0.029 0.009 0.915 0.010 
472   CNR_18    (0)    7 :  0.049 0.018 0.007 0.013 0.820 0.093 
473   CNR_19    (0)    7 :  0.013 0.012 0.011 0.008 0.919 0.036 
474   CNR_20    (0)    7 :  0.037 0.025 0.013 0.012 0.882 0.031 
475   CNR_21    (0)    7 :  0.023 0.016 0.065 0.022 0.694 0.180 
476   CNR_22    (0)    7 :  0.031 0.030 0.026 0.013 0.866 0.034 
477   CNR_23    (0)    7 :  0.022 0.024 0.005 0.040 0.891 0.017 
478   CNR_24    (0)    7 :  0.010 0.012 0.030 0.010 0.924 0.014 
479   CNR_25    (0)    7 :  0.030 0.016 0.005 0.139 0.716 0.094 
480   CNR_26    (0)    7 :  0.012 0.009 0.006 0.070 0.889 0.014 
481   CNR_27    (0)    7 :  0.113 0.040 0.007 0.020 0.780 0.040 
482   CNR_28    (0)    7 :  0.055 0.099 0.060 0.050 0.502 0.234 
483   CNR_29    (0)    7 :  0.067 0.012 0.050 0.025 0.771 0.074 
484   CNR_30    (0)    7 :  0.050 0.038 0.013 0.042 0.810 0.046 
485   CNR_31    (0)    7 :  0.019 0.024 0.011 0.007 0.864 0.075 
486   CNR_32    (0)    7 :  0.010 0.006 0.005 0.008 0.964 0.007 
487   CNR_33    (0)    7 :  0.020 0.008 0.004 0.016 0.919 0.032 
488   CNR_34    (0)    7 :  0.150 0.065 0.013 0.039 0.676 0.057 
489   CNR_35    (6)    7 :  0.009 0.014 0.004 0.017 0.946 0.010 
490   CNR_36    (0)    7 :  0.017 0.576 0.036 0.037 0.313 0.021 
491   CNR_37    (0)    7 :  0.018 0.034 0.014 0.031 0.832 0.072 
492   CNR_38    (0)    7 :  0.045 0.016 0.008 0.037 0.794 0.100 
493   CNR_39    (0)    7 :  0.017 0.020 0.007 0.015 0.927 0.013 
494   CNR_40    (0)    7 :  0.080 0.018 0.037 0.017 0.732 0.115 
495   CNR_41    (6)    7 :  0.020 0.025 0.006 0.010 0.911 0.028 
496   CNR_42    (0)    7 :  0.022 0.007 0.009 0.009 0.942 0.011 
497   CNR_43    (0)    7 :  0.031 0.036 0.009 0.023 0.725 0.175 
498   CNR_44    (0)    7 :  0.021 0.045 0.011 0.613 0.285 0.025 
499   CNR_45    (0)    7 :  0.011 0.015 0.006 0.020 0.935 0.014 
500   CNR_46    (0)    7 :  0.011 0.021 0.007 0.014 0.931 0.016 
501   CNR_47    (0)    7 :  0.023 0.011 0.008 0.013 0.915 0.031 
502   CNR_48    (0)    7 :  0.009 0.007 0.007 0.010 0.957 0.009 
503   CNR_49    (0)    7 :  0.012 0.023 0.015 0.011 0.912 0.027 
504   CNR_50    (0)    7 :  0.020 0.014 0.309 0.168 0.380 0.110 
505   CNR_51    (0)    7 :  0.015 0.111 0.006 0.069 0.658 0.140 
506   CNR_52    (0)    7 :  0.013 0.014 0.047 0.010 0.896 0.021 
507   CNR_53    (0)    7 :  0.009 0.022 0.005 0.007 0.943 0.013 
508   CNR_54    (0)    7 :  0.037 0.140 0.010 0.011 0.770 0.032 
509   CNR_55    (0)    7 :  0.174 0.020 0.006 0.052 0.710 0.038 
510   CNR_56    (0)    7 :  0.027 0.158 0.006 0.015 0.763 0.031 
511   CNR_57    (0)    7 :  0.030 0.034 0.062 0.018 0.835 0.020 
512   CNR_58    (0)    7 :  0.024 0.016 0.050 0.024 0.862 0.024 
513   CNR_59    (0)    7 :  0.019 0.020 0.010 0.424 0.503 0.024 
514   CNR_60    (0)    7 :  0.140 0.016 0.018 0.022 0.779 0.025 
515   CNR_61    (0)    7 :  0.020 0.023 0.012 0.014 0.639 0.292 
516   CNR_62    (0)    7 :  0.053 0.013 0.014 0.017 0.831 0.071 
517   CNR_63    (0)    7 :  0.066 0.022 0.012 0.075 0.744 0.081 
518   CNR_64    (0)    7 :  0.031 0.024 0.012 0.022 0.895 0.015 
519   CNR_65    (0)    7 :  0.010 0.015 0.005 0.013 0.945 0.012 
