

----------------------------------------------------
STRUCTURE by Pritchard, Stephens and Donnelly (2000)
     and Falush, Stephens and Pritchard (2003)
       Code by Pritchard, Falush and Hubisz
             Version 2.3.4 (Jul 2012)
----------------------------------------------------



Command line arguments:   structure -m /global/home/hpc3579/salmon/mainparamsnewfoundlandfiles/mainparamsnewfoundland13 -e /global/home/hpc3579/salmon/extraparams_newfoundlandfile -K 13 
Input File:    /global/home/hpc3579/salmon/NewfoundlandStruc.txt

Run parameters:
   5235 individuals
   15 loci
   13 populations assumed
   100000 Burn-in period
   1000000 Reps


--------------------------------------------
Proportion of membership of each pre-defined
 population in each of the 13 clusters

Given    Inferred Clusters                                                                             Number of
 Pop       1      2      3      4      5      6      7      8      9     10     11     12     13      Individuals

  1:     0.021  0.018  0.019  0.015  0.749  0.033  0.032  0.009  0.018  0.015  0.026  0.021  0.023       68
  2:     0.100  0.167  0.050  0.052  0.048  0.125  0.088  0.030  0.017  0.091  0.038  0.096  0.099       76
  3:     0.086  0.162  0.040  0.045  0.051  0.195  0.058  0.019  0.014  0.057  0.033  0.186  0.054       75
  4:     0.049  0.055  0.063  0.093  0.237  0.172  0.079  0.025  0.030  0.036  0.060  0.061  0.038       78
  5:     0.029  0.060  0.029  0.029  0.031  0.032  0.049  0.014  0.014  0.056  0.054  0.038  0.565       80
  6:     0.648  0.041  0.043  0.018  0.025  0.034  0.027  0.019  0.011  0.026  0.023  0.045  0.041       77
  7:     0.734  0.023  0.016  0.010  0.018  0.023  0.032  0.013  0.014  0.024  0.022  0.032  0.039       99
  8:     0.047  0.045  0.047  0.029  0.049  0.044  0.089  0.023  0.019  0.098  0.091  0.078  0.341       78
  9:     0.091  0.554  0.029  0.019  0.033  0.033  0.030  0.015  0.018  0.054  0.043  0.040  0.042       74
 10:     0.024  0.030  0.024  0.017  0.033  0.049  0.661  0.011  0.014  0.035  0.036  0.036  0.029      100
 11:     0.021  0.041  0.024  0.026  0.081  0.543  0.042  0.023  0.021  0.035  0.051  0.032  0.059      100
 12:     0.065  0.058  0.036  0.027  0.026  0.038  0.049  0.019  0.019  0.052  0.085  0.052  0.473       75
 13:     0.060  0.065  0.030  0.031  0.022  0.043  0.048  0.009  0.011  0.083  0.061  0.039  0.497       77
 14:     0.051  0.045  0.042  0.032  0.033  0.044  0.059  0.020  0.021  0.052  0.081  0.078  0.442       82
 15:     0.024  0.044  0.028  0.025  0.025  0.030  0.064  0.011  0.016  0.060  0.045  0.062  0.566       75
 16:     0.126  0.192  0.037  0.047  0.036  0.141  0.093  0.029  0.016  0.085  0.037  0.109  0.052       56
 17:     0.035  0.060  0.030  0.016  0.018  0.028  0.052  0.010  0.015  0.062  0.055  0.076  0.544       70
 18:     0.727  0.028  0.025  0.019  0.013  0.037  0.023  0.016  0.010  0.023  0.018  0.038  0.024       82
 19:     0.018  0.022  0.022  0.028  0.636  0.073  0.042  0.011  0.020  0.022  0.034  0.046  0.025       75
 20:     0.019  0.029  0.022  0.023  0.208  0.043  0.432  0.017  0.012  0.045  0.060  0.041  0.050       57
 21:     0.020  0.016  0.014  0.037  0.776  0.014  0.022  0.012  0.018  0.018  0.016  0.015  0.020      111
 22:     0.037  0.036  0.045  0.186  0.163  0.090  0.061  0.017  0.079  0.039  0.134  0.059  0.056       88
 23:     0.095  0.098  0.042  0.024  0.041  0.129  0.244  0.019  0.027  0.076  0.060  0.085  0.060       69
 24:     0.043  0.033  0.019  0.014  0.012  0.014  0.546  0.012  0.012  0.044  0.040  0.035  0.175       75
 25:     0.034  0.047  0.031  0.036  0.510  0.060  0.075  0.009  0.014  0.052  0.045  0.046  0.040      100
 26:     0.586  0.044  0.031  0.030  0.016  0.020  0.102  0.009  0.013  0.022  0.050  0.022  0.056       76
 27:     0.039  0.031  0.039  0.056  0.369  0.090  0.113  0.016  0.013  0.078  0.043  0.074  0.039       84
 28:     0.020  0.024  0.049  0.061  0.552  0.034  0.064  0.013  0.014  0.044  0.052  0.041  0.033       74
 29:     0.009  0.008  0.010  0.816  0.047  0.016  0.009  0.009  0.011  0.038  0.008  0.010  0.008       51
 30:     0.031  0.021  0.016  0.025  0.678  0.036  0.029  0.039  0.016  0.020  0.024  0.028  0.034       75
 31:     0.009  0.008  0.008  0.007  0.009  0.009  0.010  0.895  0.007  0.009  0.008  0.010  0.010       71
 32:     0.074  0.061  0.047  0.024  0.032  0.031  0.037  0.018  0.022  0.065  0.081  0.090  0.418       66
 33:     0.044  0.061  0.527  0.037  0.024  0.040  0.058  0.012  0.017  0.033  0.031  0.076  0.041       81
 34:     0.049  0.035  0.045  0.022  0.025  0.160  0.106  0.018  0.018  0.033  0.036  0.410  0.044       50
 35:     0.055  0.106  0.018  0.024  0.016  0.023  0.062  0.010  0.013  0.452  0.053  0.053  0.114       50
 36:     0.021  0.027  0.015  0.013  0.012  0.022  0.031  0.009  0.015  0.029  0.761  0.016  0.029      100
 37:     0.025  0.032  0.626  0.022  0.024  0.032  0.035  0.013  0.017  0.030  0.030  0.085  0.030       94
 38:     0.055  0.383  0.053  0.204  0.016  0.044  0.039  0.014  0.019  0.035  0.053  0.038  0.046      100
 39:     0.049  0.040  0.061  0.019  0.032  0.174  0.103  0.019  0.010  0.059  0.047  0.315  0.072       50
 40:     0.061  0.114  0.041  0.027  0.036  0.054  0.074  0.014  0.023  0.226  0.155  0.079  0.095       98
 41:     0.020  0.024  0.018  0.018  0.028  0.010  0.053  0.021  0.017  0.321  0.077  0.374  0.019       50
 42:     0.014  0.015  0.816  0.012  0.016  0.024  0.017  0.012  0.008  0.016  0.012  0.023  0.016       99
 43:     0.072  0.092  0.046  0.034  0.031  0.045  0.093  0.015  0.018  0.249  0.125  0.062  0.120       99
 44:     0.037  0.063  0.042  0.030  0.023  0.067  0.061  0.017  0.012  0.068  0.055  0.475  0.051      100
 45:     0.037  0.063  0.074  0.031  0.019  0.227  0.128  0.012  0.019  0.081  0.061  0.160  0.089       48
 46:     0.036  0.046  0.607  0.025  0.036  0.036  0.047  0.006  0.009  0.034  0.033  0.040  0.045       28
 47:     0.037  0.069  0.059  0.023  0.048  0.117  0.089  0.015  0.038  0.034  0.111  0.295  0.064       50
 48:     0.063  0.051  0.070  0.019  0.017  0.482  0.082  0.016  0.016  0.020  0.024  0.103  0.035      100
 49:     0.041  0.058  0.041  0.025  0.016  0.049  0.075  0.020  0.013  0.040  0.033  0.529  0.061       50
 50:     0.038  0.046  0.574  0.027  0.025  0.026  0.037  0.010  0.021  0.069  0.037  0.034  0.057       41
 51:     0.060  0.059  0.040  0.020  0.028  0.042  0.064  0.019  0.018  0.058  0.041  0.495  0.057       50
 52:     0.021  0.031  0.015  0.015  0.015  0.019  0.018  0.010  0.012  0.791  0.020  0.017  0.015      100
 53:     0.042  0.025  0.022  0.015  0.031  0.020  0.028  0.010  0.016  0.045  0.664  0.031  0.051       98
 54:     0.067  0.124  0.114  0.047  0.029  0.116  0.069  0.013  0.023  0.061  0.165  0.110  0.063      100
 55:     0.008  0.008  0.007  0.007  0.008  0.008  0.007  0.008  0.905  0.009  0.008  0.008  0.008       95
 56:     0.031  0.157  0.021  0.032  0.041  0.040  0.036  0.012  0.007  0.456  0.075  0.028  0.065       50
 57:     0.054  0.074  0.066  0.047  0.085  0.210  0.089  0.018  0.016  0.057  0.048  0.177  0.059       70
 58:     0.036  0.042  0.537  0.031  0.021  0.042  0.047  0.010  0.015  0.027  0.062  0.082  0.048      100
 59:     0.049  0.082  0.042  0.026  0.041  0.049  0.081  0.010  0.016  0.085  0.056  0.411  0.052       50
 60:     0.010  0.597  0.013  0.238  0.012  0.018  0.015  0.006  0.007  0.038  0.013  0.017  0.015       50
 61:     0.030  0.154  0.049  0.026  0.028  0.078  0.094  0.020  0.016  0.137  0.102  0.175  0.090      100
 62:     0.023  0.037  0.678  0.024  0.015  0.020  0.025  0.013  0.016  0.043  0.039  0.035  0.032       41
 63:     0.035  0.063  0.539  0.032  0.019  0.050  0.050  0.010  0.015  0.043  0.046  0.061  0.037      100
 64:     0.019  0.388  0.038  0.118  0.018  0.056  0.056  0.012  0.014  0.071  0.069  0.101  0.039       50
 65:     0.034  0.054  0.510  0.030  0.031  0.041  0.037  0.011  0.028  0.054  0.056  0.046  0.070      100
 66:     0.050  0.050  0.053  0.046  0.017  0.167  0.057  0.031  0.016  0.043  0.047  0.379  0.044       49
 67:     0.066  0.095  0.068  0.028  0.028  0.095  0.073  0.031  0.017  0.060  0.051  0.325  0.064      100
 68:     0.036  0.067  0.134  0.042  0.034  0.069  0.057  0.018  0.012  0.220  0.076  0.189  0.048       50
 69:     0.025  0.448  0.035  0.102  0.017  0.038  0.058  0.013  0.009  0.071  0.038  0.095  0.052      100
--------------------------------------------

Allele-freq. divergence among pops (Net nucleotide distance),
computed using point estimates of P.

      1       2       3       4       5       6       7       8       9      10      11      12      13      
 1      -    0.0205  0.0367  0.0372  0.0466  0.0273  0.0209  0.0904  0.1055  0.0261  0.0215  0.0243  0.0185  
 2   0.0205     -    0.0281  0.0208  0.0370  0.0176  0.0161  0.0828  0.1028  0.0131  0.0155  0.0151  0.0120  
 3   0.0367  0.0281     -    0.0282  0.0554  0.0272  0.0268  0.1055  0.1114  0.0369  0.0307  0.0232  0.0296  
 4   0.0372  0.0208  0.0282     -    0.0437  0.0272  0.0270  0.0884  0.1013  0.0293  0.0230  0.0264  0.0265  
 5   0.0466  0.0370  0.0554  0.0437     -    0.0319  0.0290  0.0870  0.1071  0.0390  0.0390  0.0339  0.0363  
 6   0.0273  0.0176  0.0272  0.0272  0.0319     -    0.0167  0.0890  0.0966  0.0223  0.0230  0.0115  0.0216  
 7   0.0209  0.0161  0.0268  0.0270  0.0290  0.0167     -    0.0891  0.0946  0.0195  0.0168  0.0133  0.0162  
 8   0.0904  0.0828  0.1055  0.0884  0.0870  0.0890  0.0891     -    0.1411  0.0900  0.0782  0.0880  0.0815  
 9   0.1055  0.1028  0.1114  0.1013  0.1071  0.0966  0.0946  0.1411     -    0.0978  0.0932  0.0978  0.0979  
10   0.0261  0.0131  0.0369  0.0293  0.0390  0.0223  0.0195  0.0900  0.0978     -    0.0223  0.0171  0.0180  
11   0.0215  0.0155  0.0307  0.0230  0.0390  0.0230  0.0168  0.0782  0.0932  0.0223     -    0.0216  0.0142  
12   0.0243  0.0151  0.0232  0.0264  0.0339  0.0115  0.0133  0.0880  0.0978  0.0171  0.0216     -    0.0177  
13   0.0185  0.0120  0.0296  0.0265  0.0363  0.0216  0.0162  0.0815  0.0979  0.0180  0.0142  0.0177     -    

Average distances (expected heterozygosity) between individuals in same cluster:
cluster  1  : 0.8448 
cluster  2  : 0.8684 
cluster  3  : 0.8648 
cluster  4  : 0.8677 
cluster  5  : 0.8331 
cluster  6  : 0.8543 
cluster  7  : 0.8675 
cluster  8  : 0.7564 
cluster  9  : 0.7024 
cluster 10  : 0.8587 
cluster 11  : 0.8737 
cluster 12  : 0.8630 
cluster 13  : 0.8700 

--------------------------------------------
Estimated Ln Prob of Data   = -397464.3
Mean value of ln likelihood = -380135.3
Variance of ln likelihood   = 34657.9
Mean value of alpha         = 0.0461

Mean value of Fst_1         = 0.0291
Mean value of Fst_2         = 0.0170
Mean value of Fst_3         = 0.0249
Mean value of Fst_4         = 0.0456
Mean value of Fst_5         = 0.0373
Mean value of Fst_6         = 0.0230
Mean value of Fst_7         = 0.0217
Mean value of Fst_8         = 0.2018
Mean value of Fst_9         = 0.1970
Mean value of Fst_10         = 0.0252
Mean value of Fst_11         = 0.0209
Mean value of Fst_12         = 0.0143
Mean value of Fst_13         = 0.0175


Inferred ancestry of individuals:
        Label (%Miss) Pop:  Inferred clusters
  1    BBA_1    (0)    1 :  0.010 0.012 0.012 0.010 0.886 0.009 0.019 0.003 0.004 0.011 0.005 0.009 0.009 
  2    BBA_2    (0)    1 :  0.005 0.006 0.011 0.004 0.890 0.009 0.009 0.003 0.004 0.007 0.015 0.026 0.010 
  3    BBA_3    (0)    1 :  0.015 0.013 0.008 0.022 0.868 0.021 0.005 0.004 0.007 0.005 0.015 0.009 0.008 
  4    BBA_4    (0)    1 :  0.014 0.015 0.014 0.008 0.685 0.019 0.061 0.006 0.029 0.034 0.022 0.082 0.010 
  5    BBA_5    (0)    1 :  0.007 0.007 0.005 0.004 0.927 0.007 0.007 0.003 0.006 0.006 0.008 0.007 0.008 
  6    BBA_6    (0)    1 :  0.017 0.020 0.010 0.007 0.796 0.073 0.014 0.006 0.003 0.008 0.010 0.015 0.021 
  7    BBA_7    (0)    1 :  0.007 0.009 0.006 0.005 0.898 0.010 0.006 0.006 0.017 0.005 0.014 0.010 0.007 
  8    BBA_8    (0)    1 :  0.028 0.036 0.006 0.015 0.733 0.009 0.020 0.061 0.005 0.019 0.015 0.022 0.033 
  9    BBA_9    (0)    1 :  0.008 0.005 0.007 0.005 0.938 0.008 0.005 0.002 0.005 0.005 0.004 0.005 0.005 
 10   BBA_10    (0)    1 :  0.061 0.019 0.016 0.012 0.822 0.010 0.015 0.004 0.006 0.007 0.006 0.010 0.012 
 11   BBA_11    (0)    1 :  0.010 0.034 0.026 0.023 0.805 0.021 0.018 0.004 0.005 0.024 0.009 0.011 0.010 
 12   BBA_12    (0)    1 :  0.008 0.008 0.005 0.007 0.915 0.012 0.008 0.004 0.005 0.006 0.007 0.009 0.007 
 13   BBA_13    (0)    1 :  0.050 0.016 0.015 0.010 0.155 0.473 0.011 0.004 0.005 0.010 0.193 0.047 0.012 
 14   BBA_14    (0)    1 :  0.018 0.022 0.012 0.015 0.811 0.011 0.007 0.008 0.022 0.018 0.010 0.017 0.030 
 15   BBA_15    (0)    1 :  0.049 0.027 0.028 0.017 0.575 0.092 0.018 0.004 0.003 0.012 0.009 0.041 0.126 
 16   BBA_16    (0)    1 :  0.015 0.007 0.016 0.006 0.829 0.012 0.009 0.004 0.079 0.005 0.006 0.007 0.005 
 17   BBA_17    (0)    1 :  0.015 0.011 0.034 0.010 0.685 0.051 0.007 0.034 0.112 0.014 0.007 0.012 0.008 
 18   BBA_18    (0)    1 :  0.004 0.007 0.006 0.007 0.934 0.006 0.006 0.004 0.003 0.005 0.004 0.007 0.006 
 19   BBA_19    (0)    1 :  0.010 0.008 0.005 0.008 0.913 0.009 0.006 0.007 0.006 0.006 0.007 0.007 0.009 
 20   BBA_20    (0)    1 :  0.008 0.006 0.006 0.006 0.901 0.016 0.015 0.003 0.004 0.006 0.010 0.009 0.009 
 21   BBA_21    (0)    1 :  0.047 0.020 0.011 0.008 0.698 0.011 0.088 0.025 0.016 0.009 0.033 0.019 0.016 
 22   BBA_22    (0)    1 :  0.025 0.010 0.033 0.011 0.601 0.137 0.060 0.054 0.014 0.009 0.011 0.017 0.019 
 23   BBA_23    (0)    1 :  0.006 0.005 0.006 0.003 0.924 0.008 0.005 0.005 0.009 0.007 0.005 0.007 0.010 
 24   BBA_24    (0)    1 :  0.016 0.010 0.031 0.007 0.815 0.008 0.013 0.004 0.021 0.020 0.034 0.010 0.011 
 25   BBA_25    (0)    1 :  0.004 0.005 0.005 0.008 0.933 0.009 0.004 0.003 0.009 0.003 0.006 0.005 0.005 
 26   BBA_26    (0)    1 :  0.049 0.022 0.023 0.054 0.092 0.027 0.505 0.013 0.011 0.019 0.010 0.105 0.072 
 27   BBA_27    (0)    1 :  0.028 0.009 0.009 0.006 0.876 0.006 0.009 0.008 0.004 0.011 0.006 0.014 0.013 
 28   BBA_28    (0)    1 :  0.007 0.007 0.006 0.004 0.914 0.007 0.008 0.004 0.007 0.007 0.008 0.011 0.010 
 29   BBA_29    (0)    1 :  0.027 0.015 0.012 0.030 0.783 0.024 0.012 0.012 0.028 0.015 0.015 0.010 0.017 
 30   BBA_30    (0)    1 :  0.008 0.006 0.011 0.004 0.904 0.009 0.006 0.004 0.008 0.007 0.009 0.009 0.014 
 31   BBA_31    (0)    1 :  0.014 0.042 0.010 0.006 0.843 0.014 0.010 0.003 0.005 0.011 0.011 0.017 0.014 
 32   BBA_32    (0)    1 :  0.009 0.013 0.009 0.011 0.819 0.008 0.014 0.005 0.008 0.031 0.035 0.021 0.015 
 33   BBA_33    (0)    1 :  0.082 0.028 0.019 0.082 0.512 0.068 0.017 0.008 0.019 0.095 0.030 0.016 0.023 
 34   BBA_34    (0)    1 :  0.047 0.014 0.091 0.197 0.378 0.013 0.067 0.016 0.038 0.012 0.073 0.018 0.036 
 35   BBA_35    (0)    1 :  0.014 0.024 0.014 0.039 0.715 0.029 0.016 0.004 0.009 0.012 0.049 0.029 0.045 
 36   BBA_36    (0)    1 :  0.041 0.014 0.008 0.005 0.856 0.007 0.010 0.004 0.009 0.009 0.013 0.011 0.014 
 37   BBA_37    (0)    1 :  0.106 0.022 0.037 0.010 0.654 0.041 0.020 0.005 0.010 0.013 0.006 0.035 0.041 
 38   BBA_38    (0)    1 :  0.019 0.026 0.021 0.014 0.268 0.009 0.344 0.004 0.150 0.031 0.076 0.015 0.023 
 39   BBA_39    (0)    1 :  0.008 0.007 0.012 0.014 0.871 0.028 0.015 0.003 0.005 0.009 0.009 0.012 0.009 
 40   BBA_40    (0)    1 :  0.012 0.012 0.012 0.005 0.783 0.006 0.050 0.016 0.055 0.010 0.010 0.012 0.018 
 41   BBA_41    (0)    1 :  0.039 0.029 0.013 0.009 0.720 0.019 0.052 0.017 0.004 0.012 0.014 0.033 0.038 
 42   BBA_42    (0)    1 :  0.047 0.047 0.035 0.018 0.527 0.123 0.014 0.006 0.005 0.063 0.042 0.011 0.061 
 43   BBA_43    (0)    1 :  0.006 0.006 0.009 0.004 0.920 0.013 0.007 0.002 0.003 0.006 0.009 0.008 0.008 
 44   BBA_44    (0)    1 :  0.008 0.007 0.007 0.005 0.920 0.007 0.006 0.003 0.007 0.007 0.006 0.007 0.009 
 45   BBA_45    (0)    1 :  0.006 0.005 0.004 0.003 0.940 0.005 0.005 0.004 0.006 0.005 0.004 0.005 0.009 
 46   BBA_46    (0)    1 :  0.006 0.004 0.004 0.003 0.946 0.005 0.004 0.003 0.003 0.005 0.005 0.005 0.006 
 47   BBA_47    (0)    1 :  0.017 0.007 0.024 0.008 0.788 0.016 0.034 0.026 0.008 0.019 0.009 0.032 0.010 
 48   BBA_48    (0)    1 :  0.014 0.011 0.027 0.010 0.708 0.012 0.011 0.007 0.006 0.012 0.010 0.028 0.143 
 49   BBA_49    (0)    1 :  0.049 0.057 0.013 0.028 0.395 0.096 0.121 0.003 0.064 0.026 0.080 0.052 0.016 
 50   BBA_50    (0)    1 :  0.009 0.011 0.008 0.011 0.784 0.039 0.021 0.011 0.015 0.007 0.023 0.026 0.035 
 51   BBA_51    (0)    1 :  0.008 0.013 0.009 0.006 0.618 0.106 0.051 0.013 0.005 0.011 0.134 0.014 0.012 
 52   BBA_52    (0)    1 :  0.043 0.011 0.010 0.008 0.822 0.008 0.009 0.004 0.004 0.012 0.009 0.034 0.026 
 53   BBA_53    (0)    1 :  0.017 0.016 0.009 0.006 0.812 0.029 0.019 0.013 0.005 0.018 0.018 0.024 0.014 
 54   BBA_54    (0)    1 :  0.011 0.053 0.015 0.013 0.774 0.026 0.007 0.029 0.004 0.008 0.017 0.028 0.015 
 55   BBA_55    (0)    1 :  0.027 0.134 0.048 0.058 0.116 0.055 0.018 0.006 0.056 0.017 0.296 0.021 0.150 
 56   BBA_56    (0)    1 :  0.022 0.027 0.008 0.011 0.814 0.033 0.023 0.009 0.003 0.007 0.011 0.019 0.013 
 57   BBA_57    (0)    1 :  0.012 0.013 0.007 0.009 0.883 0.008 0.007 0.006 0.006 0.015 0.012 0.009 0.010 
 58   BBA_58    (0)    1 :  0.012 0.031 0.024 0.016 0.806 0.014 0.017 0.009 0.006 0.008 0.013 0.029 0.017 
 59   BBA_59    (0)    1 :  0.032 0.014 0.012 0.007 0.851 0.009 0.008 0.004 0.004 0.021 0.008 0.015 0.013 
 60   BBA_60    (0)    1 :  0.020 0.019 0.022 0.009 0.693 0.020 0.015 0.009 0.114 0.009 0.009 0.014 0.047 
 61   BBA_61    (0)    1 :  0.009 0.006 0.006 0.004 0.907 0.020 0.007 0.005 0.003 0.004 0.006 0.019 0.006 
 62   BBA_62    (0)    1 :  0.022 0.011 0.007 0.008 0.870 0.011 0.014 0.004 0.016 0.007 0.006 0.013 0.011 
 63   BBA_63    (0)    1 :  0.023 0.015 0.030 0.016 0.836 0.013 0.009 0.002 0.003 0.005 0.015 0.019 0.014 
 64   BBA_64    (0)    1 :  0.006 0.005 0.006 0.004 0.920 0.007 0.006 0.006 0.009 0.007 0.009 0.006 0.009 
 65   BBA_65    (0)    1 :  0.034 0.045 0.041 0.025 0.671 0.045 0.009 0.011 0.014 0.035 0.031 0.019 0.020 
 66   BBA_66    (0)    1 :  0.009 0.016 0.236 0.008 0.273 0.012 0.110 0.005 0.015 0.078 0.043 0.160 0.035 
 67   BBA_67    (0)    1 :  0.008 0.025 0.018 0.012 0.813 0.038 0.010 0.005 0.007 0.009 0.032 0.009 0.012 
 68   BBA_68    (0)    1 :  0.008 0.016 0.019 0.010 0.626 0.102 0.018 0.007 0.051 0.010 0.078 0.050 0.008 
 69    BDN_1    (0)    2 :  0.093 0.035 0.023 0.016 0.006 0.023 0.010 0.004 0.026 0.535 0.179 0.024 0.028 
 70    BDN_2    (0)    2 :  0.070 0.211 0.011 0.030 0.017 0.032 0.062 0.016 0.004 0.137 0.071 0.155 0.185 
 71    BDN_3    (0)    2 :  0.059 0.013 0.042 0.048 0.021 0.017 0.020 0.187 0.056 0.060 0.032 0.400 0.045 
 72    BDN_4   (13)    2 :  0.041 0.179 0.366 0.029 0.012 0.117 0.018 0.010 0.005 0.066 0.018 0.116 0.021 
 73    BDN_5   (13)    2 :  0.085 0.370 0.069 0.038 0.020 0.016 0.144 0.016 0.012 0.023 0.011 0.171 0.023 
 74    BDN_6    (6)    2 :  0.020 0.084 0.029 0.007 0.010 0.136 0.103 0.114 0.009 0.054 0.109 0.131 0.195 
 75    BDN_7    (0)    2 :  0.025 0.094 0.011 0.013 0.007 0.394 0.033 0.013 0.010 0.015 0.017 0.038 0.330 
 76    BDN_8    (6)    2 :  0.109 0.053 0.029 0.013 0.008 0.007 0.120 0.017 0.014 0.144 0.028 0.039 0.420 
 77    BDN_9    (0)    2 :  0.018 0.105 0.039 0.026 0.418 0.033 0.023 0.005 0.004 0.096 0.018 0.199 0.017 
 78   BDN_10    (0)    2 :  0.019 0.118 0.023 0.056 0.233 0.255 0.009 0.007 0.003 0.031 0.065 0.164 0.018 
 79   BDN_11    (0)    2 :  0.091 0.201 0.073 0.018 0.006 0.246 0.153 0.014 0.012 0.011 0.055 0.057 0.063 
 80   BDN_12    (0)    2 :  0.055 0.148 0.011 0.013 0.008 0.152 0.063 0.004 0.004 0.344 0.014 0.114 0.069 
 81   BDN_13   (13)    2 :  0.020 0.446 0.063 0.029 0.014 0.061 0.025 0.012 0.027 0.202 0.012 0.076 0.014 
 82   BDN_14    (0)    2 :  0.020 0.046 0.041 0.011 0.027 0.027 0.041 0.003 0.010 0.569 0.091 0.063 0.052 
 83   BDN_15    (6)    2 :  0.236 0.027 0.009 0.007 0.013 0.051 0.116 0.031 0.025 0.285 0.017 0.138 0.048 
 84   BDN_16    (6)    2 :  0.085 0.025 0.121 0.014 0.077 0.382 0.097 0.005 0.020 0.018 0.040 0.056 0.062 
 85   BDN_17   (13)    2 :  0.020 0.029 0.016 0.134 0.010 0.340 0.014 0.185 0.078 0.121 0.011 0.031 0.011 
 86   BDN_18    (0)    2 :  0.045 0.520 0.043 0.008 0.015 0.030 0.032 0.004 0.003 0.080 0.038 0.145 0.037 
 87   BDN_19    (0)    2 :  0.045 0.088 0.012 0.389 0.029 0.152 0.150 0.004 0.011 0.032 0.009 0.067 0.011 
 88   BDN_20   (13)    2 :  0.270 0.042 0.068 0.019 0.047 0.055 0.045 0.047 0.088 0.078 0.028 0.155 0.057 
 89   BDN_21   (13)    2 :  0.015 0.059 0.014 0.157 0.025 0.563 0.035 0.005 0.038 0.016 0.013 0.047 0.014 
 90   BDN_22    (6)    2 :  0.043 0.064 0.007 0.015 0.592 0.061 0.039 0.020 0.018 0.024 0.039 0.053 0.025 
 91   BDN_23    (0)    2 :  0.456 0.030 0.020 0.040 0.060 0.035 0.286 0.006 0.005 0.019 0.010 0.021 0.013 
 92   BDN_24    (0)    2 :  0.173 0.434 0.010 0.030 0.018 0.079 0.015 0.008 0.016 0.087 0.029 0.029 0.072 
 93   BDN_25   (13)    2 :  0.108 0.564 0.012 0.063 0.018 0.050 0.028 0.007 0.009 0.038 0.015 0.014 0.074 
 94   BDN_26    (0)    2 :  0.173 0.184 0.008 0.024 0.033 0.067 0.036 0.371 0.004 0.048 0.019 0.019 0.013 
 95   BDN_27    (0)    2 :  0.070 0.505 0.015 0.055 0.013 0.029 0.008 0.004 0.005 0.073 0.024 0.178 0.021 
 96   BDN_28   (13)    2 :  0.036 0.138 0.133 0.032 0.014 0.158 0.208 0.005 0.014 0.038 0.055 0.078 0.091 
 97   BDN_29    (0)    2 :  0.591 0.027 0.013 0.010 0.023 0.015 0.031 0.067 0.006 0.015 0.060 0.128 0.013 
 98   BDN_30    (0)    2 :  0.013 0.028 0.015 0.020 0.023 0.444 0.076 0.010 0.105 0.186 0.042 0.029 0.009 
 99   BDN_31    (0)    2 :  0.021 0.076 0.028 0.020 0.029 0.709 0.053 0.004 0.005 0.011 0.007 0.014 0.022 
100   BDN_32    (0)    2 :  0.025 0.020 0.009 0.007 0.054 0.012 0.016 0.007 0.007 0.020 0.073 0.577 0.172 
101   BDN_33    (0)    2 :  0.020 0.087 0.005 0.037 0.007 0.692 0.013 0.009 0.014 0.038 0.028 0.029 0.021 
102   BDN_34    (0)    2 :  0.035 0.027 0.532 0.010 0.007 0.224 0.036 0.005 0.003 0.061 0.016 0.017 0.027 
103   BDN_35    (0)    2 :  0.016 0.704 0.010 0.085 0.022 0.011 0.014 0.003 0.006 0.045 0.026 0.043 0.014 
104   BDN_36    (0)    2 :  0.090 0.294 0.011 0.028 0.025 0.058 0.128 0.024 0.005 0.013 0.046 0.234 0.043 
105   BDN_37    (0)    2 :  0.046 0.139 0.015 0.102 0.016 0.186 0.379 0.018 0.007 0.019 0.030 0.024 0.018 
106   BDN_38    (0)    2 :  0.029 0.251 0.016 0.056 0.014 0.014 0.087 0.421 0.006 0.014 0.017 0.008 0.067 
107   BDN_39    (0)    2 :  0.023 0.271 0.029 0.300 0.031 0.017 0.047 0.003 0.003 0.063 0.012 0.114 0.086 
108   BDN_40    (0)    2 :  0.078 0.085 0.009 0.335 0.006 0.014 0.043 0.016 0.009 0.336 0.016 0.016 0.037 
109   BDN_41    (0)    2 :  0.058 0.113 0.091 0.012 0.013 0.041 0.082 0.042 0.005 0.102 0.023 0.382 0.038 
110   BDN_42   (13)    2 :  0.208 0.054 0.067 0.012 0.013 0.304 0.153 0.011 0.003 0.045 0.014 0.082 0.034 
111   BDN_43    (6)    2 :  0.065 0.350 0.285 0.025 0.012 0.014 0.038 0.004 0.013 0.024 0.026 0.041 0.105 
112   BDN_44    (0)    2 :  0.115 0.190 0.014 0.011 0.049 0.032 0.113 0.004 0.028 0.133 0.021 0.061 0.227 
113   BDN_45    (0)    2 :  0.382 0.065 0.019 0.016 0.010 0.013 0.053 0.007 0.020 0.216 0.131 0.016 0.052 
114   BDN_46   (13)    2 :  0.007 0.038 0.042 0.027 0.031 0.036 0.030 0.009 0.005 0.580 0.062 0.040 0.092 
115   BDN_47    (0)    2 :  0.226 0.015 0.106 0.012 0.027 0.016 0.076 0.010 0.040 0.067 0.057 0.305 0.044 
116   BDN_48    (0)    2 :  0.044 0.095 0.076 0.020 0.021 0.019 0.241 0.004 0.005 0.011 0.061 0.096 0.307 
117   BDN_49    (0)    2 :  0.200 0.363 0.034 0.235 0.015 0.014 0.032 0.003 0.004 0.016 0.013 0.013 0.058 
118   BDN_50    (0)    2 :  0.261 0.287 0.037 0.014 0.021 0.046 0.024 0.005 0.004 0.166 0.008 0.080 0.048 
119   BDN_51    (0)    2 :  0.069 0.252 0.016 0.026 0.022 0.089 0.121 0.019 0.003 0.108 0.115 0.044 0.116 
120   BDN_52    (0)    2 :  0.067 0.471 0.021 0.021 0.009 0.138 0.017 0.010 0.009 0.108 0.010 0.071 0.049 
121   BDN_53    (0)    2 :  0.118 0.058 0.109 0.035 0.037 0.036 0.056 0.003 0.009 0.023 0.012 0.149 0.355 
122   BDN_54   (13)    2 :  0.012 0.126 0.013 0.008 0.594 0.109 0.043 0.021 0.008 0.013 0.009 0.033 0.011 
123   BDN_55    (6)    2 :  0.015 0.040 0.008 0.011 0.052 0.429 0.034 0.006 0.003 0.032 0.021 0.029 0.319 
124   BDN_56   (13)    2 :  0.256 0.466 0.038 0.065 0.012 0.014 0.031 0.003 0.004 0.021 0.025 0.028 0.036 
125   BDN_57    (6)    2 :  0.189 0.227 0.016 0.056 0.025 0.018 0.083 0.010 0.090 0.035 0.091 0.079 0.082 
126   BDN_58    (6)    2 :  0.046 0.051 0.011 0.062 0.026 0.337 0.016 0.027 0.008 0.059 0.178 0.068 0.109 
127   BDN_59    (6)    2 :  0.624 0.047 0.014 0.015 0.037 0.059 0.024 0.022 0.087 0.008 0.023 0.014 0.025 
128   BDN_60    (6)    2 :  0.044 0.197 0.034 0.040 0.010 0.381 0.010 0.016 0.032 0.025 0.014 0.175 0.022 
129   BDN_61    (0)    2 :  0.123 0.119 0.177 0.130 0.013 0.023 0.025 0.023 0.005 0.091 0.022 0.078 0.170 
130   BDN_62    (0)    2 :  0.374 0.080 0.048 0.007 0.022 0.159 0.026 0.004 0.005 0.054 0.032 0.036 0.153 
131   BDN_63    (6)    2 :  0.022 0.060 0.024 0.023 0.032 0.017 0.078 0.166 0.014 0.260 0.100 0.168 0.037 
132   BDN_64    (0)    2 :  0.083 0.088 0.038 0.103 0.026 0.024 0.515 0.007 0.005 0.010 0.012 0.075 0.014 
133   BDN_65    (0)    2 :  0.043 0.121 0.018 0.014 0.163 0.029 0.045 0.025 0.032 0.064 0.028 0.209 0.209 
134   BDN_66   (13)    2 :  0.028 0.398 0.033 0.234 0.027 0.018 0.171 0.006 0.004 0.014 0.011 0.044 0.012 
135   BDN_67    (0)    2 :  0.006 0.039 0.011 0.036 0.057 0.018 0.699 0.006 0.009 0.008 0.030 0.021 0.061 
136   BDN_68    (6)    2 :  0.012 0.052 0.017 0.023 0.011 0.022 0.106 0.025 0.028 0.049 0.069 0.042 0.543 
137   BDN_69    (0)    2 :  0.077 0.193 0.020 0.010 0.010 0.025 0.038 0.008 0.006 0.113 0.067 0.312 0.123 
138   BDN_70    (6)    2 :  0.014 0.061 0.013 0.013 0.013 0.700 0.056 0.006 0.021 0.015 0.018 0.034 0.035 
139   BDN_71    (6)    2 :  0.150 0.377 0.025 0.176 0.039 0.020 0.014 0.007 0.007 0.052 0.032 0.082 0.018 
140   BDN_72    (0)    2 :  0.016 0.016 0.025 0.023 0.025 0.010 0.015 0.004 0.005 0.011 0.014 0.052 0.783 
141   BDN_73    (0)    2 :  0.020 0.032 0.191 0.011 0.021 0.010 0.016 0.004 0.012 0.056 0.018 0.092 0.517 
142   BDN_74    (0)    2 :  0.129 0.025 0.008 0.017 0.010 0.077 0.553 0.009 0.006 0.015 0.018 0.049 0.084 
143   BDN_75    (0)    2 :  0.020 0.524 0.025 0.032 0.013 0.028 0.007 0.030 0.020 0.147 0.027 0.109 0.019 
144   BDN_76    (0)    2 :  0.009 0.166 0.046 0.023 0.086 0.235 0.161 0.005 0.020 0.078 0.012 0.103 0.055 
145   BDNB_1    (0)    3 :  0.036 0.243 0.036 0.038 0.008 0.046 0.034 0.076 0.004 0.374 0.010 0.026 0.070 
146   BDNB_2    (0)    3 :  0.015 0.360 0.031 0.037 0.018 0.167 0.026 0.007 0.008 0.071 0.097 0.049 0.114 
147   BDNB_3    (0)    3 :  0.022 0.297 0.009 0.061 0.049 0.015 0.011 0.018 0.009 0.019 0.288 0.022 0.179 
148   BDNB_4    (0)    3 :  0.032 0.369 0.027 0.075 0.007 0.033 0.034 0.010 0.005 0.223 0.027 0.111 0.046 
149   BDNB_5    (0)    3 :  0.019 0.040 0.056 0.013 0.027 0.452 0.010 0.016 0.003 0.017 0.010 0.321 0.017 
150   BDNB_6    (0)    3 :  0.051 0.259 0.011 0.031 0.127 0.223 0.037 0.041 0.011 0.043 0.014 0.124 0.029 
151   BDNB_7    (0)    3 :  0.015 0.179 0.041 0.334 0.016 0.040 0.026 0.003 0.105 0.074 0.053 0.081 0.034 
152   BDNB_8    (0)    3 :  0.230 0.129 0.011 0.019 0.019 0.034 0.281 0.026 0.028 0.042 0.011 0.108 0.062 
153   BDNB_9    (0)    3 :  0.008 0.014 0.008 0.008 0.007 0.886 0.006 0.006 0.006 0.007 0.017 0.014 0.013 
154  BDNB_10    (0)    3 :  0.028 0.058 0.014 0.018 0.059 0.607 0.049 0.019 0.004 0.022 0.015 0.060 0.048 
155  BDNB_11    (0)    3 :  0.008 0.279 0.018 0.041 0.009 0.028 0.014 0.005 0.005 0.021 0.017 0.533 0.023 
156  BDNB_12    (0)    3 :  0.012 0.283 0.015 0.014 0.006 0.023 0.009 0.004 0.005 0.025 0.034 0.550 0.021 
157  BDNB_13    (0)    3 :  0.077 0.209 0.069 0.107 0.040 0.195 0.084 0.005 0.008 0.061 0.012 0.115 0.019 
158  BDNB_14    (0)    3 :  0.128 0.085 0.008 0.027 0.332 0.150 0.172 0.004 0.012 0.023 0.024 0.015 0.019 
159  BDNB_15    (0)    3 :  0.019 0.021 0.010 0.009 0.006 0.006 0.015 0.004 0.004 0.006 0.006 0.016 0.878 
160  BDNB_16    (0)    3 :  0.035 0.042 0.025 0.013 0.473 0.052 0.039 0.005 0.014 0.030 0.088 0.101 0.083 
161  BDNB_17    (6)    3 :  0.015 0.137 0.015 0.030 0.021 0.103 0.023 0.005 0.086 0.349 0.053 0.134 0.030 
162  BDNB_18    (0)    3 :  0.010 0.344 0.025 0.009 0.024 0.031 0.056 0.016 0.025 0.047 0.012 0.386 0.015 
163  BDNB_19    (0)    3 :  0.008 0.302 0.026 0.038 0.016 0.028 0.014 0.005 0.007 0.050 0.013 0.479 0.014 
164  BDNB_20    (0)    3 :  0.041 0.019 0.047 0.013 0.051 0.676 0.012 0.012 0.031 0.017 0.014 0.039 0.027 
165  BDNB_21    (0)    3 :  0.703 0.021 0.010 0.004 0.006 0.009 0.164 0.005 0.011 0.012 0.029 0.018 0.010 
166  BDNB_22    (0)    3 :  0.014 0.082 0.090 0.007 0.019 0.019 0.061 0.004 0.009 0.045 0.008 0.630 0.011 
167  BDNB_23    (0)    3 :  0.826 0.033 0.012 0.013 0.007 0.010 0.012 0.004 0.005 0.012 0.030 0.013 0.023 
168  BDNB_24    (0)    3 :  0.105 0.163 0.255 0.016 0.158 0.126 0.011 0.006 0.005 0.031 0.041 0.065 0.021 
169  BDNB_25    (0)    3 :  0.144 0.054 0.013 0.023 0.016 0.079 0.025 0.011 0.005 0.446 0.116 0.031 0.036 
170  BDNB_26    (0)    3 :  0.065 0.232 0.028 0.019 0.012 0.073 0.008 0.010 0.005 0.019 0.008 0.227 0.293 
171  BDNB_27    (0)    3 :  0.132 0.341 0.011 0.083 0.059 0.030 0.022 0.006 0.003 0.014 0.005 0.279 0.014 
172  BDNB_28    (0)    3 :  0.014 0.502 0.084 0.064 0.042 0.142 0.012 0.005 0.022 0.010 0.016 0.061 0.026 
173  BDNB_29    (0)    3 :  0.066 0.094 0.013 0.009 0.040 0.054 0.019 0.223 0.016 0.028 0.044 0.066 0.327 
174  BDNB_30    (0)    3 :  0.026 0.054 0.082 0.033 0.308 0.277 0.012 0.039 0.042 0.008 0.025 0.060 0.033 
175  BDNB_31    (0)    3 :  0.036 0.036 0.048 0.010 0.065 0.076 0.565 0.003 0.016 0.046 0.018 0.054 0.028 
176  BDNB_32    (0)    3 :  0.277 0.053 0.021 0.008 0.012 0.485 0.053 0.003 0.007 0.045 0.014 0.012 0.010 
177  BDNB_33    (0)    3 :  0.041 0.054 0.012 0.009 0.161 0.363 0.153 0.005 0.037 0.028 0.075 0.033 0.030 
178  BDNB_34    (0)    3 :  0.125 0.291 0.024 0.011 0.051 0.294 0.038 0.006 0.004 0.050 0.017 0.064 0.024 
179  BDNB_35    (0)    3 :  0.029 0.040 0.018 0.007 0.011 0.765 0.050 0.005 0.002 0.008 0.012 0.031 0.022 
180  BDNB_36    (0)    3 :  0.157 0.056 0.129 0.041 0.278 0.083 0.044 0.058 0.005 0.013 0.015 0.015 0.106 
181  BDNB_37    (0)    3 :  0.011 0.344 0.007 0.114 0.005 0.214 0.011 0.224 0.007 0.014 0.008 0.014 0.027 
182  BDNB_38    (0)    3 :  0.056 0.290 0.015 0.017 0.020 0.046 0.017 0.007 0.042 0.018 0.011 0.448 0.013 
183  BDNB_39    (0)    3 :  0.172 0.463 0.013 0.063 0.015 0.013 0.012 0.017 0.029 0.006 0.011 0.056 0.130 
184  BDNB_40    (0)    3 :  0.054 0.080 0.011 0.072 0.012 0.378 0.047 0.024 0.019 0.019 0.022 0.248 0.014 
185  BDNB_41    (0)    3 :  0.009 0.043 0.019 0.032 0.014 0.031 0.018 0.026 0.010 0.106 0.019 0.666 0.008 
186  BDNB_42    (0)    3 :  0.067 0.197 0.049 0.006 0.023 0.009 0.036 0.004 0.008 0.016 0.010 0.564 0.012 
187  BDNB_43    (0)    3 :  0.057 0.232 0.084 0.031 0.025 0.025 0.014 0.013 0.009 0.090 0.030 0.371 0.019 
188  BDNB_44    (0)    3 :  0.023 0.050 0.067 0.032 0.025 0.555 0.015 0.006 0.008 0.040 0.054 0.083 0.042 
189  BDNB_45    (0)    3 :  0.028 0.045 0.039 0.011 0.024 0.640 0.065 0.052 0.021 0.012 0.030 0.016 0.018 
190  BDNB_46    (0)    3 :  0.015 0.022 0.056 0.006 0.025 0.741 0.039 0.019 0.003 0.010 0.026 0.028 0.011 
191  BDNB_47    (0)    3 :  0.008 0.010 0.010 0.010 0.009 0.818 0.052 0.007 0.005 0.011 0.012 0.033 0.017 
192  BDNB_48    (0)    3 :  0.336 0.174 0.029 0.010 0.020 0.088 0.093 0.064 0.004 0.041 0.022 0.110 0.011 
193  BDNB_49    (0)    3 :  0.017 0.242 0.025 0.019 0.024 0.015 0.037 0.014 0.019 0.033 0.010 0.458 0.087 
194  BDNB_50    (0)    3 :  0.055 0.261 0.013 0.009 0.011 0.010 0.020 0.006 0.006 0.042 0.011 0.544 0.011 
195  BDNB_51    (0)    3 :  0.008 0.036 0.009 0.008 0.009 0.139 0.661 0.005 0.023 0.043 0.016 0.024 0.018 
196  BDNB_52    (0)    3 :  0.188 0.149 0.019 0.136 0.011 0.188 0.039 0.004 0.007 0.026 0.024 0.038 0.170 
197  BDNB_53    (0)    3 :  0.015 0.317 0.029 0.010 0.033 0.044 0.078 0.005 0.065 0.053 0.013 0.315 0.024 
198  BDNB_54    (0)    3 :  0.035 0.333 0.012 0.021 0.007 0.023 0.006 0.003 0.016 0.020 0.019 0.497 0.008 
199  BDNB_55    (0)    3 :  0.317 0.118 0.014 0.092 0.112 0.031 0.030 0.008 0.003 0.020 0.015 0.222 0.019 
200  BDNB_56    (6)    3 :  0.009 0.089 0.010 0.192 0.018 0.233 0.057 0.007 0.019 0.070 0.155 0.074 0.067 
201  BDNB_57    (0)    3 :  0.088 0.039 0.011 0.009 0.459 0.163 0.085 0.024 0.005 0.009 0.016 0.081 0.011 
202  BDNB_58    (0)    3 :  0.058 0.083 0.015 0.018 0.010 0.531 0.191 0.005 0.003 0.028 0.017 0.028 0.014 
203  BDNB_59    (0)    3 :  0.106 0.110 0.119 0.019 0.041 0.139 0.088 0.076 0.005 0.046 0.043 0.155 0.051 
204  BDNB_60    (0)    3 :  0.010 0.268 0.048 0.006 0.028 0.010 0.030 0.005 0.010 0.048 0.006 0.518 0.012 
205  BDNB_61    (0)    3 :  0.056 0.072 0.133 0.057 0.023 0.491 0.037 0.004 0.004 0.040 0.015 0.062 0.006 
206  BDNB_62    (0)    3 :  0.086 0.179 0.011 0.023 0.010 0.046 0.009 0.026 0.004 0.013 0.019 0.323 0.249 
207  BDNB_63    (0)    3 :  0.010 0.043 0.015 0.106 0.021 0.232 0.033 0.005 0.003 0.043 0.007 0.478 0.005 
208  BDNB_64    (6)    3 :  0.013 0.038 0.084 0.012 0.019 0.086 0.050 0.010 0.005 0.241 0.014 0.415 0.014 
209  BDNB_65    (0)    3 :  0.028 0.042 0.068 0.015 0.009 0.764 0.010 0.005 0.003 0.023 0.006 0.020 0.007 
210  BDNB_66    (0)    3 :  0.006 0.304 0.014 0.020 0.014 0.018 0.014 0.006 0.009 0.040 0.016 0.532 0.009 
211  BDNB_67    (0)    3 :  0.007 0.032 0.033 0.320 0.013 0.062 0.014 0.022 0.009 0.043 0.368 0.045 0.032 
212  BDNB_68    (0)    3 :  0.070 0.219 0.107 0.086 0.045 0.273 0.039 0.013 0.004 0.052 0.016 0.033 0.043 
213  BDNB_69    (0)    3 :  0.034 0.085 0.073 0.141 0.012 0.425 0.109 0.004 0.005 0.027 0.028 0.031 0.024 
214  BDNB_70    (0)    3 :  0.010 0.135 0.203 0.011 0.019 0.023 0.011 0.023 0.005 0.233 0.014 0.307 0.006 
215  BDNB_71    (0)    3 :  0.027 0.567 0.037 0.182 0.042 0.023 0.010 0.005 0.005 0.009 0.008 0.073 0.014 
216  BDNB_72    (0)    3 :  0.021 0.143 0.083 0.008 0.014 0.383 0.027 0.003 0.009 0.175 0.013 0.081 0.041 
217  BDNB_73    (0)    3 :  0.063 0.155 0.026 0.038 0.015 0.020 0.013 0.003 0.004 0.122 0.049 0.460 0.032 
218  BDNB_74    (0)    3 :  0.005 0.303 0.013 0.075 0.016 0.023 0.013 0.003 0.011 0.020 0.008 0.497 0.012 
219  BDNB_75    (0)    3 :  0.668 0.083 0.029 0.011 0.009 0.011 0.024 0.006 0.028 0.052 0.039 0.029 0.011 
220    BSB_1    (0)    4 :  0.083 0.023 0.018 0.010 0.114 0.160 0.028 0.012 0.011 0.032 0.270 0.013 0.227 
221    BSB_2    (0)    4 :  0.008 0.018 0.023 0.012 0.291 0.494 0.084 0.007 0.006 0.024 0.007 0.014 0.013 
222    BSB_3    (0)    4 :  0.022 0.032 0.540 0.038 0.011 0.040 0.032 0.004 0.015 0.006 0.116 0.133 0.010 
223    BSB_4    (0)    4 :  0.018 0.145 0.010 0.013 0.590 0.089 0.017 0.006 0.007 0.018 0.018 0.063 0.007 
224    BSB_5    (0)    4 :  0.021 0.024 0.052 0.016 0.718 0.049 0.035 0.014 0.005 0.010 0.021 0.020 0.013 
225    BSB_6    (0)    4 :  0.014 0.015 0.013 0.029 0.835 0.010 0.011 0.006 0.009 0.020 0.014 0.012 0.011 
226    BSB_7   (33)    4 :  0.035 0.048 0.017 0.013 0.143 0.133 0.021 0.268 0.033 0.043 0.048 0.152 0.047 
227    BSB_8    (0)    4 :  0.019 0.096 0.028 0.014 0.039 0.023 0.280 0.007 0.236 0.023 0.036 0.107 0.094 
228    BSB_9    (0)    4 :  0.018 0.022 0.448 0.012 0.049 0.031 0.142 0.005 0.008 0.017 0.011 0.210 0.027 
229   BSB_10    (0)    4 :  0.030 0.032 0.037 0.039 0.034 0.695 0.017 0.025 0.005 0.016 0.034 0.019 0.016 
230   BSB_11    (0)    4 :  0.068 0.034 0.064 0.181 0.152 0.046 0.088 0.005 0.253 0.009 0.061 0.025 0.015 
231   BSB_12    (0)    4 :  0.205 0.026 0.052 0.033 0.050 0.329 0.033 0.030 0.106 0.013 0.025 0.020 0.079 
232   BSB_13    (0)    4 :  0.010 0.069 0.013 0.171 0.049 0.409 0.024 0.046 0.008 0.031 0.075 0.077 0.019 
233   BSB_14    (0)    4 :  0.009 0.031 0.025 0.006 0.085 0.666 0.016 0.013 0.007 0.044 0.056 0.031 0.012 
234   BSB_15    (0)    4 :  0.263 0.013 0.005 0.008 0.176 0.083 0.106 0.059 0.032 0.020 0.164 0.020 0.051 
235   BSB_16    (6)    4 :  0.088 0.045 0.062 0.015 0.383 0.165 0.086 0.008 0.004 0.038 0.022 0.065 0.018 
236   BSB_17    (0)    4 :  0.010 0.022 0.006 0.018 0.087 0.793 0.011 0.004 0.011 0.011 0.010 0.008 0.007 
237   BSB_18    (0)    4 :  0.017 0.015 0.050 0.150 0.160 0.010 0.203 0.004 0.068 0.010 0.147 0.158 0.008 
238   BSB_19    (0)    4 :  0.026 0.402 0.009 0.017 0.359 0.028 0.012 0.044 0.010 0.007 0.065 0.012 0.007 
239   BSB_20    (0)    4 :  0.025 0.069 0.005 0.028 0.316 0.040 0.166 0.006 0.059 0.125 0.057 0.062 0.043 
240   BSB_21    (0)    4 :  0.006 0.043 0.010 0.311 0.078 0.445 0.014 0.004 0.007 0.012 0.015 0.015 0.040 
241   BSB_22    (0)    4 :  0.011 0.012 0.602 0.052 0.047 0.033 0.073 0.004 0.010 0.015 0.060 0.052 0.028 
242   BSB_23    (0)    4 :  0.047 0.023 0.090 0.041 0.513 0.125 0.016 0.008 0.019 0.047 0.015 0.047 0.009 
243   BSB_24    (0)    4 :  0.010 0.007 0.010 0.017 0.713 0.135 0.015 0.004 0.053 0.006 0.012 0.009 0.009 
244   BSB_25    (0)    4 :  0.030 0.016 0.058 0.069 0.650 0.061 0.019 0.006 0.026 0.011 0.012 0.028 0.013 
245   BSB_26    (0)    4 :  0.013 0.024 0.025 0.033 0.671 0.090 0.023 0.005 0.009 0.039 0.015 0.032 0.022 
246   BSB_27    (0)    4 :  0.170 0.034 0.011 0.043 0.277 0.062 0.051 0.003 0.011 0.066 0.197 0.054 0.022 
247   BSB_28    (0)    4 :  0.008 0.014 0.343 0.012 0.025 0.159 0.098 0.036 0.015 0.054 0.017 0.211 0.008 
248   BSB_29    (0)    4 :  0.006 0.012 0.015 0.016 0.751 0.024 0.048 0.062 0.010 0.009 0.018 0.017 0.012 
249   BSB_30    (0)    4 :  0.011 0.029 0.093 0.022 0.190 0.271 0.206 0.005 0.008 0.035 0.010 0.093 0.027 
250   BSB_31    (0)    4 :  0.078 0.440 0.020 0.087 0.015 0.011 0.037 0.032 0.007 0.029 0.122 0.098 0.024 
251   BSB_32    (0)    4 :  0.007 0.013 0.011 0.009 0.853 0.022 0.017 0.005 0.004 0.010 0.009 0.020 0.019 
252   BSB_33    (0)    4 :  0.054 0.020 0.025 0.048 0.134 0.063 0.047 0.010 0.015 0.010 0.179 0.318 0.077 
253   BSB_34    (0)    4 :  0.011 0.110 0.015 0.017 0.507 0.041 0.024 0.013 0.017 0.045 0.105 0.069 0.026 
254   BSB_35    (0)    4 :  0.021 0.006 0.012 0.005 0.882 0.015 0.017 0.006 0.003 0.010 0.007 0.011 0.006 
255   BSB_36    (0)    4 :  0.143 0.025 0.008 0.023 0.324 0.039 0.244 0.022 0.013 0.053 0.074 0.016 0.014 
256   BSB_37    (0)    4 :  0.007 0.036 0.015 0.037 0.573 0.117 0.041 0.004 0.012 0.095 0.022 0.012 0.028 
257   BSB_38   (60)    4 :  0.009 0.019 0.007 0.908 0.004 0.004 0.005 0.004 0.006 0.005 0.011 0.006 0.013 
258   BSB_39    (0)    4 :  0.101 0.171 0.016 0.015 0.027 0.037 0.010 0.038 0.056 0.013 0.016 0.401 0.098 
259   BSB_40    (0)    4 :  0.089 0.026 0.012 0.023 0.392 0.013 0.032 0.007 0.004 0.016 0.023 0.034 0.329 
260   BSB_41    (0)    4 :  0.038 0.042 0.067 0.025 0.049 0.432 0.048 0.151 0.010 0.060 0.025 0.036 0.017 
261   BSB_42    (0)    4 :  0.028 0.029 0.016 0.041 0.231 0.032 0.302 0.029 0.091 0.030 0.050 0.014 0.108 
262   BSB_43    (0)    4 :  0.023 0.048 0.008 0.031 0.210 0.056 0.009 0.009 0.007 0.007 0.562 0.013 0.017 
263   BSB_44    (0)    4 :  0.014 0.036 0.287 0.024 0.321 0.028 0.012 0.090 0.058 0.038 0.035 0.030 0.028 
264   BSB_45    (0)    4 :  0.079 0.061 0.017 0.023 0.054 0.538 0.046 0.003 0.009 0.017 0.038 0.079 0.037 
265   BSB_46    (0)    4 :  0.017 0.067 0.019 0.043 0.082 0.604 0.018 0.015 0.039 0.013 0.017 0.028 0.039 
266   BSB_47    (0)    4 :  0.024 0.038 0.009 0.023 0.480 0.066 0.067 0.013 0.059 0.137 0.013 0.049 0.022 
267   BSB_48    (0)    4 :  0.229 0.111 0.011 0.021 0.060 0.043 0.344 0.014 0.006 0.016 0.051 0.033 0.062 
268   BSB_49    (0)    4 :  0.027 0.112 0.010 0.199 0.087 0.021 0.028 0.024 0.008 0.011 0.054 0.019 0.402 
