

----------------------------------------------------
STRUCTURE by Pritchard, Stephens and Donnelly (2000)
     and Falush, Stephens and Pritchard (2003)
       Code by Pritchard, Falush and Hubisz
             Version 2.3.4 (Jul 2012)
----------------------------------------------------



Command line arguments:   structure -m /global/home/hpc3579/salmon/mainparamsnewfoundlandfiles/mainparamsnewfoundland12 -e /global/home/hpc3579/salmon/extraparams_newfoundlandfile -K 12 
Input File:    /global/home/hpc3579/salmon/NewfoundlandStruc.txt

Run parameters:
   5235 individuals
   15 loci
   12 populations assumed
   100000 Burn-in period
   1000000 Reps


--------------------------------------------
Proportion of membership of each pre-defined
 population in each of the 12 clusters

Given    Inferred Clusters                                                                      Number of
 Pop       1      2      3      4      5      6      7      8      9     10     11     12      Individuals

  1:     0.017  0.009  0.036  0.023  0.020  0.026  0.014  0.015  0.749  0.023  0.039  0.028       68
  2:     0.018  0.030  0.087  0.124  0.057  0.080  0.136  0.130  0.051  0.110  0.133  0.044       76
  3:     0.013  0.021  0.087  0.117  0.049  0.160  0.088  0.116  0.051  0.057  0.204  0.037       75
  4:     0.027  0.026  0.083  0.057  0.064  0.110  0.092  0.036  0.209  0.043  0.200  0.052       78
  5:     0.015  0.016  0.063  0.032  0.032  0.035  0.052  0.057  0.034  0.558  0.038  0.067       80
  6:     0.011  0.021  0.036  0.667  0.048  0.038  0.027  0.031  0.026  0.046  0.023  0.026       77
  7:     0.016  0.013  0.026  0.743  0.018  0.032  0.018  0.027  0.019  0.048  0.018  0.023       99
  8:     0.020  0.022  0.128  0.048  0.053  0.066  0.040  0.095  0.050  0.322  0.051  0.106       78
  9:     0.018  0.017  0.044  0.446  0.038  0.067  0.064  0.086  0.039  0.061  0.043  0.078       74
 10:     0.013  0.010  0.730  0.027  0.021  0.037  0.021  0.027  0.028  0.019  0.034  0.033      100
 11:     0.019  0.017  0.078  0.025  0.025  0.064  0.028  0.029  0.071  0.039  0.560  0.045      100
 12:     0.019  0.020  0.067  0.073  0.037  0.045  0.043  0.055  0.028  0.445  0.062  0.105       75
 13:     0.011  0.010  0.056  0.067  0.033  0.044  0.056  0.088  0.023  0.482  0.056  0.074       77
 14:     0.021  0.021  0.082  0.062  0.045  0.054  0.033  0.058  0.032  0.423  0.068  0.101       82
 15:     0.016  0.012  0.052  0.025  0.030  0.057  0.040  0.059  0.027  0.581  0.041  0.058       75
 16:     0.017  0.029  0.122  0.156  0.039  0.120  0.162  0.110  0.036  0.051  0.109  0.048       56
 17:     0.015  0.011  0.045  0.037  0.034  0.056  0.049  0.075  0.020  0.550  0.028  0.079       70
 18:     0.010  0.017  0.021  0.748  0.027  0.049  0.021  0.024  0.014  0.029  0.018  0.022       82
 19:     0.021  0.011  0.078  0.019  0.024  0.046  0.020  0.029  0.598  0.024  0.096  0.034       75
 20:     0.011  0.015  0.607  0.020  0.021  0.023  0.020  0.027  0.140  0.041  0.030  0.045       57
 21:     0.019  0.012  0.019  0.021  0.015  0.015  0.038  0.018  0.788  0.020  0.018  0.017      111
 22:     0.049  0.014  0.043  0.027  0.033  0.037  0.017  0.030  0.069  0.043  0.579  0.058       88
 23:     0.030  0.020  0.273  0.125  0.049  0.127  0.059  0.068  0.039  0.083  0.053  0.074       69
 24:     0.014  0.014  0.024  0.057  0.027  0.034  0.034  0.047  0.015  0.658  0.017  0.060       75
 25:     0.013  0.009  0.167  0.036  0.028  0.042  0.039  0.054  0.458  0.034  0.081  0.040      100
 26:     0.014  0.009  0.081  0.588  0.038  0.020  0.040  0.023  0.018  0.073  0.035  0.061       76
 27:     0.013  0.016  0.230  0.040  0.048  0.063  0.050  0.070  0.340  0.031  0.054  0.046       84
 28:     0.014  0.012  0.087  0.022  0.049  0.027  0.023  0.049  0.495  0.037  0.139  0.045       74
 29:     0.008  0.008  0.010  0.010  0.011  0.013  0.149  0.039  0.038  0.008  0.698  0.008       51
 30:     0.016  0.039  0.032  0.031  0.018  0.035  0.019  0.019  0.675  0.033  0.059  0.024       75
 31:     0.007  0.900  0.010  0.009  0.009  0.009  0.009  0.009  0.009  0.010  0.010  0.009       71
 32:     0.023  0.019  0.059  0.085  0.056  0.070  0.052  0.081  0.034  0.380  0.039  0.101       66
 33:     0.017  0.012  0.051  0.046  0.551  0.069  0.047  0.038  0.023  0.049  0.063  0.033       81
 34:     0.018  0.020  0.117  0.054  0.050  0.427  0.042  0.064  0.034  0.072  0.051  0.051       50
 35:     0.014  0.010  0.057  0.061  0.020  0.039  0.095  0.450  0.017  0.131  0.027  0.078       50
 36:     0.016  0.010  0.031  0.020  0.016  0.018  0.021  0.027  0.012  0.031  0.022  0.776      100
 37:     0.017  0.013  0.046  0.025  0.645  0.064  0.035  0.037  0.025  0.029  0.035  0.029       94
 38:     0.019  0.014  0.028  0.047  0.054  0.041  0.596  0.030  0.019  0.059  0.040  0.054      100
 39:     0.011  0.019  0.096  0.050  0.072  0.399  0.044  0.080  0.038  0.079  0.050  0.063       50
 40:     0.024  0.014  0.105  0.066  0.046  0.059  0.092  0.240  0.035  0.096  0.044  0.179       98
 41:     0.016  0.020  0.031  0.019  0.018  0.029  0.021  0.718  0.028  0.023  0.017  0.059       50
 42:     0.008  0.012  0.025  0.015  0.821  0.027  0.017  0.018  0.016  0.014  0.016  0.012       99
 43:     0.018  0.015  0.106  0.080  0.049  0.043  0.095  0.256  0.032  0.117  0.042  0.146       99
 44:     0.013  0.019  0.098  0.040  0.046  0.404  0.069  0.123  0.024  0.062  0.043  0.059      100
 45:     0.017  0.013  0.160  0.039  0.078  0.278  0.068  0.086  0.020  0.086  0.086  0.071       48
 46:     0.009  0.006  0.047  0.037  0.624  0.043  0.039  0.041  0.030  0.049  0.044  0.030       28
 47:     0.040  0.015  0.091  0.042  0.066  0.354  0.068  0.035  0.050  0.063  0.048  0.128       50
 48:     0.017  0.016  0.069  0.067  0.078  0.562  0.041  0.023  0.019  0.041  0.042  0.025      100
 49:     0.011  0.024  0.098  0.063  0.050  0.430  0.047  0.099  0.018  0.076  0.042  0.043       50
 50:     0.021  0.010  0.034  0.038  0.596  0.032  0.040  0.065  0.026  0.060  0.037  0.041       41
 51:     0.019  0.024  0.082  0.070  0.049  0.392  0.044  0.107  0.038  0.077  0.043  0.056       50
 52:     0.013  0.012  0.025  0.023  0.017  0.021  0.046  0.761  0.019  0.018  0.019  0.027      100
 53:     0.016  0.011  0.030  0.038  0.024  0.025  0.020  0.053  0.030  0.046  0.023  0.685       98
 54:     0.023  0.014  0.048  0.073  0.119  0.160  0.108  0.067  0.030  0.081  0.111  0.166      100
 55:     0.909  0.008  0.008  0.008  0.008  0.008  0.007  0.009  0.008  0.008  0.010  0.008       95
 56:     0.007  0.013  0.064  0.045  0.022  0.032  0.149  0.428  0.042  0.067  0.039  0.092       50
 57:     0.017  0.019  0.146  0.063  0.070  0.242  0.087  0.080  0.093  0.065  0.070  0.050       70
 58:     0.015  0.010  0.043  0.043  0.567  0.066  0.034  0.029  0.021  0.048  0.055  0.069      100
 59:     0.016  0.011  0.110  0.063  0.042  0.356  0.054  0.123  0.044  0.062  0.058  0.061       50
 60:     0.007  0.005  0.016  0.010  0.012  0.015  0.849  0.028  0.012  0.014  0.019  0.013       50
 61:     0.017  0.021  0.119  0.037  0.056  0.118  0.103  0.207  0.031  0.093  0.064  0.134      100
 62:     0.016  0.013  0.028  0.022  0.699  0.023  0.027  0.052  0.015  0.036  0.026  0.044       41
 63:     0.015  0.010  0.046  0.041  0.562  0.058  0.061  0.044  0.020  0.042  0.051  0.048      100
 64:     0.014  0.013  0.064  0.022  0.037  0.095  0.514  0.079  0.020  0.039  0.032  0.072       50
 65:     0.028  0.011  0.034  0.042  0.534  0.045  0.034  0.057  0.031  0.066  0.058  0.059      100
 66:     0.017  0.033  0.049  0.053  0.052  0.514  0.047  0.047  0.017  0.061  0.055  0.054       49
 67:     0.018  0.034  0.081  0.078  0.080  0.295  0.060  0.103  0.029  0.087  0.076  0.059      100
 68:     0.011  0.020  0.087  0.035  0.138  0.096  0.063  0.318  0.034  0.048  0.077  0.072       50
 69:     0.009  0.014  0.069  0.034  0.035  0.068  0.533  0.087  0.018  0.055  0.034  0.043      100
--------------------------------------------

Allele-freq. divergence among pops (Net nucleotide distance),
computed using point estimates of P.

      1       2       3       4       5       6       7       8       9      10      11      12      
 1      -    0.1406  0.0965  0.1039  0.1107  0.0996  0.1077  0.0966  0.1079  0.0948  0.0873  0.0935  
 2   0.1406     -    0.0841  0.0870  0.1029  0.0901  0.0835  0.0869  0.0860  0.0811  0.0790  0.0774  
 3   0.0965  0.0841     -    0.0195  0.0265  0.0140  0.0162  0.0145  0.0232  0.0133  0.0129  0.0168  
 4   0.1039  0.0870  0.0195     -    0.0334  0.0228  0.0223  0.0235  0.0429  0.0146  0.0268  0.0180  
 5   0.1107  0.1029  0.0265  0.0334     -    0.0218  0.0292  0.0342  0.0542  0.0264  0.0248  0.0287  
 6   0.0996  0.0901  0.0140  0.0228  0.0218     -    0.0215  0.0186  0.0381  0.0191  0.0172  0.0222  
 7   0.1077  0.0835  0.0162  0.0223  0.0292  0.0215     -    0.0158  0.0426  0.0157  0.0179  0.0176  
 8   0.0966  0.0869  0.0145  0.0235  0.0342  0.0186  0.0158     -    0.0368  0.0169  0.0203  0.0208  
 9   0.1079  0.0860  0.0232  0.0429  0.0542  0.0381  0.0426  0.0368     -    0.0355  0.0245  0.0392  
10   0.0948  0.0811  0.0133  0.0146  0.0264  0.0191  0.0157  0.0169  0.0355     -    0.0171  0.0114  
11   0.0873  0.0790  0.0129  0.0268  0.0248  0.0172  0.0179  0.0203  0.0245  0.0171     -    0.0168  
12   0.0935  0.0774  0.0168  0.0180  0.0287  0.0222  0.0176  0.0208  0.0392  0.0114  0.0168     -    

Average distances (expected heterozygosity) between individuals in same cluster:
cluster  1  : 0.7010 
cluster  2  : 0.7587 
cluster  3  : 0.8654 
cluster  4  : 0.8503 
cluster  5  : 0.8660 
cluster  6  : 0.8557 
cluster  7  : 0.8675 
cluster  8  : 0.8610 
cluster  9  : 0.8331 
cluster 10  : 0.8742 
cluster 11  : 0.8709 
cluster 12  : 0.8745 

--------------------------------------------
Estimated Ln Prob of Data   = -388345.5
Mean value of ln likelihood = -381349.6
Variance of ln likelihood   = 13991.9
Mean value of alpha         = 0.0463

Mean value of Fst_1         = 0.1958
Mean value of Fst_2         = 0.1966
Mean value of Fst_3         = 0.0200
Mean value of Fst_4         = 0.0253
Mean value of Fst_5         = 0.0235
Mean value of Fst_6         = 0.0154
Mean value of Fst_7         = 0.0163
Mean value of Fst_8         = 0.0214
Mean value of Fst_9         = 0.0380
Mean value of Fst_10         = 0.0158
Mean value of Fst_11         = 0.0219
Mean value of Fst_12         = 0.0191


Inferred ancestry of individuals:
        Label (%Miss) Pop:  Inferred clusters
  1    BBA_1    (0)    1 :  0.004 0.003 0.016 0.010 0.013 0.008 0.017 0.009 0.885 0.011 0.018 0.005 
  2    BBA_2    (0)    1 :  0.004 0.003 0.008 0.005 0.011 0.017 0.006 0.009 0.907 0.011 0.006 0.014 
  3    BBA_3    (0)    1 :  0.007 0.004 0.005 0.018 0.008 0.014 0.009 0.005 0.865 0.008 0.044 0.014 
  4    BBA_4    (0)    1 :  0.027 0.006 0.060 0.016 0.014 0.055 0.011 0.032 0.730 0.011 0.016 0.020 
  5    BBA_5    (0)    1 :  0.006 0.003 0.008 0.007 0.005 0.006 0.005 0.006 0.932 0.008 0.007 0.008 
  6    BBA_6    (0)    1 :  0.003 0.005 0.020 0.016 0.011 0.023 0.018 0.007 0.849 0.016 0.020 0.011 
  7    BBA_7    (0)    1 :  0.016 0.006 0.005 0.007 0.006 0.011 0.005 0.005 0.908 0.007 0.010 0.013 
  8    BBA_8    (0)    1 :  0.005 0.066 0.019 0.044 0.007 0.011 0.013 0.022 0.694 0.037 0.067 0.014 
  9    BBA_9    (0)    1 :  0.005 0.003 0.005 0.007 0.007 0.005 0.006 0.004 0.944 0.005 0.007 0.004 
 10   BBA_10    (0)    1 :  0.007 0.004 0.017 0.082 0.018 0.011 0.012 0.007 0.800 0.012 0.024 0.007 
 11   BBA_11    (0)    1 :  0.005 0.004 0.038 0.011 0.025 0.011 0.046 0.021 0.796 0.010 0.025 0.009 
 12   BBA_12    (0)    1 :  0.005 0.004 0.012 0.009 0.005 0.013 0.007 0.006 0.906 0.007 0.018 0.007 
 13   BBA_13    (0)    1 :  0.005 0.004 0.025 0.057 0.014 0.347 0.008 0.010 0.213 0.010 0.119 0.188 
 14   BBA_14    (0)    1 :  0.022 0.008 0.009 0.022 0.012 0.011 0.019 0.022 0.823 0.021 0.022 0.010 
 15   BBA_15    (0)    1 :  0.003 0.004 0.012 0.042 0.025 0.125 0.020 0.011 0.607 0.119 0.022 0.009 
 16   BBA_16    (0)    1 :  0.092 0.005 0.011 0.013 0.018 0.008 0.006 0.006 0.794 0.006 0.036 0.005 
 17   BBA_17    (0)    1 :  0.098 0.031 0.006 0.016 0.030 0.025 0.008 0.012 0.734 0.008 0.025 0.008 
 18   BBA_18    (0)    1 :  0.003 0.004 0.006 0.005 0.006 0.007 0.007 0.005 0.939 0.006 0.008 0.004 
 19   BBA_19    (0)    1 :  0.005 0.007 0.006 0.010 0.005 0.007 0.007 0.006 0.919 0.008 0.013 0.007 
 20   BBA_20    (0)    1 :  0.004 0.003 0.014 0.007 0.006 0.011 0.006 0.007 0.912 0.011 0.011 0.009 
 21   BBA_21    (0)    1 :  0.017 0.025 0.073 0.047 0.012 0.012 0.026 0.010 0.708 0.024 0.013 0.032 
 22   BBA_22    (0)    1 :  0.016 0.050 0.086 0.024 0.037 0.031 0.010 0.008 0.625 0.018 0.083 0.011 
 23   BBA_23    (0)    1 :  0.009 0.006 0.006 0.005 0.006 0.007 0.005 0.007 0.929 0.009 0.006 0.005 
 24   BBA_24    (0)    1 :  0.021 0.004 0.019 0.016 0.031 0.008 0.008 0.016 0.822 0.011 0.010 0.034 
 25   BBA_25    (0)    1 :  0.009 0.003 0.005 0.004 0.004 0.008 0.004 0.004 0.935 0.005 0.013 0.006 
 26   BBA_26    (0)    1 :  0.010 0.010 0.658 0.041 0.023 0.040 0.032 0.030 0.037 0.082 0.030 0.009 
 27   BBA_27    (0)    1 :  0.004 0.008 0.012 0.026 0.009 0.010 0.009 0.010 0.888 0.010 0.007 0.007 
 28   BBA_28    (0)    1 :  0.007 0.004 0.006 0.006 0.006 0.009 0.005 0.007 0.922 0.013 0.007 0.008 
 29   BBA_29    (0)    1 :  0.027 0.011 0.011 0.029 0.011 0.013 0.011 0.010 0.784 0.016 0.064 0.014 
 30   BBA_30    (0)    1 :  0.008 0.004 0.006 0.007 0.011 0.008 0.005 0.007 0.915 0.012 0.008 0.009 
 31   BBA_31    (0)    1 :  0.005 0.003 0.019 0.015 0.010 0.011 0.010 0.011 0.862 0.013 0.028 0.012 
 32   BBA_32    (0)    1 :  0.008 0.006 0.017 0.010 0.009 0.015 0.012 0.025 0.835 0.016 0.011 0.034 
 33   BBA_33    (0)    1 :  0.017 0.008 0.016 0.081 0.019 0.024 0.024 0.056 0.411 0.028 0.289 0.026 
 34   BBA_34    (0)    1 :  0.035 0.016 0.056 0.040 0.104 0.013 0.015 0.012 0.367 0.048 0.232 0.063 
 35   BBA_35    (0)    1 :  0.009 0.004 0.013 0.014 0.014 0.032 0.021 0.011 0.676 0.053 0.106 0.048 
 36   BBA_36    (0)    1 :  0.009 0.004 0.007 0.034 0.008 0.007 0.011 0.008 0.877 0.016 0.007 0.012 
 37   BBA_37    (0)    1 :  0.009 0.005 0.021 0.116 0.037 0.046 0.010 0.015 0.672 0.030 0.031 0.007 
 38   BBA_38    (0)    1 :  0.150 0.004 0.372 0.018 0.018 0.013 0.025 0.017 0.262 0.020 0.007 0.093 
 39   BBA_39    (0)    1 :  0.004 0.003 0.014 0.007 0.012 0.014 0.007 0.007 0.885 0.010 0.028 0.008 
 40   BBA_40    (0)    1 :  0.058 0.017 0.037 0.013 0.013 0.007 0.009 0.011 0.791 0.020 0.012 0.012 
 41   BBA_41    (0)    1 :  0.005 0.016 0.080 0.047 0.014 0.027 0.013 0.012 0.719 0.036 0.018 0.015 
 42   BBA_42    (0)    1 :  0.005 0.006 0.026 0.049 0.042 0.026 0.047 0.037 0.540 0.072 0.097 0.053 
 43   BBA_43    (0)    1 :  0.003 0.002 0.007 0.006 0.009 0.009 0.005 0.006 0.929 0.008 0.008 0.009 
 44   BBA_44    (0)    1 :  0.007 0.003 0.007 0.009 0.007 0.006 0.006 0.006 0.924 0.008 0.010 0.006 
 45   BBA_45    (0)    1 :  0.006 0.003 0.005 0.006 0.004 0.005 0.004 0.005 0.943 0.008 0.005 0.004 
 46   BBA_46    (0)    1 :  0.003 0.002 0.005 0.005 0.004 0.005 0.004 0.005 0.951 0.006 0.004 0.005 
 47   BBA_47    (0)    1 :  0.009 0.025 0.100 0.016 0.026 0.029 0.006 0.021 0.724 0.011 0.023 0.010 
 48   BBA_48    (0)    1 :  0.006 0.008 0.011 0.014 0.029 0.017 0.011 0.013 0.758 0.108 0.012 0.012 
 49   BBA_49    (0)    1 :  0.052 0.003 0.044 0.072 0.014 0.093 0.023 0.035 0.435 0.043 0.086 0.101 
 50   BBA_50    (0)    1 :  0.014 0.010 0.009 0.009 0.008 0.037 0.009 0.008 0.799 0.051 0.026 0.021 
 51   BBA_51    (0)    1 :  0.005 0.013 0.064 0.008 0.010 0.029 0.012 0.012 0.657 0.014 0.039 0.138 
 52   BBA_52    (0)    1 :  0.005 0.004 0.010 0.051 0.012 0.020 0.009 0.017 0.817 0.028 0.018 0.010 
 53   BBA_53    (0)    1 :  0.005 0.013 0.097 0.015 0.010 0.020 0.011 0.020 0.761 0.015 0.014 0.017 
 54   BBA_54    (0)    1 :  0.004 0.028 0.012 0.015 0.017 0.035 0.032 0.010 0.714 0.014 0.098 0.020 
 55   BBA_55    (0)    1 :  0.053 0.006 0.028 0.031 0.050 0.023 0.087 0.017 0.118 0.080 0.128 0.380 
 56   BBA_56    (0)    1 :  0.003 0.008 0.036 0.025 0.008 0.033 0.021 0.007 0.816 0.012 0.019 0.011 
 57   BBA_57    (0)    1 :  0.007 0.006 0.010 0.012 0.007 0.008 0.016 0.011 0.891 0.009 0.011 0.013 
 58   BBA_58    (0)    1 :  0.006 0.010 0.017 0.015 0.026 0.025 0.039 0.009 0.802 0.018 0.020 0.014 
 59   BBA_59    (0)    1 :  0.004 0.004 0.010 0.039 0.013 0.012 0.011 0.026 0.839 0.015 0.017 0.009 
 60   BBA_60    (0)    1 :  0.110 0.009 0.016 0.024 0.022 0.014 0.010 0.009 0.618 0.047 0.112 0.010 
 61   BBA_61    (0)    1 :  0.003 0.005 0.009 0.009 0.007 0.026 0.005 0.004 0.917 0.005 0.006 0.005 
 62   BBA_62    (0)    1 :  0.015 0.004 0.010 0.023 0.007 0.011 0.009 0.008 0.881 0.013 0.012 0.006 
 63   BBA_63    (0)    1 :  0.003 0.002 0.009 0.026 0.032 0.018 0.013 0.006 0.834 0.015 0.026 0.015 
 64   BBA_64    (0)    1 :  0.009 0.006 0.005 0.005 0.006 0.006 0.005 0.006 0.927 0.010 0.006 0.008 
 65   BBA_65    (0)    1 :  0.013 0.010 0.010 0.043 0.041 0.022 0.024 0.040 0.684 0.025 0.058 0.032 
 66   BBA_66    (0)    1 :  0.014 0.005 0.051 0.010 0.287 0.041 0.011 0.122 0.307 0.090 0.015 0.048 
 67   BBA_67    (0)    1 :  0.007 0.005 0.015 0.010 0.018 0.014 0.021 0.009 0.643 0.013 0.215 0.031 
 68   BBA_68    (0)    1 :  0.046 0.006 0.011 0.007 0.019 0.125 0.014 0.014 0.640 0.011 0.040 0.065 
 69    BDN_1    (0)    2 :  0.027 0.004 0.014 0.093 0.023 0.028 0.028 0.511 0.006 0.020 0.048 0.198 
 70    BDN_2    (0)    2 :  0.004 0.015 0.083 0.072 0.012 0.062 0.031 0.262 0.018 0.120 0.242 0.079 
 71    BDN_3    (0)    2 :  0.059 0.225 0.065 0.078 0.059 0.197 0.017 0.128 0.029 0.051 0.045 0.047 
 72    BDN_4   (13)    2 :  0.006 0.012 0.034 0.050 0.392 0.030 0.021 0.193 0.014 0.019 0.208 0.021 
 73    BDN_5   (13)    2 :  0.014 0.017 0.337 0.110 0.090 0.100 0.193 0.045 0.026 0.030 0.023 0.015 
 74    BDN_6    (6)    2 :  0.008 0.104 0.088 0.019 0.021 0.427 0.014 0.037 0.008 0.166 0.017 0.091 
 75    BDN_7    (0)    2 :  0.011 0.015 0.014 0.027 0.011 0.049 0.081 0.012 0.007 0.472 0.282 0.019 
 76    BDN_8    (6)    2 :  0.014 0.020 0.109 0.101 0.024 0.010 0.042 0.169 0.007 0.455 0.012 0.035 
 77    BDN_9    (0)    2 :  0.005 0.006 0.015 0.025 0.042 0.047 0.049 0.292 0.454 0.020 0.028 0.020 
 78   BDN_10    (0)    2 :  0.003 0.005 0.014 0.020 0.021 0.060 0.051 0.043 0.126 0.017 0.587 0.053 
 79   BDN_11    (0)    2 :  0.012 0.015 0.036 0.175 0.091 0.286 0.048 0.012 0.006 0.087 0.166 0.068 
 80   BDN_12    (0)    2 :  0.004 0.004 0.022 0.055 0.010 0.279 0.023 0.429 0.008 0.074 0.072 0.019 
 81   BDN_13   (13)    2 :  0.028 0.013 0.101 0.023 0.073 0.042 0.266 0.376 0.015 0.013 0.036 0.014 
 82   BDN_14    (0)    2 :  0.010 0.003 0.116 0.030 0.053 0.037 0.014 0.542 0.024 0.041 0.040 0.089 
 83   BDN_15    (6)    2 :  0.026 0.027 0.028 0.255 0.008 0.103 0.010 0.461 0.011 0.047 0.010 0.014 
 84   BDN_16    (6)    2 :  0.013 0.005 0.069 0.054 0.075 0.036 0.019 0.018 0.057 0.078 0.547 0.028 
 85   BDN_17   (13)    2 :  0.106 0.191 0.032 0.039 0.022 0.156 0.146 0.141 0.011 0.012 0.129 0.015 
 86   BDN_18    (0)    2 :  0.003 0.004 0.126 0.164 0.062 0.050 0.066 0.383 0.020 0.041 0.022 0.059 
 87   BDN_19    (0)    2 :  0.007 0.003 0.014 0.016 0.006 0.009 0.007 0.016 0.011 0.008 0.895 0.006 
 88   BDN_20   (13)    2 :  0.091 0.050 0.058 0.234 0.080 0.156 0.046 0.076 0.049 0.055 0.063 0.043 
 89   BDN_21   (13)    2 :  0.025 0.006 0.017 0.015 0.011 0.238 0.014 0.012 0.015 0.012 0.621 0.014 
 90   BDN_22    (6)    2 :  0.018 0.019 0.042 0.053 0.007 0.047 0.018 0.033 0.602 0.034 0.082 0.045 
 91   BDN_23    (0)    2 :  0.005 0.007 0.088 0.519 0.033 0.029 0.054 0.018 0.080 0.052 0.101 0.014 
 92   BDN_24    (0)    2 :  0.015 0.008 0.028 0.155 0.012 0.025 0.491 0.108 0.019 0.033 0.067 0.041 
 93   BDN_25   (13)    2 :  0.010 0.008 0.059 0.279 0.013 0.015 0.264 0.059 0.023 0.123 0.128 0.020 
 94   BDN_26    (0)    2 :  0.004 0.345 0.013 0.420 0.008 0.033 0.017 0.041 0.036 0.015 0.046 0.021 
 95   BDN_27    (0)    2 :  0.005 0.005 0.016 0.104 0.020 0.041 0.202 0.378 0.020 0.018 0.151 0.041 
 96   BDN_28   (13)    2 :  0.014 0.004 0.031 0.030 0.112 0.315 0.167 0.038 0.013 0.185 0.031 0.059 
 97   BDN_29    (0)    2 :  0.006 0.068 0.020 0.659 0.015 0.076 0.012 0.019 0.023 0.017 0.015 0.069 
 98   BDN_30    (0)    2 :  0.138 0.009 0.206 0.014 0.018 0.133 0.041 0.292 0.031 0.012 0.040 0.066 
 99   BDN_31    (0)    2 :  0.004 0.003 0.069 0.018 0.014 0.016 0.030 0.008 0.021 0.020 0.788 0.007 
100   BDN_32    (0)    2 :  0.009 0.008 0.018 0.030 0.013 0.135 0.030 0.052 0.091 0.460 0.019 0.132 
101   BDN_33    (0)    2 :  0.020 0.013 0.045 0.037 0.007 0.129 0.362 0.079 0.009 0.042 0.221 0.035 
102   BDN_34    (0)    2 :  0.003 0.005 0.028 0.035 0.684 0.062 0.030 0.043 0.008 0.029 0.049 0.023 
103   BDN_35    (0)    2 :  0.008 0.003 0.022 0.020 0.012 0.011 0.592 0.170 0.031 0.013 0.083 0.036 
104   BDN_36    (0)    2 :  0.005 0.037 0.060 0.231 0.014 0.120 0.069 0.037 0.032 0.086 0.245 0.064 
105   BDN_37    (0)    2 :  0.009 0.020 0.225 0.037 0.015 0.036 0.525 0.017 0.020 0.020 0.047 0.030 
106   BDN_38    (0)    2 :  0.006 0.423 0.128 0.028 0.015 0.008 0.303 0.012 0.014 0.034 0.011 0.018 
107   BDN_39    (0)    2 :  0.003 0.003 0.031 0.016 0.022 0.020 0.814 0.024 0.016 0.031 0.011 0.009 
108   BDN_40    (0)    2 :  0.008 0.014 0.014 0.036 0.008 0.008 0.780 0.026 0.005 0.062 0.028 0.011 
109   BDN_41    (0)    2 :  0.005 0.041 0.086 0.078 0.105 0.229 0.038 0.305 0.013 0.050 0.020 0.030 
110   BDN_42   (13)    2 :  0.003 0.012 0.260 0.246 0.114 0.142 0.076 0.053 0.014 0.043 0.023 0.016 
111   BDN_43    (6)    2 :  0.014 0.004 0.030 0.078 0.352 0.059 0.222 0.024 0.013 0.158 0.014 0.034 
112   BDN_44    (0)    2 :  0.025 0.005 0.089 0.202 0.016 0.051 0.058 0.138 0.054 0.301 0.036 0.026 
113   BDN_45    (0)    2 :  0.022 0.008 0.071 0.367 0.023 0.017 0.142 0.130 0.011 0.064 0.017 0.129 
114   BDN_46   (13)    2 :  0.005 0.009 0.256 0.008 0.033 0.021 0.017 0.337 0.024 0.052 0.168 0.070 
115   BDN_47    (0)    2 :  0.047 0.010 0.101 0.242 0.161 0.093 0.020 0.131 0.032 0.060 0.015 0.088 
116   BDN_48    (0)    2 :  0.005 0.004 0.390 0.054 0.073 0.043 0.067 0.013 0.019 0.226 0.032 0.075 
117   BDN_49    (0)    2 :  0.004 0.003 0.021 0.253 0.031 0.011 0.531 0.011 0.013 0.059 0.049 0.013 
118   BDN_50    (0)    2 :  0.005 0.005 0.035 0.309 0.033 0.021 0.048 0.397 0.027 0.031 0.081 0.009 
119   BDN_51    (0)    2 :  0.003 0.017 0.116 0.108 0.021 0.028 0.030 0.154 0.024 0.226 0.133 0.138 
120   BDN_52    (0)    2 :  0.010 0.011 0.041 0.108 0.024 0.204 0.353 0.156 0.011 0.031 0.037 0.014 
121   BDN_53    (0)    2 :  0.009 0.003 0.062 0.131 0.129 0.127 0.052 0.025 0.041 0.336 0.071 0.013 
122   BDN_54   (13)    2 :  0.007 0.020 0.050 0.018 0.014 0.032 0.008 0.018 0.764 0.011 0.047 0.010 
123   BDN_55    (6)    2 :  0.003 0.006 0.088 0.022 0.011 0.107 0.100 0.046 0.052 0.351 0.187 0.025 
124   BDN_56   (13)    2 :  0.004 0.003 0.017 0.362 0.042 0.023 0.413 0.031 0.014 0.048 0.012 0.030 
125   BDN_57    (6)    2 :  0.101 0.010 0.066 0.102 0.017 0.038 0.420 0.026 0.020 0.078 0.019 0.103 
126   BDN_58    (6)    2 :  0.006 0.018 0.015 0.037 0.011 0.106 0.022 0.040 0.023 0.050 0.519 0.152 
127   BDN_59    (6)    2 :  0.086 0.020 0.011 0.682 0.013 0.016 0.018 0.008 0.032 0.030 0.067 0.018 
128   BDN_60    (6)    2 :  0.029 0.016 0.027 0.068 0.047 0.212 0.033 0.080 0.012 0.016 0.439 0.021 
129   BDN_61    (0)    2 :  0.005 0.039 0.034 0.144 0.121 0.012 0.078 0.064 0.011 0.100 0.372 0.021 
130   BDN_62    (0)    2 :  0.005 0.004 0.021 0.495 0.046 0.032 0.013 0.110 0.024 0.154 0.066 0.030 
131   BDN_63    (6)    2 :  0.013 0.146 0.089 0.024 0.024 0.027 0.041 0.449 0.030 0.043 0.027 0.085 
132   BDN_64    (0)    2 :  0.005 0.006 0.531 0.086 0.033 0.042 0.220 0.009 0.021 0.012 0.024 0.011 
133   BDN_65    (0)    2 :  0.034 0.031 0.075 0.074 0.021 0.111 0.071 0.117 0.204 0.186 0.038 0.037 
134   BDN_66   (13)    2 :  0.005 0.006 0.081 0.048 0.062 0.076 0.558 0.027 0.046 0.031 0.043 0.018 
135   BDN_67    (0)    2 :  0.011 0.007 0.485 0.007 0.015 0.017 0.196 0.010 0.077 0.101 0.018 0.056 
136   BDN_68    (6)    2 :  0.027 0.025 0.097 0.018 0.018 0.019 0.023 0.037 0.010 0.488 0.154 0.084 
137   BDN_69    (0)    2 :  0.006 0.008 0.087 0.185 0.027 0.142 0.030 0.173 0.011 0.149 0.051 0.131 
138   BDN_70    (6)    2 :  0.024 0.006 0.073 0.018 0.016 0.085 0.072 0.020 0.016 0.070 0.578 0.021 
139   BDN_71    (6)    2 :  0.009 0.008 0.021 0.194 0.028 0.029 0.112 0.294 0.064 0.018 0.181 0.043 
140   BDN_72    (0)    2 :  0.005 0.005 0.029 0.026 0.039 0.045 0.025 0.016 0.035 0.713 0.041 0.021 
141   BDN_73    (0)    2 :  0.013 0.005 0.050 0.026 0.270 0.031 0.019 0.091 0.025 0.423 0.015 0.033 
142   BDN_74    (0)    2 :  0.008 0.009 0.068 0.183 0.009 0.086 0.027 0.021 0.014 0.443 0.107 0.025 
143   BDN_75    (0)    2 :  0.017 0.020 0.010 0.026 0.027 0.019 0.182 0.613 0.012 0.013 0.036 0.025 
144   BDN_76    (0)    2 :  0.017 0.004 0.486 0.010 0.042 0.044 0.055 0.086 0.067 0.034 0.142 0.012 
145   BDNB_1    (0)    3 :  0.004 0.074 0.089 0.053 0.034 0.030 0.360 0.243 0.008 0.058 0.035 0.012 
146   BDNB_2    (0)    3 :  0.007 0.007 0.049 0.021 0.035 0.048 0.145 0.147 0.019 0.127 0.257 0.137 
147   BDNB_3    (0)    3 :  0.008 0.020 0.022 0.039 0.010 0.035 0.135 0.022 0.054 0.158 0.035 0.462 
148   BDNB_4    (0)    3 :  0.004 0.012 0.064 0.040 0.025 0.066 0.076 0.589 0.007 0.055 0.037 0.025 
149   BDNB_5    (0)    3 :  0.003 0.023 0.077 0.030 0.105 0.364 0.009 0.052 0.032 0.018 0.276 0.012 
150   BDNB_6    (0)    3 :  0.011 0.048 0.016 0.110 0.012 0.222 0.092 0.105 0.158 0.051 0.157 0.018 
151   BDNB_7    (0)    3 :  0.043 0.003 0.014 0.010 0.012 0.013 0.014 0.027 0.008 0.011 0.822 0.022 
152   BDNB_8    (0)    3 :  0.033 0.031 0.107 0.193 0.012 0.133 0.227 0.040 0.024 0.135 0.051 0.014 
153   BDNB_9    (0)    3 :  0.011 0.009 0.013 0.015 0.010 0.430 0.024 0.007 0.013 0.017 0.435 0.017 
154  BDNB_10    (0)    3 :  0.004 0.026 0.052 0.038 0.023 0.520 0.059 0.027 0.124 0.052 0.056 0.019 
155  BDNB_11    (0)    3 :  0.004 0.005 0.026 0.009 0.019 0.078 0.032 0.053 0.008 0.020 0.726 0.022 
156  BDNB_12    (0)    3 :  0.005 0.004 0.017 0.023 0.030 0.144 0.037 0.137 0.008 0.037 0.446 0.111 
157  BDNB_13    (0)    3 :  0.007 0.005 0.039 0.070 0.068 0.404 0.161 0.070 0.040 0.026 0.098 0.012 
158  BDNB_14    (0)    3 :  0.011 0.004 0.123 0.144 0.008 0.019 0.048 0.016 0.289 0.048 0.263 0.026 
159  BDNB_15    (0)    3 :  0.005 0.004 0.017 0.024 0.011 0.011 0.022 0.006 0.006 0.880 0.007 0.007 
160  BDNB_16    (0)    3 :  0.014 0.005 0.096 0.033 0.025 0.123 0.034 0.025 0.461 0.067 0.022 0.095 
161  BDNB_17    (6)    3 :  0.058 0.004 0.063 0.012 0.014 0.024 0.011 0.405 0.016 0.028 0.321 0.044 
162  BDNB_18    (0)    3 :  0.027 0.018 0.068 0.016 0.047 0.059 0.081 0.485 0.046 0.033 0.105 0.016 
163  BDNB_19    (0)    3 :  0.006 0.004 0.011 0.007 0.016 0.015 0.014 0.086 0.011 0.008 0.813 0.010 
164  BDNB_20    (0)    3 :  0.023 0.011 0.025 0.055 0.064 0.265 0.012 0.016 0.072 0.030 0.413 0.014 
165  BDNB_21    (0)    3 :  0.012 0.005 0.023 0.848 0.011 0.015 0.008 0.016 0.006 0.015 0.005 0.035 
166  BDNB_22    (0)    3 :  0.010 0.005 0.343 0.015 0.191 0.165 0.027 0.178 0.020 0.019 0.013 0.012 
167  BDNB_23    (0)    3 :  0.005 0.004 0.019 0.836 0.011 0.010 0.027 0.013 0.006 0.021 0.014 0.034 
168  BDNB_24    (0)    3 :  0.005 0.006 0.014 0.130 0.285 0.067 0.060 0.046 0.161 0.016 0.170 0.039 
169  BDNB_25    (0)    3 :  0.005 0.012 0.047 0.270 0.016 0.076 0.062 0.311 0.017 0.057 0.068 0.059 
170  BDNB_26    (0)    3 :  0.005 0.009 0.008 0.046 0.020 0.600 0.129 0.019 0.012 0.117 0.025 0.009 
171  BDNB_27    (0)    3 :  0.003 0.006 0.041 0.141 0.013 0.162 0.513 0.015 0.060 0.012 0.028 0.006 
172  BDNB_28    (0)    3 :  0.025 0.005 0.023 0.027 0.123 0.110 0.275 0.014 0.066 0.033 0.276 0.024 
173  BDNB_29    (0)    3 :  0.015 0.224 0.018 0.064 0.013 0.241 0.049 0.033 0.044 0.209 0.036 0.053 
174  BDNB_30    (0)    3 :  0.025 0.031 0.014 0.027 0.068 0.090 0.013 0.010 0.136 0.021 0.544 0.022 
175  BDNB_31    (0)    3 :  0.018 0.003 0.447 0.054 0.061 0.098 0.039 0.058 0.072 0.070 0.047 0.032 
176  BDNB_32    (0)    3 :  0.007 0.003 0.074 0.430 0.035 0.015 0.022 0.042 0.011 0.009 0.340 0.012 
177  BDNB_33    (0)    3 :  0.044 0.005 0.480 0.036 0.012 0.140 0.026 0.021 0.114 0.024 0.029 0.070 
178  BDNB_34    (0)    3 :  0.004 0.007 0.076 0.206 0.033 0.252 0.113 0.087 0.079 0.046 0.074 0.024 
179  BDNB_35    (0)    3 :  0.002 0.009 0.173 0.085 0.038 0.406 0.051 0.008 0.018 0.076 0.120 0.014 
180  BDNB_36    (0)    3 :  0.005 0.042 0.035 0.140 0.098 0.020 0.020 0.009 0.211 0.096 0.308 0.015 
181  BDNB_37    (0)    3 :  0.009 0.236 0.007 0.012 0.010 0.034 0.585 0.014 0.006 0.042 0.031 0.013 
182  BDNB_38    (0)    3 :  0.044 0.008 0.130 0.195 0.030 0.228 0.013 0.040 0.029 0.019 0.241 0.021 
183  BDNB_39    (0)    3 :  0.025 0.020 0.017 0.519 0.014 0.026 0.257 0.007 0.016 0.063 0.022 0.013 
184  BDNB_40    (0)    3 :  0.017 0.023 0.052 0.069 0.011 0.360 0.053 0.042 0.012 0.021 0.316 0.023 
185  BDNB_41    (0)    3 :  0.010 0.050 0.090 0.012 0.024 0.378 0.046 0.293 0.015 0.008 0.044 0.029 
186  BDNB_42    (0)    3 :  0.009 0.005 0.074 0.220 0.222 0.239 0.011 0.074 0.053 0.049 0.020 0.024 
187  BDNB_43    (0)    3 :  0.008 0.013 0.043 0.068 0.080 0.022 0.023 0.374 0.017 0.015 0.309 0.028 
188  BDNB_44    (0)    3 :  0.009 0.007 0.026 0.026 0.063 0.479 0.032 0.044 0.024 0.032 0.193 0.065 
189  BDNB_45    (0)    3 :  0.032 0.081 0.201 0.054 0.077 0.161 0.033 0.014 0.043 0.024 0.215 0.064 
190  BDNB_46    (0)    3 :  0.003 0.028 0.233 0.031 0.128 0.171 0.015 0.016 0.047 0.017 0.276 0.034 
191  BDNB_47    (0)    3 :  0.004 0.008 0.393 0.012 0.017 0.266 0.009 0.012 0.011 0.030 0.225 0.011 
192  BDNB_48    (0)    3 :  0.004 0.060 0.092 0.463 0.032 0.047 0.050 0.168 0.023 0.012 0.026 0.023 
193  BDNB_49    (0)    3 :  0.022 0.027 0.226 0.045 0.040 0.080 0.076 0.236 0.028 0.137 0.068 0.015 
194  BDNB_50    (0)    3 :  0.007 0.010 0.048 0.258 0.021 0.086 0.017 0.454 0.018 0.031 0.032 0.020 
195  BDNB_51    (0)    3 :  0.038 0.005 0.258 0.015 0.012 0.060 0.035 0.086 0.013 0.236 0.213 0.029 
196  BDNB_52    (0)    3 :  0.008 0.004 0.015 0.106 0.018 0.134 0.329 0.013 0.010 0.175 0.165 0.024 
197  BDNB_53    (0)    3 :  0.074 0.005 0.086 0.023 0.044 0.037 0.057 0.377 0.062 0.056 0.161 0.018 
198  BDNB_54    (0)    3 :  0.018 0.003 0.022 0.193 0.030 0.326 0.068 0.106 0.010 0.010 0.172 0.043 
199  BDNB_55    (0)    3 :  0.003 0.009 0.036 0.491 0.014 0.113 0.068 0.027 0.108 0.024 0.092 0.014 
200  BDNB_56    (6)    3 :  0.016 0.006 0.030 0.010 0.008 0.045 0.037 0.032 0.014 0.041 0.714 0.048 
201  BDNB_57    (0)    3 :  0.005 0.025 0.115 0.091 0.012 0.168 0.023 0.009 0.484 0.012 0.039 0.017 
202  BDNB_58    (0)    3 :  0.003 0.005 0.277 0.110 0.022 0.349 0.067 0.020 0.012 0.028 0.085 0.022 
203  BDNB_59    (0)    3 :  0.004 0.104 0.318 0.112 0.084 0.037 0.040 0.053 0.026 0.023 0.166 0.034 
204  BDNB_60    (0)    3 :  0.012 0.007 0.130 0.021 0.152 0.032 0.023 0.500 0.034 0.031 0.051 0.007 
205  BDNB_61    (0)    3 :  0.004 0.004 0.212 0.105 0.124 0.117 0.035 0.035 0.025 0.007 0.317 0.015 
206  BDNB_62    (0)    3 :  0.005 0.024 0.007 0.060 0.011 0.529 0.143 0.015 0.012 0.156 0.014 0.023 
207  BDNB_63    (0)    3 :  0.003 0.004 0.023 0.008 0.012 0.776 0.051 0.048 0.022 0.006 0.040 0.008 
208  BDNB_64    (6)    3 :  0.005 0.010 0.038 0.012 0.059 0.439 0.012 0.374 0.015 0.011 0.013 0.013 
209  BDNB_65    (0)    3 :  0.003 0.006 0.021 0.052 0.071 0.049 0.021 0.023 0.011 0.009 0.728 0.006 
210  BDNB_66    (0)    3 :  0.008 0.005 0.018 0.008 0.020 0.030 0.016 0.174 0.014 0.013 0.670 0.025 
211  BDNB_67    (0)    3 :  0.008 0.020 0.035 0.008 0.044 0.044 0.103 0.044 0.010 0.016 0.379 0.289 
212  BDNB_68    (0)    3 :  0.004 0.014 0.052 0.082 0.105 0.060 0.221 0.033 0.045 0.032 0.337 0.017 
213  BDNB_69    (0)    3 :  0.005 0.005 0.136 0.082 0.104 0.073 0.046 0.026 0.012 0.046 0.429 0.036 
214  BDNB_70    (0)    3 :  0.005 0.015 0.011 0.009 0.116 0.024 0.015 0.758 0.018 0.006 0.014 0.009 
215  BDNB_71    (0)    3 :  0.005 0.006 0.041 0.039 0.045 0.069 0.714 0.010 0.041 0.012 0.008 0.011 
216  BDNB_72    (0)    3 :  0.010 0.003 0.119 0.029 0.124 0.278 0.020 0.292 0.017 0.049 0.042 0.018 
217  BDNB_73    (0)    3 :  0.004 0.003 0.018 0.096 0.043 0.153 0.152 0.299 0.024 0.056 0.074 0.078 
218  BDNB_74    (0)    3 :  0.006 0.003 0.009 0.005 0.009 0.010 0.008 0.028 0.009 0.009 0.899 0.006 
219  BDNB_75    (0)    3 :  0.028 0.006 0.016 0.739 0.027 0.018 0.021 0.075 0.009 0.014 0.009 0.038 
220    BSB_1    (0)    4 :  0.013 0.012 0.042 0.099 0.021 0.023 0.022 0.035 0.151 0.227 0.045 0.311 
221    BSB_2    (0)    4 :  0.005 0.008 0.035 0.008 0.049 0.233 0.036 0.036 0.510 0.033 0.036 0.010 
222    BSB_3    (0)    4 :  0.015 0.004 0.029 0.021 0.591 0.064 0.037 0.007 0.011 0.010 0.078 0.133 
223    BSB_4    (0)    4 :  0.006 0.006 0.031 0.071 0.010 0.129 0.035 0.026 0.608 0.007 0.049 0.022 
224    BSB_5    (0)    4 :  0.006 0.015 0.081 0.021 0.050 0.028 0.021 0.009 0.697 0.014 0.038 0.021 
225    BSB_6    (0)    4 :  0.009 0.006 0.011 0.012 0.015 0.009 0.029 0.024 0.795 0.014 0.062 0.014 
226    BSB_7   (33)    4 :  0.034 0.314 0.037 0.033 0.018 0.204 0.040 0.038 0.168 0.039 0.027 0.049 
227    BSB_8    (0)    4 :  0.218 0.007 0.058 0.047 0.033 0.060 0.011 0.019 0.044 0.409 0.041 0.053 
228    BSB_9    (0)    4 :  0.008 0.005 0.150 0.027 0.509 0.067 0.012 0.030 0.045 0.033 0.103 0.011 
229   BSB_10    (0)    4 :  0.004 0.046 0.020 0.029 0.058 0.229 0.030 0.018 0.039 0.014 0.478 0.034 
230   BSB_11    (0)    4 :  0.225 0.004 0.068 0.041 0.049 0.018 0.033 0.008 0.089 0.018 0.415 0.031 
231   BSB_12    (0)    4 :  0.056 0.021 0.034 0.212 0.042 0.077 0.009 0.015 0.037 0.046 0.430 0.021 
232   BSB_13    (0)    4 :  0.006 0.052 0.013 0.010 0.012 0.189 0.034 0.023 0.032 0.014 0.573 0.041 
233   BSB_14    (0)    4 :  0.006 0.015 0.041 0.010 0.042 0.471 0.021 0.062 0.161 0.014 0.090 0.068 
234   BSB_15    (0)    4 :  0.034 0.059 0.094 0.288 0.005 0.023 0.010 0.024 0.185 0.057 0.043 0.177 
235   BSB_16    (6)    4 :  0.004 0.008 0.159 0.077 0.067 0.130 0.029 0.041 0.386 0.018 0.058 0.023 
236   BSB_17    (0)    4 :  0.012 0.004 0.025 0.011 0.011 0.074 0.090 0.015 0.229 0.013 0.497 0.019 
237   BSB_18    (0)    4 :  0.052 0.004 0.124 0.021 0.063 0.114 0.010 0.024 0.121 0.018 0.294 0.155 
238   BSB_19    (0)    4 :  0.008 0.032 0.024 0.315 0.008 0.022 0.034 0.008 0.298 0.007 0.183 0.061 
239   BSB_20    (0)    4 :  0.050 0.006 0.271 0.018 0.005 0.048 0.102 0.075 0.204 0.033 0.141 0.047 
240   BSB_21    (0)    4 :  0.005 0.004 0.014 0.006 0.008 0.045 0.026 0.012 0.019 0.029 0.826 0.007 
241   BSB_22    (0)    4 :  0.009 0.004 0.075 0.010 0.516 0.044 0.016 0.013 0.036 0.023 0.215 0.039 
242   BSB_23    (0)    4 :  0.017 0.009 0.035 0.043 0.072 0.059 0.020 0.046 0.378 0.008 0.297 0.015 
243   BSB_24    (0)    4 :  0.040 0.004 0.014 0.011 0.010 0.025 0.008 0.007 0.493 0.010 0.364 0.014 
244   BSB_25    (0)    4 :  0.020 0.006 0.047 0.019 0.034 0.015 0.013 0.011 0.273 0.008 0.547 0.008 
245   BSB_26    (0)    4 :  0.009 0.005 0.067 0.013 0.022 0.042 0.016 0.034 0.420 0.018 0.341 0.013 
246   BSB_27    (0)    4 :  0.008 0.003 0.332 0.111 0.009 0.023 0.020 0.038 0.088 0.013 0.286 0.069 
247   BSB_28    (0)    4 :  0.015 0.044 0.023 0.009 0.323 0.424 0.009 0.077 0.031 0.010 0.020 0.016 
248   BSB_29    (0)    4 :  0.011 0.063 0.047 0.006 0.015 0.019 0.017 0.008 0.715 0.013 0.070 0.016 
249   BSB_30    (0)    4 :  0.006 0.005 0.109 0.012 0.054 0.027 0.013 0.028 0.107 0.028 0.603 0.009 
250   BSB_31    (0)    4 :  0.007 0.035 0.021 0.118 0.022 0.022 0.564 0.039 0.015 0.044 0.048 0.066 
251   BSB_32    (0)    4 :  0.005 0.005 0.036 0.008 0.012 0.023 0.016 0.011 0.826 0.021 0.026 0.011 
252   BSB_33    (0)    4 :  0.014 0.010 0.072 0.043 0.026 0.197 0.025 0.013 0.109 0.055 0.260 0.176 
253   BSB_34    (0)    4 :  0.015 0.013 0.145 0.021 0.014 0.049 0.029 0.037 0.330 0.020 0.230 0.097 
254   BSB_35    (0)    4 :  0.003 0.006 0.024 0.018 0.013 0.014 0.006 0.008 0.885 0.006 0.009 0.007 
255   BSB_36    (0)    4 :  0.014 0.022 0.153 0.157 0.009 0.022 0.026 0.054 0.342 0.019 0.106 0.075 
256   BSB_37    (0)    4 :  0.011 0.004 0.023 0.007 0.015 0.024 0.063 0.087 0.494 0.033 0.219 0.020 
257   BSB_38   (60)    4 :  0.010 0.004 0.006 0.064 0.010 0.007 0.827 0.007 0.005 0.023 0.009 0.029 
258   BSB_39    (0)    4 :  0.054 0.036 0.015 0.271 0.023 0.238 0.076 0.027 0.030 0.102 0.103 0.026 
259   BSB_40    (0)    4 :  0.004 0.008 0.116 0.107 0.015 0.016 0.020 0.029 0.305 0.226 0.122 0.032 
260   BSB_41    (0)    4 :  0.010 0.169 0.039 0.040 0.098 0.146 0.039 0.065 0.073 0.022 0.277 0.022 
261   BSB_42    (0)    4 :  0.081 0.028 0.189 0.032 0.019 0.013 0.031 0.028 0.210 0.134 0.172 0.062 
262   BSB_43    (0)    4 :  0.006 0.012 0.019 0.027 0.008 0.013 0.052 0.007 0.114 0.016 0.397 0.328 
263   BSB_44    (0)    4 :  0.053 0.086 0.046 0.014 0.278 0.010 0.020 0.054 0.257 0.014 0.136 0.032 
264   BSB_45    (0)    4 :  0.009 0.003 0.082 0.090 0.023 0.315 0.053 0.017 0.094 0.042 0.223 0.049 
265   BSB_46    (0)    4 :  0.031 0.011 0.016 0.017 0.019 0.562 0.037 0.013 0.127 0.029 0.123 0.016 
266   BSB_47    (0)    4 :  0.057 0.012 0.076 0.026 0.009 0.038 0.037 0.122 0.519 0.021 0.069 0.014 
267   BSB_48    (0)    4 :  0.007 0.016 0.201 0.270 0.011 0.032 0.088 0.018 0.083 0.148 0.047 0.079 
268   BSB_49    (0)    4 :  0.006 0.021 0.052 0.027 0.009 0.016 0.020 0.014 0.029 0.192 0.569 0.044 
269   BSB_50   (60)    4 :  0.004 0.004 0.004 0.004 0.005 0.004 0.936 0.005 0.004 0.007 0.004 0.018 
270   BSB_51    (0)    4 :  0.006 0.008 0.075 0.096 0.020 0.074 0.010 0.034 0.064 0.119 0.151 0.344 
271   BSB_52    (0)    4 :  0.008 0.005 0.057 0.014 0.057 0.234 0.101 0.008 0.165 0.015 0.275 0.060 
272   BSB_53    (0)    4 :  0.005 0.017 0.069 0.016 0.015 0.262 0.072 0.027 0.411 0.010 0.076 0.020 
273   BSB_54    (0)    4 :  0.006 0.013 0.023 0.017 0.009 0.699 0.012 0.019 0.025 0.091 0.070 0.016 
274   BSB_55    (0)    4 :  0.012 0.009 0.055 0.025 0.326 0.028 0.017 0.041 0.060 0.044 0.277 0.105 
275   BSB_56    (0)    4 :  0.003 0.084 0.081 0.020 0.124 0.189 0.214 0.089 0.046 0.020 0.116 0.014 
276   BSB_57    (0)    4 :  0.502 0.007 0.100 0.008 0.075 0.061 0.012 0.048 0.022 0.037 0.106 0.021 
277   BSB_58    (0)    4 :  0.010 0.005 0.641 0.082 0.037 0.032 0.018 0.094 0.012 0.019 0.030 0.020 
278   BSB_59    (0)    4 :  0.051 0.060 0.077 0.022 0.021 0.026 0.020 0.041 0.529 0.026 0.114 0.013 
279   BSB_60   (60)    4 :  0.004 0.005 0.004 0.004 0.004 0.004 0.953 0.004 0.004 0.004 0.004 0.004 
280   BSB_61    (0)    4 :  0.009 0.118 0.056 0.020 0.011 0.029 0.016 0.037 0.528 0.023 0.105 0.049 
281   BSB_62    (0)    4 :  0.007 0.003 0.023 0.007 0.020 0.010 0.023 0.028 0.090 0.010 0.704 0.076 
282   BSB_63    (0)    4 :  0.006 0.004 0.038 0.008 0.105 0.014 0.029 0.008 0.030 0.006 0.744 0.007 
283   BSB_64    (0)    4 :  0.043 0.090 0.164 0.032 0.049 0.028 0.014 0.091 0.373 0.010 0.080 0.026 
284   BSB_65    (0)    4 :  0.032 0.025 0.052 0.029 0.037 0.051 0.020 0.008 0.097 0.025 0.599 0.024 
285   BSB_66    (0)    4 :  0.016 0.018 0.078 0.082 0.005 0.024 0.132 0.026 0.076 0.086 0.439 0.018 
286   BSB_67    (0)    4 :  0.007 0.024 0.083 0.033 0.015 0.466 0.113 0.019 0.080 0.014 0.102 0.044 
287   BSB_68    (0)    4 :  0.004 0.056 0.033 0.729 0.056 0.032 0.024 0.007 0.017 0.010 0.021 0.011 
288   BSB_69    (0)    4 :  0.011 0.003 0.329 0.040 0.148 0.034 0.110 0.215 0.009 0.048 0.031 0.022 
289   BSB_70    (0)    4 :  0.006 0.014 0.037 0.014 0.318 0.379 0.069 0.063 0.015 0.022 0.053 0.011 
290   BSB_71    (0)    4 :  0.003 0.008 0.027 0.008 0.028 0.110 0.047 0.031 0.566 0.008 0.113 0.052 
291   BSB_72    (0)    4 :  0.028 0.057 0.253 0.022 0.015 0.062 0.158 0.230 0.031 0.030 0.019 0.095 
