

----------------------------------------------------
STRUCTURE by Pritchard, Stephens and Donnelly (2000)
     and Falush, Stephens and Pritchard (2003)
       Code by Pritchard, Falush and Hubisz
             Version 2.3.4 (Jul 2012)
----------------------------------------------------



Command line arguments:   structure -m /global/home/hpc3579/salmon/mainparamsnewfoundlandfiles/mainparamsnewfoundland4 -e /global/home/hpc3579/salmon/extraparams_newfoundlandfile -K 4 
Input File:    /global/home/hpc3579/salmon/NewfoundlandStruc.txt

Run parameters:
   5235 individuals
   15 loci
   4 populations assumed
   100000 Burn-in period
   1000000 Reps


--------------------------------------------
Proportion of membership of each pre-defined
 population in each of the 4 clusters

Given    Inferred Clusters              Number of
 Pop       1      2      3      4      Individuals

  1:     0.805  0.052  0.067  0.076       68
  2:     0.150  0.328  0.177  0.346       76
  3:     0.156  0.324  0.250  0.270       75
  4:     0.474  0.199  0.178  0.150       78
  5:     0.095  0.139  0.102  0.664       80
  6:     0.068  0.085  0.116  0.731       77
  7:     0.054  0.057  0.064  0.825       99
  8:     0.158  0.209  0.142  0.491       78
  9:     0.107  0.215  0.154  0.524       74
 10:     0.227  0.331  0.209  0.233      100
 11:     0.541  0.204  0.105  0.150      100
 12:     0.099  0.144  0.126  0.631       75
 13:     0.081  0.180  0.109  0.630       77
 14:     0.143  0.145  0.138  0.574       82
 15:     0.091  0.166  0.110  0.633       75
 16:     0.148  0.410  0.149  0.293       56
 17:     0.063  0.188  0.100  0.649       70
 18:     0.051  0.097  0.086  0.766       82
 19:     0.760  0.100  0.076  0.065       75
 20:     0.450  0.288  0.114  0.148       57
 21:     0.808  0.074  0.053  0.065      111
 22:     0.637  0.095  0.141  0.127       88
 23:     0.188  0.267  0.171  0.375       69
 24:     0.057  0.101  0.084  0.758       75
 25:     0.610  0.167  0.121  0.102      100
 26:     0.050  0.087  0.101  0.762       76
 27:     0.511  0.234  0.141  0.115       84
 28:     0.688  0.088  0.137  0.087       74
 29:     0.480  0.333  0.117  0.070       51
 30:     0.824  0.052  0.049  0.075       75
 31:     0.903  0.032  0.034  0.031       71
 32:     0.097  0.179  0.158  0.566       66
 33:     0.056  0.086  0.751  0.107       81
 34:     0.117  0.343  0.258  0.282       50
 35:     0.058  0.538  0.081  0.322       50
 36:     0.147  0.470  0.126  0.258      100
 37:     0.057  0.073  0.813  0.057       94
 38:     0.076  0.476  0.183  0.265      100
 39:     0.131  0.341  0.274  0.254       50
 40:     0.118  0.446  0.151  0.285       98
 41:     0.090  0.711  0.101  0.098       50
 42:     0.035  0.038  0.894  0.033       99
 43:     0.112  0.387  0.153  0.347       99
 44:     0.108  0.468  0.225  0.199      100
 45:     0.090  0.382  0.287  0.241       48
 46:     0.056  0.076  0.761  0.106       28
 47:     0.184  0.321  0.328  0.167       50
 48:     0.104  0.417  0.287  0.192      100
 49:     0.082  0.445  0.242  0.231       50
 50:     0.054  0.073  0.754  0.118       41
 51:     0.130  0.386  0.236  0.247       50
 52:     0.081  0.719  0.091  0.109      100
 53:     0.136  0.499  0.124  0.241       98
 54:     0.103  0.299  0.311  0.287      100
 55:     0.919  0.024  0.028  0.029       95
 56:     0.075  0.643  0.078  0.204       50
 57:     0.235  0.350  0.207  0.208       70
 58:     0.058  0.088  0.762  0.092      100
 59:     0.126  0.412  0.185  0.278       50
 60:     0.034  0.837  0.062  0.067       50
 61:     0.111  0.472  0.202  0.215      100
 62:     0.041  0.071  0.823  0.066       41
 63:     0.058  0.093  0.766  0.083      100
 64:     0.058  0.705  0.136  0.101       50
 65:     0.088  0.087  0.720  0.105      100
 66:     0.088  0.381  0.330  0.201       49
 67:     0.133  0.310  0.263  0.294      100
 68:     0.093  0.421  0.345  0.141       50
 69:     0.058  0.671  0.118  0.153      100
--------------------------------------------

Allele-freq. divergence among pops (Net nucleotide distance),
computed using point estimates of P.

      1       2       3       4      
 1      -    0.0180  0.0282  0.0205  
 2   0.0180     -    0.0145  0.0078  
 3   0.0282  0.0145     -    0.0158  
 4   0.0205  0.0078  0.0158     -    

Average distances (expected heterozygosity) between individuals in same cluster:
cluster  1  : 0.8595 
cluster  2  : 0.8767 
cluster  3  : 0.8747 
cluster  4  : 0.8721 

--------------------------------------------
Estimated Ln Prob of Data   = -398095.3
Mean value of ln likelihood = -394661.7
Variance of ln likelihood   = 6867.2
Mean value of alpha         = 0.1205

Mean value of Fst_1         = 0.0217
Mean value of Fst_2         = 0.0069
Mean value of Fst_3         = 0.0137
Mean value of Fst_4         = 0.0106


Inferred ancestry of individuals:
        Label (%Miss) Pop:  Inferred clusters
  1    BBA_1    (0)    1 :  0.825 0.049 0.080 0.046 
  2    BBA_2    (0)    1 :  0.729 0.091 0.125 0.055 
  3    BBA_3    (0)    1 :  0.939 0.019 0.017 0.024 
  4    BBA_4    (0)    1 :  0.826 0.080 0.050 0.044 
  5    BBA_5    (0)    1 :  0.916 0.020 0.024 0.040 
  6    BBA_6    (0)    1 :  0.753 0.060 0.054 0.132 
  7    BBA_7    (0)    1 :  0.937 0.019 0.021 0.022 
  8    BBA_8    (0)    1 :  0.880 0.028 0.019 0.073 
  9    BBA_9    (0)    1 :  0.932 0.016 0.028 0.023 
 10   BBA_10    (0)    1 :  0.777 0.021 0.048 0.153 
 11   BBA_11    (0)    1 :  0.745 0.113 0.110 0.033 
 12   BBA_12    (0)    1 :  0.918 0.030 0.024 0.028 
 13   BBA_13    (0)    1 :  0.500 0.159 0.142 0.199 
 14   BBA_14    (0)    1 :  0.892 0.032 0.030 0.046 
 15   BBA_15    (0)    1 :  0.409 0.050 0.100 0.441 
 16   BBA_16    (0)    1 :  0.923 0.017 0.037 0.023 
 17   BBA_17    (0)    1 :  0.909 0.023 0.046 0.022 
 18   BBA_18    (0)    1 :  0.925 0.024 0.027 0.024 
 19   BBA_19    (0)    1 :  0.929 0.019 0.020 0.032 
 20   BBA_20    (0)    1 :  0.930 0.022 0.021 0.027 
 21   BBA_21    (0)    1 :  0.841 0.041 0.040 0.078 
 22   BBA_22    (0)    1 :  0.875 0.023 0.064 0.038 
 23   BBA_23    (0)    1 :  0.912 0.024 0.028 0.036 
 24   BBA_24    (0)    1 :  0.777 0.045 0.122 0.055 
 25   BBA_25    (0)    1 :  0.949 0.016 0.019 0.015 
 26   BBA_26    (0)    1 :  0.425 0.191 0.084 0.301 
 27   BBA_27    (0)    1 :  0.797 0.058 0.051 0.093 
 28   BBA_28    (0)    1 :  0.883 0.036 0.033 0.048 
 29   BBA_29    (0)    1 :  0.887 0.027 0.029 0.057 
 30   BBA_30    (0)    1 :  0.841 0.027 0.066 0.066 
 31   BBA_31    (0)    1 :  0.753 0.078 0.074 0.095 
 32   BBA_32    (0)    1 :  0.833 0.082 0.047 0.038 
 33   BBA_33    (0)    1 :  0.785 0.066 0.050 0.099 
 34   BBA_34    (0)    1 :  0.774 0.031 0.117 0.078 
 35   BBA_35    (0)    1 :  0.842 0.042 0.045 0.072 
 36   BBA_36    (0)    1 :  0.826 0.034 0.030 0.110 
 37   BBA_37    (0)    1 :  0.610 0.035 0.158 0.197 
 38   BBA_38    (0)    1 :  0.512 0.185 0.144 0.159 
 39   BBA_39    (0)    1 :  0.843 0.037 0.077 0.043 
 40   BBA_40    (0)    1 :  0.930 0.019 0.023 0.027 
 41   BBA_41    (0)    1 :  0.792 0.032 0.063 0.112 
 42   BBA_42    (0)    1 :  0.491 0.176 0.150 0.182 
 43   BBA_43    (0)    1 :  0.854 0.042 0.060 0.043 
 44   BBA_44    (0)    1 :  0.905 0.025 0.032 0.038 
 45   BBA_45    (0)    1 :  0.930 0.017 0.018 0.034 
 46   BBA_46    (0)    1 :  0.916 0.025 0.022 0.038 
 47   BBA_47    (0)    1 :  0.855 0.038 0.075 0.033 
 48   BBA_48    (0)    1 :  0.774 0.032 0.064 0.131 
 49   BBA_49    (0)    1 :  0.674 0.119 0.055 0.152 
 50   BBA_50    (0)    1 :  0.853 0.041 0.026 0.080 
 51   BBA_51    (0)    1 :  0.870 0.062 0.037 0.032 
 52   BBA_52    (0)    1 :  0.798 0.041 0.045 0.116 
 53   BBA_53    (0)    1 :  0.806 0.086 0.045 0.063 
 54   BBA_54    (0)    1 :  0.817 0.052 0.085 0.046 
 55   BBA_55    (0)    1 :  0.379 0.148 0.256 0.217 
 56   BBA_56    (0)    1 :  0.857 0.040 0.040 0.063 
 57   BBA_57    (0)    1 :  0.885 0.047 0.030 0.039 
 58   BBA_58    (0)    1 :  0.825 0.066 0.060 0.050 
 59   BBA_59    (0)    1 :  0.796 0.061 0.054 0.089 
 60   BBA_60    (0)    1 :  0.884 0.019 0.035 0.063 
 61   BBA_61    (0)    1 :  0.917 0.023 0.036 0.024 
 62   BBA_62    (0)    1 :  0.893 0.019 0.022 0.066 
 63   BBA_63    (0)    1 :  0.814 0.036 0.091 0.059 
 64   BBA_64    (0)    1 :  0.915 0.026 0.026 0.033 
 65   BBA_65    (0)    1 :  0.826 0.048 0.072 0.055 
 66   BBA_66    (0)    1 :  0.259 0.105 0.551 0.086 
 67   BBA_67    (0)    1 :  0.826 0.056 0.086 0.032 
 68   BBA_68    (0)    1 :  0.851 0.055 0.067 0.027 
 69    BDN_1    (0)    2 :  0.024 0.688 0.060 0.228 
 70    BDN_2    (0)    2 :  0.081 0.441 0.076 0.402 
 71    BDN_3    (0)    2 :  0.474 0.136 0.256 0.134 
 72    BDN_4   (13)    2 :  0.051 0.215 0.651 0.084 
 73    BDN_5   (13)    2 :  0.112 0.349 0.262 0.277 
 74    BDN_6    (6)    2 :  0.139 0.324 0.123 0.414 
 75    BDN_7    (0)    2 :  0.079 0.081 0.065 0.775 
 76    BDN_8    (6)    2 :  0.028 0.108 0.060 0.805 
 77    BDN_9    (0)    2 :  0.349 0.414 0.124 0.112 
 78   BDN_10    (0)    2 :  0.146 0.714 0.093 0.047 
 79   BDN_11    (0)    2 :  0.031 0.115 0.236 0.618 
 80   BDN_12    (0)    2 :  0.023 0.518 0.061 0.398 
 81   BDN_13   (13)    2 :  0.066 0.581 0.304 0.049 
 82   BDN_14    (0)    2 :  0.058 0.462 0.325 0.155 
 83   BDN_15    (6)    2 :  0.081 0.294 0.037 0.588 
 84   BDN_16    (6)    2 :  0.450 0.069 0.321 0.160 
 85   BDN_17   (13)    2 :  0.214 0.663 0.078 0.045 
 86   BDN_18    (0)    2 :  0.031 0.470 0.202 0.296 
 87   BDN_19    (0)    2 :  0.294 0.449 0.058 0.199 
 88   BDN_20   (13)    2 :  0.462 0.086 0.227 0.226 
 89   BDN_21   (13)    2 :  0.373 0.247 0.254 0.127 
 90   BDN_22    (6)    2 :  0.761 0.101 0.022 0.116 
 91   BDN_23    (0)    2 :  0.081 0.094 0.172 0.652 
 92   BDN_24    (0)    2 :  0.054 0.625 0.033 0.288 
 93   BDN_25   (13)    2 :  0.077 0.146 0.037 0.740 
 94   BDN_26    (0)    2 :  0.446 0.091 0.024 0.439 
 95   BDN_27    (0)    2 :  0.027 0.744 0.083 0.146 
 96   BDN_28   (13)    2 :  0.038 0.370 0.279 0.313 
 97   BDN_29    (0)    2 :  0.103 0.132 0.052 0.714 
 98   BDN_30    (0)    2 :  0.310 0.572 0.068 0.050 
 99   BDN_31    (0)    2 :  0.139 0.158 0.407 0.296 
100   BDN_32    (0)    2 :  0.240 0.258 0.074 0.427 
101   BDN_33    (0)    2 :  0.054 0.728 0.029 0.189 
102   BDN_34    (0)    2 :  0.020 0.125 0.756 0.099 
103   BDN_35    (0)    2 :  0.037 0.880 0.036 0.047 
104   BDN_36    (0)    2 :  0.077 0.279 0.054 0.590 
105   BDN_37    (0)    2 :  0.064 0.695 0.099 0.141 
106   BDN_38    (0)    2 :  0.294 0.454 0.065 0.187 
107   BDN_39    (0)    2 :  0.026 0.789 0.067 0.118 
108   BDN_40    (0)    2 :  0.024 0.623 0.040 0.312 
109   BDN_41    (0)    2 :  0.084 0.385 0.329 0.202 
110   BDN_42   (13)    2 :  0.034 0.193 0.354 0.419 
111   BDN_43    (6)    2 :  0.031 0.114 0.626 0.228 
112   BDN_44    (0)    2 :  0.087 0.135 0.048 0.730 
113   BDN_45    (0)    2 :  0.050 0.129 0.052 0.768 
114   BDN_46   (13)    2 :  0.128 0.623 0.184 0.065 
115   BDN_47    (0)    2 :  0.100 0.110 0.328 0.462 
116   BDN_48    (0)    2 :  0.036 0.103 0.351 0.511 
117   BDN_49    (0)    2 :  0.028 0.082 0.123 0.767 
118   BDN_50    (0)    2 :  0.034 0.303 0.187 0.477 
119   BDN_51    (0)    2 :  0.052 0.402 0.099 0.447 
120   BDN_52    (0)    2 :  0.038 0.570 0.102 0.290 
121   BDN_53    (0)    2 :  0.065 0.058 0.276 0.601 
122   BDN_54   (13)    2 :  0.856 0.045 0.056 0.044 
123   BDN_55    (6)    2 :  0.159 0.383 0.043 0.415 
124   BDN_56   (13)    2 :  0.020 0.212 0.153 0.614 
125   BDN_57    (6)    2 :  0.111 0.170 0.065 0.655 
126   BDN_58    (6)    2 :  0.128 0.552 0.053 0.266 
127   BDN_59    (6)    2 :  0.186 0.027 0.031 0.756 
128   BDN_60    (6)    2 :  0.127 0.502 0.240 0.131 
129   BDN_61    (0)    2 :  0.076 0.159 0.472 0.293 
130   BDN_62    (0)    2 :  0.030 0.055 0.115 0.800 
131   BDN_63    (6)    2 :  0.410 0.356 0.085 0.150 
132   BDN_64    (0)    2 :  0.068 0.245 0.430 0.257 
133   BDN_65    (0)    2 :  0.520 0.216 0.083 0.180 
134   BDN_66   (13)    2 :  0.064 0.480 0.316 0.140 
135   BDN_67    (0)    2 :  0.252 0.480 0.127 0.140 
136   BDN_68    (6)    2 :  0.215 0.202 0.104 0.479 
137   BDN_69    (0)    2 :  0.029 0.151 0.097 0.723 
138   BDN_70    (6)    2 :  0.324 0.244 0.178 0.254 
139   BDN_71    (6)    2 :  0.097 0.608 0.098 0.197 
140   BDN_72    (0)    2 :  0.073 0.074 0.272 0.581 
141   BDN_73    (0)    2 :  0.054 0.070 0.590 0.286 
142   BDN_74    (0)    2 :  0.063 0.098 0.030 0.809 
143   BDN_75    (0)    2 :  0.059 0.788 0.089 0.063 
144   BDN_76    (0)    2 :  0.241 0.299 0.385 0.075 
145   BDNB_1    (0)    3 :  0.045 0.720 0.092 0.143 
146   BDNB_2    (0)    3 :  0.086 0.563 0.163 0.187 
147   BDNB_3    (0)    3 :  0.193 0.359 0.047 0.400 
148   BDNB_4    (0)    3 :  0.023 0.818 0.064 0.095 
149   BDNB_5    (0)    3 :  0.097 0.110 0.700 0.093 
150   BDNB_6    (0)    3 :  0.530 0.210 0.052 0.208 
151   BDNB_7    (0)    3 :  0.117 0.480 0.305 0.098 
152   BDNB_8    (0)    3 :  0.118 0.189 0.043 0.650 
153   BDNB_9    (0)    3 :  0.305 0.324 0.089 0.282 
154  BDNB_10    (0)    3 :  0.175 0.399 0.116 0.310 
155  BDNB_11    (0)    3 :  0.043 0.446 0.414 0.096 
156  BDNB_12    (0)    3 :  0.027 0.401 0.376 0.196 
157  BDNB_13    (0)    3 :  0.076 0.275 0.571 0.078 
158  BDNB_14    (0)    3 :  0.564 0.146 0.026 0.263 
159  BDNB_15    (0)    3 :  0.019 0.024 0.046 0.911 
160  BDNB_16    (0)    3 :  0.522 0.161 0.108 0.210 
161  BDNB_17    (6)    3 :  0.131 0.474 0.183 0.212 
162  BDNB_18    (0)    3 :  0.212 0.393 0.288 0.108 
163  BDNB_19    (0)    3 :  0.073 0.357 0.517 0.053 
164  BDNB_20    (0)    3 :  0.341 0.076 0.413 0.170 
165  BDNB_21    (0)    3 :  0.023 0.052 0.042 0.883 
166  BDNB_22    (0)    3 :  0.040 0.091 0.786 0.084 
167  BDNB_23    (0)    3 :  0.021 0.066 0.047 0.866 
168  BDNB_24    (0)    3 :  0.089 0.060 0.777 0.075 
169  BDNB_25    (0)    3 :  0.097 0.313 0.053 0.537 
170  BDNB_26    (0)    3 :  0.037 0.172 0.150 0.640 
171  BDNB_27    (0)    3 :  0.098 0.512 0.052 0.338 
172  BDNB_28    (0)    3 :  0.198 0.266 0.450 0.086 
173  BDNB_29    (0)    3 :  0.378 0.165 0.037 0.420 
174  BDNB_30    (0)    3 :  0.718 0.039 0.177 0.066 
175  BDNB_31    (0)    3 :  0.127 0.189 0.281 0.403 
176  BDNB_32    (0)    3 :  0.134 0.233 0.202 0.431 
177  BDNB_33    (0)    3 :  0.522 0.285 0.054 0.138 
178  BDNB_34    (0)    3 :  0.109 0.463 0.117 0.311 
179  BDNB_35    (0)    3 :  0.044 0.239 0.272 0.444 
180  BDNB_36    (0)    3 :  0.469 0.035 0.257 0.240 
181  BDNB_37    (0)    3 :  0.162 0.303 0.027 0.508 
182  BDNB_38    (0)    3 :  0.265 0.114 0.229 0.392 
183  BDNB_39    (0)    3 :  0.118 0.077 0.062 0.744 
184  BDNB_40    (0)    3 :  0.100 0.662 0.055 0.183 
185  BDNB_41    (0)    3 :  0.064 0.795 0.110 0.031 
186  BDNB_42    (0)    3 :  0.043 0.043 0.563 0.351 
187  BDNB_43    (0)    3 :  0.092 0.361 0.412 0.135 
188  BDNB_44    (0)    3 :  0.122 0.335 0.401 0.142 
189  BDNB_45    (0)    3 :  0.642 0.089 0.185 0.083 
190  BDNB_46    (0)    3 :  0.222 0.145 0.515 0.118 
191  BDNB_47    (0)    3 :  0.146 0.311 0.316 0.227 
192  BDNB_48    (0)    3 :  0.076 0.454 0.080 0.390 
193  BDNB_49    (0)    3 :  0.256 0.285 0.189 0.270 
194  BDNB_50    (0)    3 :  0.073 0.354 0.124 0.448 
195  BDNB_51    (0)    3 :  0.091 0.546 0.094 0.269 
196  BDNB_52    (0)    3 :  0.036 0.085 0.045 0.835 
197  BDNB_53    (0)    3 :  0.243 0.296 0.275 0.187 
198  BDNB_54    (0)    3 :  0.059 0.497 0.211 0.233 
199  BDNB_55    (0)    3 :  0.105 0.231 0.058 0.606 
200  BDNB_56    (6)    3 :  0.082 0.764 0.067 0.087 
201  BDNB_57    (0)    3 :  0.731 0.087 0.048 0.134 
202  BDNB_58    (0)    3 :  0.032 0.555 0.160 0.252 
203  BDNB_59    (0)    3 :  0.157 0.301 0.356 0.186 
204  BDNB_60    (0)    3 :  0.074 0.107 0.707 0.112 
205  BDNB_61    (0)    3 :  0.048 0.481 0.414 0.057 
206  BDNB_62    (0)    3 :  0.028 0.114 0.057 0.801 
207  BDNB_63    (0)    3 :  0.037 0.872 0.067 0.024 
208  BDNB_64    (6)    3 :  0.042 0.606 0.309 0.044 
209  BDNB_65    (0)    3 :  0.068 0.108 0.731 0.093 
210  BDNB_66    (0)    3 :  0.089 0.493 0.370 0.048 
211  BDNB_67    (0)    3 :  0.071 0.671 0.219 0.039 
212  BDNB_68    (0)    3 :  0.118 0.181 0.511 0.190 
213  BDNB_69    (0)    3 :  0.039 0.261 0.436 0.264 
214  BDNB_70    (0)    3 :  0.064 0.472 0.434 0.030 
215  BDNB_71    (0)    3 :  0.130 0.392 0.345 0.133 
216  BDNB_72    (0)    3 :  0.037 0.223 0.609 0.130 
217  BDNB_73    (0)    3 :  0.019 0.848 0.061 0.071 
218  BDNB_74    (0)    3 :  0.100 0.463 0.382 0.055 
219  BDNB_75    (0)    3 :  0.045 0.215 0.122 0.619 
220    BSB_1    (0)    4 :  0.369 0.131 0.053 0.447 
221    BSB_2    (0)    4 :  0.491 0.129 0.306 0.074 
222    BSB_3    (0)    4 :  0.032 0.058 0.877 0.034 
223    BSB_4    (0)    4 :  0.719 0.166 0.054 0.061 
224    BSB_5    (0)    4 :  0.721 0.062 0.156 0.062 
225    BSB_6    (0)    4 :  0.874 0.049 0.041 0.036 
226    BSB_7   (33)    4 :  0.678 0.115 0.093 0.114 
227    BSB_8    (0)    4 :  0.313 0.056 0.144 0.487 
228    BSB_9    (0)    4 :  0.078 0.036 0.835 0.051 
229   BSB_10    (0)    4 :  0.268 0.182 0.428 0.122 
230   BSB_11    (0)    4 :  0.764 0.061 0.099 0.075 
231   BSB_12    (0)    4 :  0.373 0.043 0.164 0.420 
232   BSB_13    (0)    4 :  0.523 0.336 0.076 0.065 
233   BSB_14    (0)    4 :  0.398 0.288 0.265 0.049 
234   BSB_15    (0)    4 :  0.370 0.061 0.017 0.551 
235   BSB_16    (6)    4 :  0.418 0.216 0.196 0.170 
236   BSB_17    (0)    4 :  0.572 0.321 0.055 0.052 
237   BSB_18    (0)    4 :  0.585 0.216 0.141 0.059 
238   BSB_19    (0)    4 :  0.838 0.062 0.036 0.064 
239   BSB_20    (0)    4 :  0.620 0.264 0.024 0.091 
240   BSB_21    (0)    4 :  0.465 0.375 0.098 0.062 
241   BSB_22    (0)    4 :  0.078 0.036 0.849 0.038 
242   BSB_23    (0)    4 :  0.714 0.082 0.167 0.037 
243   BSB_24    (0)    4 :  0.923 0.025 0.028 0.023 
244   BSB_25    (0)    4 :  0.855 0.029 0.090 0.026 
245   BSB_26    (0)    4 :  0.775 0.079 0.096 0.051 
246   BSB_27    (0)    4 :  0.416 0.312 0.049 0.223 
247   BSB_28    (0)    4 :  0.072 0.060 0.844 0.024 
248   BSB_29    (0)    4 :  0.935 0.020 0.028 0.018 
249   BSB_30    (0)    4 :  0.365 0.094 0.475 0.066 
250   BSB_31    (0)    4 :  0.070 0.362 0.206 0.362 
251   BSB_32    (0)    4 :  0.849 0.057 0.048 0.047 
252   BSB_33    (0)    4 :  0.449 0.167 0.189 0.194 
253   BSB_34    (0)    4 :  0.792 0.105 0.049 0.055 
254   BSB_35    (0)    4 :  0.860 0.042 0.049 0.049 
255   BSB_36    (0)    4 :  0.715 0.133 0.031 0.122 
256   BSB_37    (0)    4 :  0.826 0.101 0.040 0.034 
257   BSB_38   (60)    4 :  0.013 0.914 0.022 0.051 
258   BSB_39    (0)    4 :  0.191 0.147 0.096 0.566 
259   BSB_40    (0)    4 :  0.407 0.052 0.062 0.479 
260   BSB_41    (0)    4 :  0.510 0.113 0.242 0.134 
261   BSB_42    (0)    4 :  0.764 0.075 0.042 0.119 
262   BSB_43    (0)    4 :  0.530 0.267 0.074 0.129 
263   BSB_44    (0)    4 :  0.719 0.064 0.187 0.030 
264   BSB_45    (0)    4 :  0.178 0.384 0.128 0.310 
265   BSB_46    (0)    4 :  0.683 0.127 0.114 0.076 
266   BSB_47    (0)    4 :  0.828 0.086 0.028 0.058 
267   BSB_48    (0)    4 :  0.122 0.095 0.034 0.748 
268   BSB_49    (0)    4 :  0.368 0.080 0.048 0.504 
269   BSB_50   (60)    4 :  0.010 0.962 0.011 0.017 
270   BSB_51    (0)    4 :  0.111 0.086 0.076 0.727 
271   BSB_52    (0)    4 :  0.336 0.156 0.452 0.056 
272   BSB_53    (0)    4 :  0.559 0.326 0.073 0.041 
273   BSB_54    (0)    4 :  0.167 0.153 0.097 0.583 
274   BSB_55    (0)    4 :  0.189 0.092 0.629 0.091 
275   BSB_56    (0)    4 :  0.158 0.344 0.427 0.070 
276   BSB_57    (0)    4 :  0.815 0.033 0.120 0.031 
277   BSB_58    (0)    4 :  0.053 0.365 0.248 0.334 
278   BSB_59    (0)    4 :  0.900 0.036 0.030 0.034 
279   BSB_60   (60)    4 :  0.012 0.964 0.011 0.013 
280   BSB_61    (0)    4 :  0.877 0.055 0.030 0.039 
281   BSB_62    (0)    4 :  0.744 0.113 0.104 0.039 
282   BSB_63    (0)    4 :  0.578 0.042 0.355 0.025 
283   BSB_64    (0)    4 :  0.852 0.047 0.068 0.033 
284   BSB_65    (0)    4 :  0.750 0.044 0.142 0.065 
285   BSB_66    (0)    4 :  0.708 0.149 0.018 0.126 
286   BSB_67    (0)    4 :  0.377 0.463 0.074 0.087 
287   BSB_68    (0)    4 :  0.060 0.040 0.339 0.561 
288   BSB_69    (0)    4 :  0.028 0.428 0.392 0.152 
289   BSB_70    (0)    4 :  0.046 0.109 0.794 0.051 
290   BSB_71    (0)    4 :  0.609 0.280 0.086 0.024 
291   BSB_72    (0)    4 :  0.133 0.751 0.052 0.063 
292   BSB_73    (0)    4 :  0.275 0.170 0.178 0.377 
293   BSB_74    (0)    4 :  0.620 0.184 0.134 0.062 
294   BSB_75    (0)    4 :  0.363 0.432 0.057 0.148 
295   BSB_76    (0)    4 :  0.737 0.111 0.115 0.037 
296   BSB_77   (53)    4 :  0.009 0.969 0.010 0.012 
297   BSB_78    (0)    4 :  0.386 0.275 0.277 0.062 
298    CCR_1    (0)    5 :  0.080 0.113 0.027 0.781 
299    CCR_2    (0)    5 :  0.035 0.102 0.163 0.700 
300    CCR_3    (0)    5 :  0.077 0.324 0.158 0.441 
301    CCR_4    (0)    5 :  0.072 0.110 0.123 0.695 
302    CCR_5    (0)    5 :  0.070 0.123 0.187 0.620 
303    CCR_6    (0)    5 :  0.026 0.046 0.018 0.910 
304    CCR_7    (0)    5 :  0.042 0.080 0.166 0.712 
305    CCR_8    (0)    5 :  0.075 0.610 0.226 0.088 
306    CCR_9    (0)    5 :  0.027 0.035 0.030 0.908 
307   CCR_10    (0)    5 :  0.069 0.623 0.067 0.241 
308   CCR_11    (0)    5 :  0.028 0.056 0.036 0.880 
309   CCR_12    (0)    5 :  0.039 0.083 0.059 0.819 
310   CCR_13    (0)    5 :  0.020 0.174 0.053 0.753 
311   CCR_14    (0)    5 :  0.091 0.452 0.123 0.335 
312   CCR_15    (0)    5 :  0.017 0.212 0.059 0.712 
313   CCR_16    (0)    5 :  0.206 0.102 0.548 0.143 
314   CCR_17    (0)    5 :  0.024 0.633 0.054 0.289 
315   CCR_18    (0)    5 :  0.016 0.322 0.417 0.246 
316   CCR_19    (0)    5 :  0.029 0.071 0.035 0.865 
317   CCR_20    (0)    5 :  0.193 0.119 0.037 0.652 
318   CCR_21    (0)    5 :  0.141 0.030 0.042 0.788 
319   CCR_22    (0)    5 :  0.090 0.065 0.099 0.745 
320   CCR_23    (0)    5 :  0.036 0.034 0.060 0.870 
321   CCR_24    (0)    5 :  0.017 0.036 0.024 0.923 
322   CCR_25    (0)    5 :  0.079 0.678 0.060 0.184 
323   CCR_26    (0)    5 :  0.313 0.143 0.041 0.503 
324   CCR_27    (0)    5 :  0.019 0.082 0.038 0.861 
325   CCR_28    (0)    5 :  0.228 0.035 0.050 0.687 
326   CCR_29    (0)    5 :  0.027 0.038 0.019 0.916 
327   CCR_30    (0)    5 :  0.029 0.077 0.040 0.854 
328   CCR_31    (0)    5 :  0.111 0.391 0.213 0.285 
329   CCR_32    (0)    5 :  0.593 0.060 0.028 0.319 
330   CCR_33    (0)    5 :  0.038 0.338 0.079 0.544 
331   CCR_34    (0)    5 :  0.036 0.039 0.042 0.882 
332   CCR_35    (0)    5 :  0.093 0.162 0.113 0.631 
333   CCR_36    (0)    5 :  0.052 0.395 0.225 0.329 
334   CCR_37    (0)    5 :  0.439 0.055 0.045 0.461 
335   CCR_38    (0)    5 :  0.030 0.044 0.068 0.858 
336   CCR_39    (0)    5 :  0.019 0.032 0.039 0.910 
337   CCR_40    (0)    5 :  0.179 0.329 0.325 0.167 
338   CCR_41    (0)    5 :  0.042 0.076 0.065 0.817 
339   CCR_42    (0)    5 :  0.095 0.051 0.045 0.810 
340   CCR_43    (0)    5 :  0.032 0.117 0.063 0.787 
341   CCR_44    (0)    5 :  0.619 0.050 0.124 0.207 
342   CCR_45    (0)    5 :  0.095 0.125 0.031 0.750 
343   CCR_46    (0)    5 :  0.176 0.097 0.030 0.698 
344   CCR_47    (0)    5 :  0.057 0.094 0.032 0.816 
345   CCR_48    (0)    5 :  0.039 0.418 0.082 0.461 
346   CCR_49    (0)    5 :  0.326 0.086 0.145 0.443 
347   CCR_50    (0)    5 :  0.062 0.079 0.281 0.578 
348   CCR_51    (0)    5 :  0.090 0.044 0.013 0.853 
349   CCR_52    (0)    5 :  0.089 0.217 0.046 0.649 
350   CCR_53    (0)    5 :  0.052 0.190 0.127 0.631 
351   CCR_54    (0)    5 :  0.078 0.155 0.260 0.507 
352   CCR_55    (0)    5 :  0.230 0.059 0.050 0.660 
353   CCR_56    (0)    5 :  0.053 0.047 0.072 0.829 
354   CCR_57    (0)    5 :  0.066 0.289 0.056 0.589 
355   CCR_58    (0)    5 :  0.038 0.142 0.081 0.739 
356   CCR_59    (0)    5 :  0.197 0.108 0.057 0.638 
357   CCR_60    (0)    5 :  0.211 0.061 0.582 0.146 
358   CCR_61    (0)    5 :  0.020 0.030 0.026 0.925 
359   CCR_62    (0)    5 :  0.049 0.159 0.062 0.730 
360   CCR_63    (0)    5 :  0.045 0.023 0.037 0.895 
361   CCR_64    (0)    5 :  0.088 0.053 0.041 0.817 
362   CCR_65    (0)    5 :  0.026 0.030 0.024 0.919 
363   CCR_66    (0)    5 :  0.021 0.033 0.018 0.928 
364   CCR_67    (0)    5 :  0.020 0.055 0.047 0.877 
365   CCR_68    (0)    5 :  0.026 0.044 0.023 0.907 
366   CCR_69    (0)    5 :  0.031 0.028 0.026 0.915 
367   CCR_70    (0)    5 :  0.022 0.058 0.042 0.878 
368   CCR_71    (0)    5 :  0.060 0.049 0.046 0.845 
369   CCR_72    (0)    5 :  0.037 0.136 0.041 0.786 
370   CCR_73    (0)    5 :  0.040 0.037 0.026 0.897 
371   CCR_74    (0)    5 :  0.175 0.126 0.119 0.580 
372   CCR_75    (0)    5 :  0.037 0.024 0.096 0.843 
373   CCR_76    (0)    5 :  0.021 0.086 0.751 0.141 
374   CCR_77    (0)    5 :  0.042 0.041 0.038 0.879 
375   CCR_78    (0)    5 :  0.230 0.070 0.139 0.561 
376   CCR_79    (0)    5 :  0.095 0.056 0.057 0.791 
377   CCR_80    (0)    5 :  0.025 0.037 0.031 0.907 
378    CMB_1    (0)    6 :  0.025 0.039 0.029 0.907 
379    CMB_2    (0)    6 :  0.016 0.025 0.013 0.945 
380    CMB_3    (0)    6 :  0.031 0.037 0.042 0.890 
381    CMB_4    (0)    6 :  0.020 0.029 0.209 0.742 
382    CMB_5    (0)    6 :  0.016 0.091 0.123 0.770 
383    CMB_6    (0)    6 :  0.035 0.178 0.025 0.762 
384    CMB_7    (0)    6 :  0.038 0.053 0.022 0.886 
385    CMB_8    (0)    6 :  0.058 0.062 0.155 0.725 
386    CMB_9    (0)    6 :  0.146 0.430 0.032 0.392 
387   CMB_10    (0)    6 :  0.023 0.082 0.619 0.276 
388   CMB_11    (0)    6 :  0.060 0.061 0.040 0.838 
389   CMB_12    (0)    6 :  0.023 0.027 0.074 0.877 
390   CMB_13    (0)    6 :  0.039 0.065 0.061 0.835 
391   CMB_14    (0)    6 :  0.036 0.033 0.025 0.907 
392   CMB_15    (0)    6 :  0.083 0.066 0.043 0.808 
393   CMB_16    (0)    6 :  0.039 0.032 0.357 0.571 
394   CMB_17    (0)    6 :  0.122 0.081 0.092 0.705 
395   CMB_18    (0)    6 :  0.140 0.033 0.045 0.782 
396   CMB_19    (0)    6 :  0.026 0.049 0.192 0.733 
397   CMB_20    (0)    6 :  0.024 0.080 0.133 0.762 
398   CMB_21    (0)    6 :  0.019 0.023 0.036 0.922 
399   CMB_22    (0)    6 :  0.064 0.058 0.072 0.806 
400   CMB_23    (0)    6 :  0.029 0.030 0.050 0.890 
401   CMB_24    (0)    6 :  0.047 0.087 0.406 0.460 
402   CMB_25    (0)    6 :  0.160 0.035 0.028 0.777 
403   CMB_26    (0)    6 :  0.086 0.022 0.053 0.840 
404   CMB_27    (0)    6 :  0.027 0.191 0.150 0.632 
405   CMB_28    (0)    6 :  0.018 0.020 0.020 0.942 
406   CMB_29    (0)    6 :  0.061 0.220 0.075 0.645 
407   CMB_30    (0)    6 :  0.070 0.042 0.032 0.856 
408   CMB_31    (0)    6 :  0.040 0.028 0.070 0.862 
409   CMB_32    (0)    6 :  0.037 0.101 0.174 0.688 
410   CMB_33    (0)    6 :  0.045 0.019 0.028 0.908 
411   CMB_34    (0)    6 :  0.023 0.060 0.216 0.701 
412   CMB_35    (0)    6 :  0.108 0.025 0.049 0.818 
413   CMB_36    (0)    6 :  0.035 0.048 0.094 0.823 
414   CMB_37    (0)    6 :  0.023 0.022 0.016 0.938 
415   CMB_38    (0)    6 :  0.041 0.047 0.019 0.893 
416   CMB_39    (0)    6 :  0.043 0.031 0.038 0.888 
417   CMB_40    (0)    6 :  0.057 0.072 0.253 0.618 
418   CMB_41    (0)    6 :  0.157 0.047 0.098 0.698 
419   CMB_42    (0)    6 :  0.140 0.074 0.081 0.705 
420   CMB_43    (0)    6 :  0.085 0.416 0.253 0.247 
421   CMB_44    (0)    6 :  0.173 0.446 0.288 0.092 
422   CMB_45    (0)    6 :  0.023 0.027 0.029 0.921 
423   CMB_46    (0)    6 :  0.053 0.070 0.356 0.521 
424   CMB_47    (0)    6 :  0.025 0.075 0.614 0.286 
425   CMB_48    (0)    6 :  0.033 0.034 0.058 0.876 
426   CMB_49    (0)    6 :  0.015 0.049 0.014 0.922 
427   CMB_50    (0)    6 :  0.016 0.025 0.047 0.912 
428   CMB_51    (0)    6 :  0.034 0.063 0.025 0.878 
429   CMB_52    (0)    6 :  0.033 0.031 0.028 0.908 
430   CMB_53    (0)    6 :  0.131 0.070 0.038 0.761 
431   CMB_54    (0)    6 :  0.063 0.328 0.140 0.469 
432   CMB_55    (0)    6 :  0.058 0.067 0.041 0.833 
433   CMB_56    (0)    6 :  0.209 0.182 0.116 0.493 
434   CMB_57    (0)    6 :  0.023 0.046 0.056 0.875 
435   CMB_58    (0)    6 :  0.038 0.140 0.114 0.708 
436   CMB_59    (0)    6 :  0.068 0.038 0.071 0.823 
437   CMB_60    (0)    6 :  0.018 0.036 0.021 0.924 
438   CMB_61    (0)    6 :  0.037 0.031 0.019 0.913 
439   CMB_62    (0)    6 :  0.037 0.061 0.074 0.829 
440   CMB_63    (0)    6 :  0.041 0.157 0.031 0.771 
441   CMB_64    (0)    6 :  0.024 0.036 0.044 0.896 
442   CMB_65    (0)    6 :  0.029 0.021 0.032 0.918 
443   CMB_66    (0)    6 :  0.032 0.106 0.023 0.838 
444   CMB_67    (0)    6 :  0.031 0.061 0.121 0.787 
445   CMB_68    (0)    6 :  0.038 0.044 0.038 0.880 
446   CMB_69    (0)    6 :  0.077 0.028 0.094 0.802 
447   CMB_70    (0)    6 :  0.102 0.041 0.600 0.257 
448   CMB_71    (0)    6 :  0.029 0.033 0.038 0.900 
449   CMB_72    (0)    6 :  0.059 0.055 0.059 0.827 
450   CMB_73    (0)    6 :  0.720 0.127 0.031 0.122 
451   CMB_74    (0)    6 :  0.121 0.220 0.170 0.490 
452   CMB_75    (0)    6 :  0.078 0.031 0.637 0.254 
453   CMB_76    (6)    6 :  0.308 0.422 0.119 0.150 
454   CMB_77    (0)    6 :  0.044 0.066 0.133 0.757 
455    CNR_1    (0)    7 :  0.183 0.023 0.021 0.773 
456    CNR_2    (0)    7 :  0.251 0.129 0.116 0.504 
457    CNR_3    (0)    7 :  0.095 0.038 0.028 0.839 
458    CNR_4    (0)    7 :  0.027 0.021 0.033 0.919 
459    CNR_5    (0)    7 :  0.062 0.117 0.060 0.762 
460    CNR_6    (0)    7 :  0.092 0.029 0.066 0.814 
461    CNR_7    (0)    7 :  0.056 0.085 0.055 0.804 
462    CNR_8    (0)    7 :  0.026 0.036 0.030 0.909 
463    CNR_9    (0)    7 :  0.032 0.081 0.048 0.839 
464   CNR_10    (0)    7 :  0.019 0.027 0.030 0.924 
465   CNR_11    (0)    7 :  0.032 0.038 0.038 0.892 
466   CNR_12    (0)    7 :  0.021 0.027 0.016 0.936 
467   CNR_13    (0)    7 :  0.027 0.025 0.029 0.918 
468   CNR_14    (0)    7 :  0.065 0.191 0.124 0.620 
469   CNR_15    (0)    7 :  0.044 0.025 0.040 0.890 
470   CNR_16    (0)    7 :  0.030 0.038 0.027 0.905 
471   CNR_17    (0)    7 :  0.020 0.044 0.026 0.910 
472   CNR_18    (0)    7 :  0.023 0.088 0.038 0.851 
473   CNR_19    (0)    7 :  0.024 0.030 0.028 0.918 
474   CNR_20    (0)    7 :  0.030 0.040 0.046 0.884 
475   CNR_21    (0)    7 :  0.118 0.041 0.031 0.810 
476   CNR_22    (0)    7 :  0.031 0.042 0.060 0.868 
477   CNR_23    (0)    7 :  0.027 0.036 0.053 0.885 
478   CNR_24    (0)    7 :  0.034 0.022 0.028 0.917 
479   CNR_25    (0)    7 :  0.055 0.094 0.037 0.814 
480   CNR_26    (0)    7 :  0.065 0.030 0.021 0.883 
481   CNR_27    (0)    7 :  0.024 0.154 0.076 0.745 
482   CNR_28    (0)    7 :  0.325 0.072 0.129 0.474 
483   CNR_29    (0)    7 :  0.096 0.075 0.026 0.803 
484   CNR_30    (0)    7 :  0.042 0.078 0.074 0.806 
485   CNR_31    (0)    7 :  0.017 0.034 0.038 0.911 
486   CNR_32    (0)    7 :  0.014 0.017 0.013 0.955 
487   CNR_33    (0)    7 :  0.029 0.035 0.016 0.920 
488   CNR_34    (0)    7 :  0.054 0.155 0.124 0.666 
489   CNR_35    (6)    7 :  0.020 0.017 0.029 0.934 
490   CNR_36    (0)    7 :  0.055 0.033 0.621 0.290 
491   CNR_37    (0)    7 :  0.090 0.036 0.061 0.813 
492   CNR_38    (0)    7 :  0.036 0.128 0.038 0.797 
493   CNR_39    (0)    7 :  0.021 0.035 0.040 0.905 
494   CNR_40    (0)    7 :  0.079 0.116 0.038 0.767 
495   CNR_41    (6)    7 :  0.024 0.030 0.040 0.906 
496   CNR_42    (0)    7 :  0.017 0.034 0.015 0.933 
497   CNR_43    (0)    7 :  0.026 0.076 0.085 0.812 
498   CNR_44    (0)    7 :  0.266 0.048 0.150 0.535 
499   CNR_45    (0)    7 :  0.026 0.021 0.031 0.922 
500   CNR_46    (0)    7 :  0.024 0.022 0.048 0.907 
501   CNR_47    (0)    7 :  0.033 0.033 0.025 0.909 
502   CNR_48    (0)    7 :  0.020 0.020 0.016 0.943 
503   CNR_49    (0)    7 :  0.022 0.035 0.055 0.888 
504   CNR_50    (0)    7 :  0.466 0.038 0.028 0.468 
505   CNR_51    (0)    7 :  0.068 0.036 0.178 0.717 
506   CNR_52    (0)    7 :  0.036 0.028 0.034 0.901 
507   CNR_53    (0)    7 :  0.014 0.021 0.043 0.921 
508   CNR_54    (0)    7 :  0.021 0.058 0.232 0.688 
509   CNR_55    (0)    7 :  0.050 0.103 0.037 0.810 
510   CNR_56    (0)    7 :  0.029 0.039 0.204 0.728 
511   CNR_57    (0)    7 :  0.053 0.056 0.065 0.827 
512   CNR_58    (0)    7 :  0.060 0.042 0.035 0.863 
513   CNR_59    (0)    7 :  0.141 0.059 0.047 0.753 
514   CNR_60    (0)    7 :  0.041 0.109 0.033 0.817 
515   CNR_61    (0)    7 :  0.032 0.067 0.057 0.844 
516   CNR_62    (0)    7 :  0.032 0.160 0.027 0.780 
517   CNR_63    (0)    7 :  0.094 0.076 0.042 0.788 
518   CNR_64    (0)    7 :  0.029 0.041 0.051 0.879 
519   CNR_65    (0)    7 :  0.023 0.019 0.030 0.928 
520   CNR_66    (0)    7 :  0.030 0.033 0.016 0.921 
521   CNR_67    (0)    7 :  0.075 0.083 0.060 0.782 
522   CNR_68    (0)    7 :  0.025 0.480 0.039 0.456 
523   CNR_69    (0)    7 :  0.074 0.031 0.204 0.691 
524   CNR_70    (0)    7 :  0.051 0.086 0.183 0.680 
525   CNR_71    (0)    7 :  0.019 0.024 0.208 0.749 
526   CNR_72    (0)    7 :  0.032 0.035 0.130 0.802 
527   CNR_73    (0)    7 :  0.028 0.032 0.038 0.902 
528   CNR_74    (0)    7 :  0.154 0.056 0.161 0.628 
529   CNR_75    (0)    7 :  0.034 0.038 0.017 0.911 
530   CNR_76    (0)    7 :  0.020 0.030 0.028 0.922 
531   CNR_77    (0)    7 :  0.074 0.029 0.018 0.880 
532   CNR_78    (0)    7 :  0.020 0.024 0.016 0.941 
533   CNR_79    (0)    7 :  0.018 0.026 0.023 0.933 
534   CNR_80    (0)    7 :  0.016 0.021 0.033 0.930 
535   CNR_81    (0)    7 :  0.030 0.103 0.028 0.840 
536   CNR_82    (0)    7 :  0.027 0.033 0.070 0.869 
537   CNR_83    (0)    7 :  0.038 0.025 0.029 0.908 
538   CNR_84    (0)    7 :  0.037 0.038 0.028 0.897 
539   CNR_85    (0)    7 :  0.065 0.021 0.044 0.870 
540   CNR_86    (0)    7 :  0.028 0.122 0.137 0.713 
541   CNR_87    (0)    7 :  0.036 0.023 0.043 0.898 
542   CNR_88    (0)    7 :  0.022 0.022 0.038 0.918 
543   CNR_89    (0)    7 :  0.034 0.122 0.054 0.790 
544   CNR_90    (0)    7 :  0.042 0.076 0.070 0.812 
545   CNR_91    (0)    7 :  0.024 0.042 0.068 0.866 
546   CNR_92    (0)    7 :  0.051 0.060 0.030 0.859 
547   CNR_93    (0)    7 :  0.023 0.056 0.049 0.872 
548   CNR_94    (0)    7 :  0.022 0.026 0.030 0.922 
549   CNR_95    (0)    7 :  0.036 0.047 0.050 0.867 
550   CNR_96    (0)    7 :  0.038 0.041 0.076 0.845 
551   CNR_97    (0)    7 :  0.023 0.031 0.234 0.711 
552   CNR_98    (0)    7 :  0.038 0.023 0.026 0.913 
553   CNR_99    (0)    7 :  0.028 0.044 0.027 0.901 
554    DHB_1    (0)    8 :  0.107 0.067 0.066 0.760 
555    DHB_2    (0)    8 :  0.026 0.606 0.230 0.138 
556    DHB_3    (0)    8 :  0.050 0.576 0.071 0.302 
557    DHB_4    (0)    8 :  0.305 0.071 0.220 0.403 
558    DHB_5    (0)    8 :  0.137 0.118 0.077 0.669 
559    DHB_6    (0)    8 :  0.043 0.130 0.176 0.651 
560    DHB_7    (0)    8 :  0.034 0.251 0.054 0.662 
561    DHB_8    (0)    8 :  0.031 0.032 0.020 0.917 
562    DHB_9    (0)    8 :  0.281 0.128 0.190 0.400 
563   DHB_10    (0)    8 :  0.055 0.071 0.134 0.739 
564   DHB_11    (0)    8 :  0.027 0.040 0.159 0.775 
565   DHB_12    (0)    8 :  0.054 0.046 0.033 0.867 
566   DHB_13    (0)    8 :  0.203 0.231 0.477 0.089 
567   DHB_14    (0)    8 :  0.100 0.138 0.067 0.695 
568   DHB_15    (0)    8 :  0.304 0.050 0.407 0.240 
569   DHB_16    (0)    8 :  0.321 0.229 0.113 0.338 
570   DHB_17    (0)    8 :  0.480 0.252 0.081 0.186 
571   DHB_18    (0)    8 :  0.076 0.044 0.046 0.835 
572   DHB_19    (0)    8 :  0.056 0.788 0.058 0.098 
573   DHB_20    (0)    8 :  0.072 0.112 0.108 0.708 
574   DHB_21    (0)    8 :  0.026 0.285 0.037 0.652 
575   DHB_22    (0)    8 :  0.323 0.047 0.020 0.610 
576   DHB_23    (0)    8 :  0.183 0.042 0.456 0.319 
577   DHB_24    (0)    8 :  0.576 0.083 0.061 0.279 
578   DHB_25    (0)    8 :  0.113 0.120 0.184 0.582 
579   DHB_26    (0)    8 :  0.289 0.284 0.202 0.225 
580   DHB_27    (0)    8 :  0.093 0.160 0.355 0.391 
581   DHB_28    (0)    8 :  0.066 0.237 0.070 0.626 
582   DHB_29    (0)    8 :  0.110 0.395 0.261 0.234 
583   DHB_30    (0)    8 :  0.081 0.276 0.058 0.585 
584   DHB_31    (0)    8 :  0.131 0.090 0.026 0.753 
585   DHB_32    (0)    8 :  0.084 0.395 0.379 0.142 
586   DHB_33    (0)    8 :  0.642 0.054 0.030 0.274 
587   DHB_34    (0)    8 :  0.221 0.273 0.050 0.456 
588   DHB_35    (0)    8 :  0.077 0.658 0.187 0.077 
589   DHB_36    (0)    8 :  0.157 0.224 0.022 0.597 
590   DHB_37    (0)    8 :  0.033 0.405 0.069 0.494 
591   DHB_38    (0)    8 :  0.050 0.179 0.320 0.451 
592   DHB_39    (0)    8 :  0.093 0.045 0.021 0.841 
593   DHB_40    (0)    8 :  0.041 0.193 0.050 0.717 
594   DHB_41    (0)    8 :  0.035 0.168 0.656 0.142 
595   DHB_42    (0)    8 :  0.044 0.212 0.025 0.718 
596   DHB_43    (0)    8 :  0.163 0.043 0.062 0.731 
597   DHB_44    (0)    8 :  0.300 0.045 0.085 0.570 
598   DHB_45    (0)    8 :  0.029 0.293 0.024 0.654 
599   DHB_46    (0)    8 :  0.045 0.182 0.223 0.550 
600   DHB_47    (0)    8 :  0.061 0.227 0.071 0.641 
601   DHB_48    (0)    8 :  0.042 0.074 0.098 0.786 
602   DHB_49    (0)    8 :  0.293 0.254 0.119 0.333 
603   DHB_50    (0)    8 :  0.100 0.349 0.076 0.476 
604   DHB_51    (0)    8 :  0.033 0.778 0.034 0.155 
605   DHB_52    (0)    8 :  0.091 0.051 0.084 0.774 
606   DHB_53    (0)    8 :  0.250 0.040 0.427 0.283 
607   DHB_54    (0)    8 :  0.048 0.052 0.030 0.869 
608   DHB_55    (0)    8 :  0.018 0.048 0.020 0.914 
609   DHB_56    (0)    8 :  0.042 0.337 0.395 0.227 
610   DHB_57    (0)    8 :  0.320 0.176 0.067 0.436 
611   DHB_58    (0)    8 :  0.099 0.107 0.028 0.765 
612   DHB_59    (0)    8 :  0.263 0.095 0.310 0.332 
613   DHB_60    (0)    8 :  0.073 0.059 0.029 0.839 
614   DHB_61    (0)    8 :  0.621 0.053 0.064 0.263 
615   DHB_62    (0)    8 :  0.483 0.254 0.060 0.202 
616   DHB_63    (0)    8 :  0.125 0.065 0.081 0.729 
617   DHB_64    (0)    8 :  0.747 0.056 0.040 0.157 
618   DHB_65    (0)    8 :  0.068 0.374 0.240 0.319 
619   DHB_66    (0)    8 :  0.128 0.505 0.185 0.183 
620   DHB_67    (0)    8 :  0.052 0.069 0.813 0.066 
621   DHB_68    (0)    8 :  0.103 0.626 0.176 0.095 
622   DHB_69    (0)    8 :  0.046 0.057 0.043 0.854 
623   DHB_70    (0)    8 :  0.067 0.395 0.086 0.453 
624   DHB_71    (0)    8 :  0.053 0.668 0.038 0.241 
625   DHB_72    (0)    8 :  0.081 0.260 0.035 0.623 
626   DHB_73    (0)    8 :  0.089 0.123 0.089 0.699 
627   DHB_74    (0)    8 :  0.248 0.047 0.020 0.684 
628   DHB_75    (0)    8 :  0.037 0.179 0.039 0.745 
629   DHB_76    (0)    8 :  0.067 0.165 0.034 0.734 
630   DHB_77    (0)    8 :  0.533 0.070 0.331 0.066 
631   DHB_78    (0)    8 :  0.268 0.327 0.217 0.188 
632    FBS_1    (0)    9 :  0.047 0.858 0.034 0.061 
633    FBS_2    (0)    9 :  0.521 0.097 0.048 0.334 
634    FBS_3    (0)    9 :  0.086 0.207 0.041 0.666 
635    FBS_4    (0)    9 :  0.035 0.083 0.801 0.081 
636    FBS_5    (0)    9 :  0.055 0.233 0.076 0.636 
637    FBS_6    (0)    9 :  0.060 0.336 0.176 0.427 
638    FBS_7    (0)    9 :  0.025 0.018 0.054 0.903 
639    FBS_8    (0)    9 :  0.172 0.233 0.163 0.432 
640    FBS_9    (0)    9 :  0.058 0.043 0.023 0.875 
641   FBS_10    (0)    9 :  0.281 0.074 0.067 0.578 
642   FBS_11    (0)    9 :  0.017 0.748 0.046 0.189 
643   FBS_12    (0)    9 :  0.021 0.096 0.582 0.302 
644   FBS_13    (0)    9 :  0.070 0.114 0.038 0.777 
645   FBS_14    (0)    9 :  0.042 0.254 0.203 0.500 
646   FBS_15    (0)    9 :  0.031 0.382 0.309 0.278 
647   FBS_16    (0)    9 :  0.084 0.251 0.423 0.241 
648   FBS_17    (0)    9 :  0.151 0.159 0.288 0.402 
649   FBS_18    (0)    9 :  0.113 0.354 0.177 0.355 
650   FBS_19    (0)    9 :  0.094 0.198 0.030 0.678 
651   FBS_20    (0)    9 :  0.102 0.086 0.027 0.785 
652   FBS_21    (0)    9 :  0.218 0.102 0.145 0.535 
653   FBS_22    (0)    9 :  0.089 0.542 0.103 0.265 
654   FBS_23    (0)    9 :  0.030 0.085 0.594 0.291 
655   FBS_24   (26)    9 :  0.089 0.152 0.275 0.483 
656   FBS_25    (0)    9 :  0.028 0.151 0.613 0.207 
657   FBS_26    (0)    9 :  0.226 0.446 0.259 0.070 
658   FBS_27    (0)    9 :  0.027 0.128 0.045 0.800 
659   FBS_28    (0)    9 :  0.029 0.747 0.111 0.112 
660   FBS_29    (0)    9 :  0.084 0.550 0.054 0.312 
661   FBS_30    (0)    9 :  0.063 0.074 0.146 0.717 
