

----------------------------------------------------
STRUCTURE by Pritchard, Stephens and Donnelly (2000)
     and Falush, Stephens and Pritchard (2003)
       Code by Pritchard, Falush and Hubisz
             Version 2.3.4 (Jul 2012)
----------------------------------------------------



Command line arguments:   structure -m /global/home/hpc3579/salmon/mainparamsnewfoundlandfiles/mainparamsnewfoundland5 -e /global/home/hpc3579/salmon/extraparams_newfoundlandfile -K 5 
Input File:    /global/home/hpc3579/salmon/NewfoundlandStruc.txt

Run parameters:
   5235 individuals
   15 loci
   5 populations assumed
   100000 Burn-in period
   1000000 Reps


--------------------------------------------
Proportion of membership of each pre-defined
 population in each of the 5 clusters

Given    Inferred Clusters                     Number of
 Pop       1      2      3      4      5      Individuals

  1:     0.045  0.051  0.777  0.068  0.060       68
  2:     0.114  0.181  0.102  0.314  0.288       76
  3:     0.128  0.103  0.104  0.266  0.399       75
  4:     0.167  0.077  0.389  0.142  0.225       78
  5:     0.065  0.590  0.072  0.177  0.096       80
  6:     0.071  0.056  0.043  0.767  0.064       77
  7:     0.034  0.050  0.032  0.848  0.036       99
  8:     0.092  0.500  0.122  0.162  0.125       78
  9:     0.077  0.128  0.067  0.610  0.119       74
 10:     0.113  0.249  0.148  0.160  0.330      100
 11:     0.065  0.150  0.397  0.099  0.289      100
 12:     0.077  0.572  0.064  0.197  0.090       75
 13:     0.073  0.573  0.056  0.203  0.095       77
 14:     0.089  0.507  0.101  0.180  0.123       82
 15:     0.071  0.608  0.067  0.147  0.108       75
 16:     0.096  0.153  0.104  0.299  0.348       56
 17:     0.064  0.621  0.042  0.167  0.105       70
 18:     0.046  0.046  0.032  0.814  0.062       82
 19:     0.053  0.070  0.701  0.053  0.123       75
 20:     0.084  0.251  0.361  0.085  0.219       57
 21:     0.064  0.046  0.794  0.059  0.038      111
 22:     0.110  0.132  0.581  0.087  0.090       88
 23:     0.102  0.125  0.118  0.448  0.208       69
 24:     0.053  0.256  0.035  0.594  0.062       75
 25:     0.078  0.109  0.541  0.085  0.187      100
 26:     0.065  0.097  0.034  0.756  0.049       76
 27:     0.128  0.138  0.435  0.089  0.209       84
 28:     0.111  0.101  0.638  0.069  0.081       74
 29:     0.188  0.044  0.155  0.039  0.573       51
 30:     0.037  0.047  0.796  0.063  0.057       75
 31:     0.023  0.022  0.901  0.024  0.029       71
 32:     0.112  0.539  0.071  0.175  0.103       66
 33:     0.676  0.074  0.041  0.096  0.113       81
 34:     0.130  0.146  0.068  0.215  0.441       50
 35:     0.047  0.588  0.037  0.150  0.177       50
 36:     0.063  0.679  0.080  0.088  0.089      100
 37:     0.760  0.052  0.048  0.053  0.087       94
 38:     0.104  0.138  0.047  0.222  0.489      100
 39:     0.155  0.151  0.090  0.190  0.413       50
 40:     0.094  0.508  0.078  0.162  0.159       98
 41:     0.087  0.512  0.076  0.077  0.247       50
 42:     0.878  0.024  0.028  0.025  0.044       99
 43:     0.116  0.470  0.081  0.176  0.157       99
 44:     0.118  0.162  0.063  0.138  0.519      100
 45:     0.184  0.185  0.058  0.157  0.417       48
 46:     0.724  0.079  0.045  0.076  0.075       28
 47:     0.197  0.171  0.141  0.122  0.369       50
 48:     0.159  0.066  0.062  0.183  0.530      100
 49:     0.136  0.124  0.049  0.170  0.521       50
 50:     0.722  0.093  0.044  0.085  0.056       41
 51:     0.121  0.172  0.089  0.189  0.429       50
 52:     0.068  0.522  0.056  0.083  0.271      100
 53:     0.069  0.644  0.086  0.097  0.104       98
 54:     0.213  0.203  0.073  0.217  0.293      100
 55:     0.020  0.025  0.915  0.023  0.018       95
 56:     0.055  0.597  0.050  0.106  0.191       50
 57:     0.161  0.135  0.164  0.179  0.361       70
 58:     0.684  0.096  0.044  0.078  0.099      100
 59:     0.100  0.189  0.077  0.202  0.433       50
 60:     0.048  0.093  0.022  0.044  0.793       50
 61:     0.122  0.407  0.075  0.114  0.283      100
 62:     0.775  0.085  0.030  0.052  0.058       41
 63:     0.697  0.075  0.044  0.076  0.108      100
 64:     0.098  0.153  0.037  0.078  0.634       50
 65:     0.658  0.106  0.072  0.091  0.074      100
 66:     0.124  0.114  0.046  0.142  0.574       49
 67:     0.170  0.154  0.100  0.245  0.331      100
 68:     0.268  0.214  0.066  0.116  0.336       50
 69:     0.084  0.154  0.036  0.112  0.614      100
--------------------------------------------

Allele-freq. divergence among pops (Net nucleotide distance),
computed using point estimates of P.

      1       2       3       4       5      
 1      -    0.0194  0.0345  0.0194  0.0152  
 2   0.0194     -    0.0210  0.0080  0.0081  
 3   0.0345  0.0210     -    0.0254  0.0212  
 4   0.0194  0.0080  0.0254     -    0.0111  
 5   0.0152  0.0081  0.0212  0.0111     -    

Average distances (expected heterozygosity) between individuals in same cluster:
cluster  1  : 0.8745 
cluster  2  : 0.8789 
cluster  3  : 0.8545 
cluster  4  : 0.8666 
cluster  5  : 0.8715 

--------------------------------------------
Estimated Ln Prob of Data   = -396992.8
Mean value of ln likelihood = -392835.0
Variance of ln likelihood   = 8315.7
Mean value of alpha         = 0.0876

Mean value of Fst_1         = 0.0143
Mean value of Fst_2         = 0.0100
Mean value of Fst_3         = 0.0248
Mean value of Fst_4         = 0.0125
Mean value of Fst_5         = 0.0085


Inferred ancestry of individuals:
        Label (%Miss) Pop:  Inferred clusters
  1    BBA_1    (0)    1 :  0.060 0.029 0.809 0.043 0.059 
  2    BBA_2    (0)    1 :  0.070 0.089 0.752 0.025 0.064 
  3    BBA_3    (0)    1 :  0.012 0.015 0.931 0.023 0.019 
  4    BBA_4    (0)    1 :  0.034 0.043 0.820 0.057 0.046 
  5    BBA_5    (0)    1 :  0.015 0.027 0.916 0.028 0.014 
  6    BBA_6    (0)    1 :  0.035 0.049 0.686 0.119 0.110 
  7    BBA_7    (0)    1 :  0.014 0.014 0.938 0.017 0.016 
  8    BBA_8    (0)    1 :  0.013 0.031 0.866 0.070 0.020 
  9    BBA_9    (0)    1 :  0.022 0.011 0.929 0.023 0.015 
 10   BBA_10    (0)    1 :  0.033 0.019 0.647 0.279 0.022 
 11   BBA_11    (0)    1 :  0.079 0.035 0.694 0.031 0.162 
 12   BBA_12    (0)    1 :  0.016 0.020 0.902 0.028 0.035 
 13   BBA_13    (0)    1 :  0.048 0.065 0.300 0.237 0.350 
 14   BBA_14    (0)    1 :  0.021 0.029 0.898 0.030 0.022 
 15   BBA_15    (0)    1 :  0.064 0.067 0.344 0.371 0.153 
 16   BBA_16    (0)    1 :  0.027 0.011 0.927 0.020 0.014 
 17   BBA_17    (0)    1 :  0.034 0.013 0.911 0.020 0.021 
 18   BBA_18    (0)    1 :  0.019 0.014 0.919 0.022 0.025 
 19   BBA_19    (0)    1 :  0.014 0.018 0.924 0.027 0.018 
 20   BBA_20    (0)    1 :  0.015 0.018 0.922 0.023 0.021 
 21   BBA_21    (0)    1 :  0.026 0.031 0.818 0.093 0.032 
 22   BBA_22    (0)    1 :  0.045 0.017 0.862 0.040 0.036 
 23   BBA_23    (0)    1 :  0.020 0.025 0.922 0.018 0.015 
 24   BBA_24    (0)    1 :  0.097 0.065 0.771 0.046 0.022 
 25   BBA_25    (0)    1 :  0.012 0.012 0.950 0.011 0.016 
 26   BBA_26    (0)    1 :  0.040 0.078 0.111 0.097 0.673 
 27   BBA_27    (0)    1 :  0.033 0.034 0.791 0.092 0.050 
 28   BBA_28    (0)    1 :  0.020 0.032 0.900 0.026 0.022 
 29   BBA_29    (0)    1 :  0.021 0.035 0.867 0.052 0.024 
 30   BBA_30    (0)    1 :  0.045 0.050 0.859 0.029 0.017 
 31   BBA_31    (0)    1 :  0.047 0.068 0.721 0.084 0.080 
 32   BBA_32    (0)    1 :  0.030 0.091 0.818 0.024 0.037 
 33   BBA_33    (0)    1 :  0.035 0.069 0.709 0.136 0.050 
 34   BBA_34    (0)    1 :  0.111 0.041 0.747 0.071 0.030 
 35   BBA_35    (0)    1 :  0.032 0.061 0.800 0.055 0.052 
 36   BBA_36    (0)    1 :  0.020 0.035 0.827 0.092 0.026 
 37   BBA_37    (0)    1 :  0.100 0.032 0.598 0.225 0.045 
 38   BBA_38    (0)    1 :  0.069 0.302 0.456 0.120 0.053 
 39   BBA_39    (0)    1 :  0.056 0.032 0.822 0.035 0.055 
 40   BBA_40    (0)    1 :  0.016 0.020 0.933 0.020 0.012 
 41   BBA_41    (0)    1 :  0.038 0.045 0.745 0.127 0.045 
 42   BBA_42    (0)    1 :  0.114 0.264 0.396 0.114 0.112 
 43   BBA_43    (0)    1 :  0.042 0.037 0.857 0.030 0.034 
 44   BBA_44    (0)    1 :  0.022 0.025 0.907 0.028 0.018 
 45   BBA_45    (0)    1 :  0.012 0.019 0.938 0.019 0.012 
 46   BBA_46    (0)    1 :  0.014 0.025 0.923 0.022 0.015 
 47   BBA_47    (0)    1 :  0.054 0.025 0.859 0.033 0.030 
 48   BBA_48    (0)    1 :  0.052 0.073 0.795 0.048 0.031 
 49   BBA_49    (0)    1 :  0.032 0.065 0.479 0.281 0.143 
 50   BBA_50    (0)    1 :  0.019 0.043 0.834 0.050 0.054 
 51   BBA_51    (0)    1 :  0.024 0.062 0.844 0.023 0.047 
 52   BBA_52    (0)    1 :  0.031 0.039 0.780 0.114 0.035 
 53   BBA_53    (0)    1 :  0.031 0.066 0.775 0.052 0.076 
 54   BBA_54    (0)    1 :  0.048 0.035 0.799 0.042 0.077 
 55   BBA_55    (0)    1 :  0.144 0.309 0.274 0.118 0.155 
 56   BBA_56    (0)    1 :  0.024 0.027 0.799 0.074 0.076 
 57   BBA_57    (0)    1 :  0.022 0.033 0.881 0.028 0.036 
 58   BBA_58    (0)    1 :  0.041 0.034 0.805 0.042 0.078 
 59   BBA_59    (0)    1 :  0.035 0.042 0.780 0.103 0.040 
 60   BBA_60    (0)    1 :  0.025 0.027 0.892 0.040 0.016 
 61   BBA_61    (0)    1 :  0.020 0.014 0.907 0.024 0.036 
 62   BBA_62    (0)    1 :  0.015 0.015 0.846 0.102 0.021 
 63   BBA_63    (0)    1 :  0.078 0.023 0.757 0.068 0.073 
 64   BBA_64    (0)    1 :  0.017 0.023 0.929 0.016 0.015 
 65   BBA_65    (0)    1 :  0.060 0.042 0.801 0.058 0.039 
 66   BBA_66    (0)    1 :  0.410 0.223 0.274 0.034 0.059 
 67   BBA_67    (0)    1 :  0.063 0.033 0.807 0.028 0.069 
 68   BBA_68    (0)    1 :  0.045 0.025 0.849 0.023 0.058 
 69    BDN_1    (0)    2 :  0.048 0.663 0.017 0.164 0.108 
 70    BDN_2    (0)    2 :  0.033 0.321 0.043 0.270 0.333 
 71    BDN_3    (0)    2 :  0.184 0.112 0.425 0.109 0.170 
 72    BDN_4   (13)    2 :  0.527 0.069 0.031 0.084 0.289 
 73    BDN_5   (13)    2 :  0.114 0.048 0.049 0.284 0.506 
 74    BDN_6    (6)    2 :  0.051 0.705 0.060 0.072 0.111 
 75    BDN_7    (0)    2 :  0.034 0.164 0.048 0.510 0.244 
 76    BDN_8    (6)    2 :  0.040 0.634 0.019 0.279 0.028 
 77    BDN_9    (0)    2 :  0.096 0.102 0.233 0.134 0.436 
 78   BDN_10    (0)    2 :  0.046 0.057 0.083 0.035 0.779 
 79   BDN_11    (0)    2 :  0.087 0.043 0.017 0.646 0.207 
 80   BDN_12    (0)    2 :  0.030 0.190 0.014 0.356 0.409 
 81   BDN_13   (13)    2 :  0.204 0.097 0.058 0.065 0.576 
 82   BDN_14    (0)    2 :  0.167 0.583 0.039 0.085 0.126 
 83   BDN_15    (6)    2 :  0.023 0.256 0.063 0.533 0.124 
 84   BDN_16    (6)    2 :  0.229 0.078 0.323 0.212 0.158 
 85   BDN_17   (13)    2 :  0.179 0.057 0.230 0.091 0.444 
 86   BDN_18    (0)    2 :  0.124 0.306 0.020 0.255 0.295 
 87   BDN_19    (0)    2 :  0.019 0.020 0.043 0.184 0.734 
 88   BDN_20   (13)    2 :  0.132 0.078 0.418 0.271 0.101 
 89   BDN_21   (13)    2 :  0.034 0.029 0.059 0.064 0.813 
 90   BDN_22    (6)    2 :  0.015 0.068 0.706 0.128 0.083 
 91   BDN_23    (0)    2 :  0.070 0.027 0.040 0.793 0.070 
 92   BDN_24    (0)    2 :  0.025 0.293 0.050 0.332 0.299 
 93   BDN_25   (13)    2 :  0.022 0.074 0.042 0.758 0.103 
 94   BDN_26    (0)    2 :  0.011 0.027 0.120 0.810 0.032 
 95   BDN_27    (0)    2 :  0.050 0.119 0.018 0.271 0.542 
 96   BDN_28   (13)    2 :  0.179 0.176 0.025 0.192 0.428 
 97   BDN_29    (0)    2 :  0.029 0.058 0.073 0.762 0.078 
 98   BDN_30    (0)    2 :  0.039 0.087 0.235 0.042 0.597 
 99   BDN_31    (0)    2 :  0.117 0.044 0.090 0.553 0.196 
100   BDN_32    (0)    2 :  0.032 0.672 0.122 0.081 0.092 
101   BDN_33    (0)    2 :  0.014 0.153 0.028 0.093 0.712 
102   BDN_34    (0)    2 :  0.670 0.082 0.014 0.095 0.138 
103   BDN_35    (0)    2 :  0.027 0.103 0.025 0.088 0.756 
104   BDN_36    (0)    2 :  0.022 0.057 0.043 0.632 0.246 
105   BDN_37    (0)    2 :  0.053 0.056 0.042 0.177 0.673 
106   BDN_38    (0)    2 :  0.037 0.205 0.278 0.091 0.389 
107   BDN_39    (0)    2 :  0.336 0.186 0.020 0.155 0.304 
108   BDN_40    (0)    2 :  0.093 0.080 0.016 0.739 0.071 
109   BDN_41    (0)    2 :  0.189 0.123 0.056 0.265 0.366 
110   BDN_42   (13)    2 :  0.177 0.051 0.018 0.573 0.181 
111   BDN_43    (6)    2 :  0.563 0.107 0.023 0.199 0.108 
112   BDN_44    (0)    2 :  0.030 0.279 0.070 0.552 0.070 
113   BDN_45    (0)    2 :  0.035 0.150 0.032 0.735 0.048 
114   BDN_46   (13)    2 :  0.100 0.674 0.061 0.020 0.145 
115   BDN_47    (0)    2 :  0.265 0.174 0.099 0.393 0.069 
116   BDN_48    (0)    2 :  0.287 0.287 0.029 0.215 0.182 
117   BDN_49    (0)    2 :  0.065 0.050 0.016 0.782 0.088 
118   BDN_50    (0)    2 :  0.078 0.084 0.020 0.680 0.138 
119   BDN_51    (0)    2 :  0.039 0.356 0.028 0.381 0.196 
120   BDN_52    (0)    2 :  0.049 0.098 0.023 0.254 0.575 
121   BDN_53    (0)    2 :  0.146 0.063 0.045 0.617 0.129 
122   BDN_54   (13)    2 :  0.035 0.024 0.819 0.056 0.066 
123   BDN_55    (6)    2 :  0.019 0.206 0.079 0.087 0.608 
124   BDN_56   (13)    2 :  0.073 0.063 0.012 0.740 0.112 
125   BDN_57    (6)    2 :  0.044 0.266 0.109 0.436 0.146 
126   BDN_58    (6)    2 :  0.027 0.346 0.076 0.133 0.419 
127   BDN_59    (6)    2 :  0.017 0.020 0.101 0.841 0.021 
128   BDN_60    (6)    2 :  0.070 0.036 0.049 0.128 0.716 
129   BDN_61    (0)    2 :  0.331 0.159 0.041 0.274 0.195 
130   BDN_62    (0)    2 :  0.052 0.074 0.020 0.822 0.032 
131   BDN_63    (6)    2 :  0.055 0.219 0.342 0.131 0.253 
132   BDN_64    (0)    2 :  0.193 0.025 0.040 0.301 0.441 
133   BDN_65    (0)    2 :  0.049 0.208 0.465 0.144 0.135 
134   BDN_66   (13)    2 :  0.111 0.031 0.028 0.228 0.602 
135   BDN_67    (0)    2 :  0.064 0.370 0.131 0.039 0.397 
136   BDN_68    (6)    2 :  0.051 0.630 0.103 0.096 0.119 
137   BDN_69    (0)    2 :  0.045 0.223 0.020 0.596 0.116 
138   BDN_70    (6)    2 :  0.059 0.072 0.154 0.204 0.511 
139   BDN_71    (6)    2 :  0.057 0.066 0.061 0.330 0.485 
140   BDN_72    (0)    2 :  0.303 0.337 0.065 0.217 0.078 
141   BDN_73    (0)    2 :  0.463 0.313 0.041 0.102 0.080 
142   BDN_74    (0)    2 :  0.019 0.085 0.038 0.666 0.192 
143   BDN_75    (0)    2 :  0.084 0.143 0.052 0.115 0.606 
144   BDN_76    (0)    2 :  0.174 0.198 0.143 0.033 0.453 
145   BDNB_1    (0)    3 :  0.048 0.127 0.031 0.132 0.662 
146   BDNB_2    (0)    3 :  0.065 0.474 0.041 0.046 0.374 
147   BDNB_3    (0)    3 :  0.024 0.633 0.114 0.109 0.120 
148   BDNB_4    (0)    3 :  0.037 0.144 0.014 0.059 0.747 
149   BDNB_5    (0)    3 :  0.346 0.042 0.058 0.097 0.457 
150   BDNB_6    (0)    3 :  0.027 0.052 0.340 0.284 0.297 
151   BDNB_7    (0)    3 :  0.159 0.254 0.062 0.069 0.457 
152   BDNB_8    (0)    3 :  0.021 0.038 0.055 0.714 0.172 
153   BDNB_9    (0)    3 :  0.019 0.025 0.071 0.052 0.833 
154  BDNB_10    (0)    3 :  0.042 0.063 0.099 0.194 0.602 
155  BDNB_11    (0)    3 :  0.102 0.071 0.022 0.040 0.765 
156  BDNB_12    (0)    3 :  0.126 0.180 0.017 0.109 0.569 
157  BDNB_13    (0)    3 :  0.208 0.027 0.047 0.232 0.485 
158  BDNB_14    (0)    3 :  0.017 0.043 0.363 0.415 0.161 
159  BDNB_15    (0)    3 :  0.064 0.274 0.017 0.609 0.036 
160  BDNB_16    (0)    3 :  0.068 0.142 0.461 0.112 0.217 
161  BDNB_17    (6)    3 :  0.060 0.657 0.063 0.102 0.118 
162  BDNB_18    (0)    3 :  0.175 0.080 0.163 0.155 0.427 
163  BDNB_19    (0)    3 :  0.207 0.050 0.041 0.043 0.660 
164  BDNB_20    (0)    3 :  0.194 0.062 0.264 0.182 0.298 
165  BDNB_21    (0)    3 :  0.020 0.031 0.013 0.919 0.017 
166  BDNB_22    (0)    3 :  0.580 0.056 0.032 0.113 0.220 
167  BDNB_23    (0)    3 :  0.029 0.129 0.014 0.801 0.027 
168  BDNB_24    (0)    3 :  0.626 0.035 0.074 0.216 0.049 
169  BDNB_25    (0)    3 :  0.028 0.138 0.058 0.610 0.166 
170  BDNB_26    (0)    3 :  0.091 0.142 0.030 0.290 0.447 
171  BDNB_27    (0)    3 :  0.035 0.032 0.046 0.202 0.684 
172  BDNB_28    (0)    3 :  0.186 0.035 0.096 0.066 0.616 
173  BDNB_29    (0)    3 :  0.025 0.242 0.339 0.206 0.189 
174  BDNB_30    (0)    3 :  0.140 0.032 0.663 0.089 0.076 
175  BDNB_31    (0)    3 :  0.185 0.201 0.086 0.365 0.163 
176  BDNB_32    (0)    3 :  0.072 0.046 0.060 0.540 0.282 
177  BDNB_33    (0)    3 :  0.033 0.130 0.384 0.145 0.308 
178  BDNB_34    (0)    3 :  0.053 0.051 0.046 0.606 0.245 
179  BDNB_35    (0)    3 :  0.076 0.023 0.028 0.580 0.293 
180  BDNB_36    (0)    3 :  0.166 0.042 0.422 0.337 0.033 
181  BDNB_37    (0)    3 :  0.013 0.055 0.093 0.374 0.466 
182  BDNB_38    (0)    3 :  0.084 0.041 0.167 0.424 0.284 
183  BDNB_39    (0)    3 :  0.031 0.043 0.079 0.714 0.133 
184  BDNB_40    (0)    3 :  0.020 0.027 0.039 0.112 0.802 
185  BDNB_41    (0)    3 :  0.046 0.043 0.037 0.024 0.850 
186  BDNB_42    (0)    3 :  0.383 0.043 0.033 0.484 0.056 
187  BDNB_43    (0)    3 :  0.273 0.112 0.068 0.247 0.300 
188  BDNB_44    (0)    3 :  0.157 0.134 0.064 0.075 0.571 
189  BDNB_45    (0)    3 :  0.128 0.052 0.550 0.098 0.172 
190  BDNB_46    (0)    3 :  0.276 0.065 0.128 0.116 0.416 
191  BDNB_47    (0)    3 :  0.049 0.045 0.038 0.059 0.809 
192  BDNB_48    (0)    3 :  0.050 0.047 0.054 0.604 0.245 
193  BDNB_49    (0)    3 :  0.091 0.230 0.170 0.137 0.372 
194  BDNB_50    (0)    3 :  0.053 0.074 0.042 0.577 0.254 
195  BDNB_51    (0)    3 :  0.038 0.268 0.055 0.179 0.460 
196  BDNB_52    (0)    3 :  0.022 0.040 0.018 0.764 0.156 
197  BDNB_53    (0)    3 :  0.150 0.098 0.157 0.252 0.343 
198  BDNB_54    (0)    3 :  0.058 0.035 0.028 0.294 0.586 
199  BDNB_55    (0)    3 :  0.028 0.042 0.059 0.567 0.304 
200  BDNB_56    (6)    3 :  0.026 0.170 0.038 0.030 0.736 
201  BDNB_57    (0)    3 :  0.026 0.023 0.494 0.284 0.173 
202  BDNB_58    (0)    3 :  0.044 0.026 0.016 0.576 0.338 
203  BDNB_59    (0)    3 :  0.203 0.087 0.092 0.350 0.268 
204  BDNB_60    (0)    3 :  0.547 0.044 0.063 0.161 0.184 
205  BDNB_61    (0)    3 :  0.110 0.018 0.025 0.071 0.777 
206  BDNB_62    (0)    3 :  0.028 0.082 0.021 0.493 0.376 
207  BDNB_63    (0)    3 :  0.028 0.016 0.021 0.018 0.917 
208  BDNB_64    (6)    3 :  0.191 0.089 0.030 0.042 0.647 
209  BDNB_65    (0)    3 :  0.266 0.027 0.031 0.117 0.560 
210  BDNB_66    (0)    3 :  0.141 0.071 0.049 0.040 0.700 
211  BDNB_67    (0)    3 :  0.134 0.183 0.043 0.019 0.621 
212  BDNB_68    (0)    3 :  0.229 0.058 0.062 0.209 0.442 
213  BDNB_69    (0)    3 :  0.141 0.046 0.021 0.284 0.508 
214  BDNB_70    (0)    3 :  0.486 0.051 0.052 0.042 0.370 
215  BDNB_71    (0)    3 :  0.113 0.027 0.052 0.128 0.680 
216  BDNB_72    (0)    3 :  0.336 0.176 0.027 0.120 0.340 
217  BDNB_73    (0)    3 :  0.060 0.175 0.016 0.145 0.605 
218  BDNB_74    (0)    3 :  0.114 0.035 0.042 0.040 0.769 
219  BDNB_75    (0)    3 :  0.052 0.055 0.023 0.825 0.046 
220    BSB_1    (0)    4 :  0.036 0.510 0.248 0.166 0.040 
221    BSB_2    (0)    4 :  0.130 0.044 0.305 0.057 0.464 
222    BSB_3    (0)    4 :  0.667 0.022 0.025 0.041 0.245 
223    BSB_4    (0)    4 :  0.029 0.030 0.601 0.113 0.227 
224    BSB_5    (0)    4 :  0.127 0.038 0.688 0.070 0.077 
225    BSB_6    (0)    4 :  0.032 0.036 0.859 0.033 0.040 
226    BSB_7   (33)    4 :  0.055 0.088 0.608 0.107 0.142 
227    BSB_8    (0)    4 :  0.064 0.086 0.215 0.582 0.053 
228    BSB_9    (0)    4 :  0.785 0.035 0.057 0.056 0.066 
229   BSB_10    (0)    4 :  0.226 0.051 0.155 0.176 0.391 
230   BSB_11    (0)    4 :  0.082 0.027 0.685 0.120 0.086 
231   BSB_12    (0)    4 :  0.095 0.052 0.320 0.482 0.050 
232   BSB_13    (0)    4 :  0.033 0.056 0.227 0.047 0.638 
233   BSB_14    (0)    4 :  0.146 0.137 0.283 0.039 0.396 
234   BSB_15    (0)    4 :  0.010 0.095 0.327 0.533 0.035 
235   BSB_16    (6)    4 :  0.117 0.094 0.281 0.188 0.321 
236   BSB_17    (0)    4 :  0.020 0.024 0.235 0.035 0.686 
237   BSB_18    (0)    4 :  0.110 0.043 0.409 0.041 0.396 
238   BSB_19    (0)    4 :  0.020 0.019 0.735 0.181 0.045 
239   BSB_20    (0)    4 :  0.013 0.101 0.483 0.068 0.335 
240   BSB_21    (0)    4 :  0.024 0.032 0.198 0.016 0.730 
241   BSB_22    (0)    4 :  0.815 0.039 0.064 0.024 0.059 
242   BSB_23    (0)    4 :  0.153 0.036 0.603 0.049 0.160 
243   BSB_24    (0)    4 :  0.021 0.017 0.904 0.021 0.037 
244   BSB_25    (0)    4 :  0.076 0.015 0.849 0.026 0.034 
245   BSB_26    (0)    4 :  0.071 0.057 0.665 0.037 0.169 
246   BSB_27    (0)    4 :  0.030 0.142 0.358 0.229 0.242 
247   BSB_28    (0)    4 :  0.782 0.026 0.063 0.024 0.105 
248   BSB_29    (0)    4 :  0.020 0.015 0.929 0.013 0.023 
249   BSB_30    (0)    4 :  0.313 0.060 0.230 0.052 0.345 
250   BSB_31    (0)    4 :  0.068 0.074 0.039 0.516 0.304 
251   BSB_32    (0)    4 :  0.033 0.049 0.813 0.030 0.075 
252   BSB_33    (0)    4 :  0.069 0.090 0.275 0.119 0.446 
253   BSB_34    (0)    4 :  0.035 0.086 0.762 0.040 0.077 
254   BSB_35    (0)    4 :  0.035 0.023 0.812 0.064 0.066 
255   BSB_36    (0)    4 :  0.019 0.098 0.633 0.188 0.062 
256   BSB_37    (0)    4 :  0.033 0.056 0.803 0.023 0.085 
257   BSB_38   (60)    4 :  0.879 0.021 0.010 0.075 0.016 
258   BSB_39    (0)    4 :  0.043 0.063 0.134 0.544 0.215 
259   BSB_40    (0)    4 :  0.036 0.225 0.329 0.325 0.085 
260   BSB_41    (0)    4 :  0.150 0.045 0.339 0.251 0.214 
261   BSB_42    (0)    4 :  0.028 0.114 0.720 0.079 0.058 
262   BSB_43    (0)    4 :  0.042 0.121 0.472 0.135 0.230 
263   BSB_44    (0)    4 :  0.173 0.062 0.707 0.022 0.036 
264   BSB_45    (0)    4 :  0.045 0.104 0.077 0.219 0.556 
265   BSB_46    (0)    4 :  0.049 0.030 0.310 0.055 0.556 
266   BSB_47    (0)    4 :  0.019 0.050 0.738 0.065 0.127 
267   BSB_48    (0)    4 :  0.017 0.079 0.086 0.722 0.096 
268   BSB_49    (0)    4 :  0.030 0.308 0.301 0.183 0.178 
269   BSB_50   (60)    4 :  0.942 0.030 0.008 0.011 0.010 
270   BSB_51    (0)    4 :  0.044 0.318 0.072 0.494 0.072 
271   BSB_52    (0)    4 :  0.134 0.029 0.221 0.041 0.574 
272   BSB_53    (0)    4 :  0.031 0.028 0.342 0.033 0.565 
273   BSB_54    (0)    4 :  0.037 0.103 0.078 0.465 0.317 
274   BSB_55    (0)    4 :  0.512 0.209 0.150 0.066 0.062 
275   BSB_56    (0)    4 :  0.198 0.044 0.078 0.060 0.619 
276   BSB_57    (0)    4 :  0.092 0.034 0.816 0.020 0.038 
277   BSB_58    (0)    4 :  0.131 0.112 0.030 0.432 0.295 
278   BSB_59    (0)    4 :  0.022 0.023 0.892 0.029 0.034 
279   BSB_60   (60)    4 :  0.956 0.010 0.010 0.011 0.014 
280   BSB_61    (0)    4 :  0.021 0.040 0.856 0.033 0.050 
281   BSB_62    (0)    4 :  0.091 0.095 0.686 0.028 0.100 
282   BSB_63    (0)    4 :  0.205 0.016 0.366 0.022 0.391 
283   BSB_64    (0)    4 :  0.047 0.032 0.855 0.028 0.037 
284   BSB_65    (0)    4 :  0.111 0.031 0.658 0.062 0.138 
285   BSB_66    (0)    4 :  0.011 0.061 0.576 0.204 0.148 
286   BSB_67    (0)    4 :  0.074 0.039 0.303 0.122 0.463 
287   BSB_68    (0)    4 :  0.110 0.017 0.037 0.793 0.044 
288   BSB_69    (0)    4 :  0.348 0.205 0.019 0.141 0.287 
289   BSB_70    (0)    4 :  0.560 0.037 0.031 0.052 0.321 
290   BSB_71    (0)    4 :  0.060 0.059 0.431 0.019 0.432 
291   BSB_72    (0)    4 :  0.033 0.249 0.132 0.074 0.511 
292   BSB_73    (0)    4 :  0.112 0.204 0.161 0.262 0.261 
293   BSB_74    (0)    4 :  0.082 0.103 0.476 0.040 0.299 
294   BSB_75    (0)    4 :  0.026 0.074 0.232 0.171 0.497 
295   BSB_76    (0)    4 :  0.069 0.029 0.676 0.036 0.191 
296   BSB_77   (53)    4 :  0.970 0.008 0.006 0.007 0.009 
297   BSB_78    (0)    4 :  0.082 0.077 0.166 0.033 0.642 
298    CCR_1    (0)    5 :  0.016 0.677 0.048 0.208 0.051 
299    CCR_2    (0)    5 :  0.036 0.912 0.017 0.022 0.013 
300    CCR_3    (0)    5 :  0.094 0.733 0.038 0.076 0.059 
301    CCR_4    (0)    5 :  0.113 0.282 0.066 0.414 0.125 
302    CCR_5    (0)    5 :  0.036 0.893 0.027 0.025 0.019 
303    CCR_6    (0)    5 :  0.013 0.764 0.022 0.175 0.025 
304    CCR_7    (0)    5 :  0.072 0.839 0.019 0.041 0.029 
305    CCR_8    (0)    5 :  0.125 0.111 0.045 0.066 0.653 
306    CCR_9    (0)    5 :  0.019 0.874 0.019 0.066 0.021 
307   CCR_10    (0)    5 :  0.033 0.138 0.039 0.170 0.621 
308   CCR_11    (0)    5 :  0.027 0.289 0.025 0.616 0.044 
309   CCR_12    (0)    5 :  0.020 0.934 0.014 0.020 0.013 
310   CCR_13    (0)    5 :  0.022 0.910 0.011 0.024 0.032 
311   CCR_14    (0)    5 :  0.066 0.751 0.044 0.058 0.081 
312   CCR_15    (0)    5 :  0.033 0.507 0.011 0.311 0.138 
313   CCR_16    (0)    5 :  0.270 0.190 0.082 0.054 0.404 
314   CCR_17    (0)    5 :  0.024 0.875 0.015 0.029 0.057 
315   CCR_18    (0)    5 :  0.290 0.469 0.011 0.036 0.194 
316   CCR_19    (0)    5 :  0.028 0.516 0.026 0.396 0.034 
317   CCR_20    (0)    5 :  0.023 0.625 0.161 0.095 0.096 
318   CCR_21    (0)    5 :  0.032 0.305 0.198 0.398 0.067 
319   CCR_22    (0)    5 :  0.069 0.576 0.062 0.255 0.038 
320   CCR_23    (0)    5 :  0.064 0.840 0.034 0.037 0.025 
321   CCR_24    (0)    5 :  0.017 0.843 0.013 0.085 0.042 
322   CCR_25    (0)    5 :  0.097 0.226 0.051 0.168 0.459 
323   CCR_26    (0)    5 :  0.021 0.465 0.177 0.130 0.208 
324   CCR_27    (0)    5 :  0.026 0.893 0.015 0.047 0.018 
325   CCR_28    (0)    5 :  0.043 0.483 0.287 0.145 0.042 
326   CCR_29    (0)    5 :  0.014 0.593 0.024 0.330 0.040 
327   CCR_30    (0)    5 :  0.028 0.467 0.020 0.418 0.067 
328   CCR_31    (0)    5 :  0.069 0.236 0.057 0.095 0.543 
329   CCR_32    (0)    5 :  0.016 0.370 0.534 0.053 0.027 
330   CCR_33    (0)    5 :  0.055 0.721 0.030 0.111 0.083 
331   CCR_34    (0)    5 :  0.028 0.867 0.022 0.042 0.041 
332   CCR_35    (0)    5 :  0.086 0.297 0.071 0.330 0.215 
333   CCR_36    (0)    5 :  0.116 0.258 0.027 0.094 0.504 
334   CCR_37    (0)    5 :  0.027 0.431 0.350 0.165 0.027 
335   CCR_38    (0)    5 :  0.036 0.798 0.022 0.123 0.020 
336   CCR_39    (0)    5 :  0.033 0.582 0.015 0.341 0.029 
337   CCR_40    (0)    5 :  0.144 0.639 0.090 0.042 0.085 
338   CCR_41    (0)    5 :  0.056 0.517 0.041 0.324 0.063 
339   CCR_42    (0)    5 :  0.027 0.773 0.070 0.105 0.026 
340   CCR_43    (0)    5 :  0.042 0.420 0.039 0.339 0.160 
341   CCR_44    (0)    5 :  0.081 0.162 0.618 0.101 0.039 
342   CCR_45    (0)    5 :  0.020 0.615 0.076 0.228 0.061 
343   CCR_46    (0)    5 :  0.017 0.662 0.123 0.120 0.077 
344   CCR_47    (0)    5 :  0.017 0.868 0.025 0.052 0.039 
345   CCR_48    (0)    5 :  0.043 0.721 0.024 0.125 0.087 
346   CCR_49    (0)    5 :  0.085 0.621 0.172 0.089 0.033 
347   CCR_50    (0)    5 :  0.112 0.809 0.031 0.026 0.021 
348   CCR_51    (0)    5 :  0.008 0.815 0.069 0.085 0.023 
349   CCR_52    (0)    5 :  0.019 0.867 0.035 0.042 0.037 
350   CCR_53    (0)    5 :  0.068 0.494 0.034 0.210 0.194 
351   CCR_54    (0)    5 :  0.175 0.423 0.060 0.270 0.071 
352   CCR_55    (0)    5 :  0.026 0.752 0.118 0.080 0.024 
353   CCR_56    (0)    5 :  0.038 0.856 0.037 0.037 0.032 
354   CCR_57    (0)    5 :  0.024 0.851 0.032 0.047 0.047 
355   CCR_58    (0)    5 :  0.044 0.149 0.026 0.664 0.118 
356   CCR_59    (0)    5 :  0.032 0.328 0.198 0.318 0.123 
357   CCR_60    (0)    5 :  0.464 0.244 0.188 0.064 0.039 
358   CCR_61    (0)    5 :  0.022 0.577 0.017 0.367 0.016 
359   CCR_62    (0)    5 :  0.032 0.406 0.034 0.237 0.290 
360   CCR_63    (0)    5 :  0.035 0.500 0.049 0.382 0.034 
361   CCR_64    (0)    5 :  0.037 0.632 0.089 0.199 0.042 
362   CCR_65    (0)    5 :  0.028 0.493 0.028 0.401 0.051 
363   CCR_66    (0)    5 :  0.014 0.821 0.020 0.118 0.027 
364   CCR_67    (0)    5 :  0.025 0.883 0.014 0.048 0.031 
365   CCR_68    (0)    5 :  0.017 0.593 0.020 0.349 0.021 
366   CCR_69    (0)    5 :  0.020 0.733 0.027 0.190 0.030 
367   CCR_70    (0)    5 :  0.032 0.547 0.018 0.346 0.058 
368   CCR_71    (0)    5 :  0.024 0.859 0.035 0.062 0.020 
369   CCR_72    (0)    5 :  0.020 0.873 0.020 0.041 0.045 
370   CCR_73    (0)    5 :  0.016 0.858 0.031 0.076 0.018 
371   CCR_74    (0)    5 :  0.079 0.479 0.115 0.271 0.057 
372   CCR_75    (0)    5 :  0.143 0.565 0.037 0.228 0.026 
373   CCR_76    (0)    5 :  0.663 0.188 0.016 0.066 0.067 
374   CCR_77    (0)    5 :  0.038 0.429 0.048 0.369 0.117 
375   CCR_78    (0)    5 :  0.101 0.567 0.158 0.059 0.114 
376   CCR_79    (0)    5 :  0.050 0.765 0.093 0.072 0.021 
377   CCR_80    (0)    5 :  0.029 0.313 0.020 0.605 0.032 
378    CMB_1    (0)    6 :  0.018 0.020 0.016 0.906 0.041 
379    CMB_2    (0)    6 :  0.008 0.023 0.012 0.940 0.018 
380    CMB_3    (0)    6 :  0.022 0.022 0.019 0.917 0.020 
381    CMB_4    (0)    6 :  0.071 0.021 0.012 0.874 0.021 
382    CMB_5    (0)    6 :  0.054 0.038 0.011 0.857 0.040 
383    CMB_6    (0)    6 :  0.011 0.014 0.014 0.857 0.103 
384    CMB_7    (0)    6 :  0.015 0.053 0.030 0.852 0.049 
385    CMB_8    (0)    6 :  0.048 0.019 0.032 0.859 0.042 
386    CMB_9    (0)    6 :  0.018 0.078 0.055 0.826 0.024 
387   CMB_10    (0)    6 :  0.575 0.129 0.017 0.187 0.092 
388   CMB_11    (0)    6 :  0.018 0.018 0.027 0.918 0.019 
389   CMB_12    (0)    6 :  0.040 0.024 0.016 0.901 0.019 
390   CMB_13    (0)    6 :  0.028 0.033 0.023 0.869 0.047 
391   CMB_14    (0)    6 :  0.014 0.016 0.019 0.934 0.017 
392   CMB_15    (0)    6 :  0.022 0.040 0.035 0.877 0.025 
393   CMB_16    (0)    6 :  0.313 0.045 0.029 0.576 0.037 
394   CMB_17    (0)    6 :  0.056 0.428 0.091 0.375 0.049 
395   CMB_18    (0)    6 :  0.021 0.017 0.055 0.869 0.037 
396   CMB_19    (0)    6 :  0.158 0.056 0.016 0.738 0.032 
397   CMB_20    (0)    6 :  0.059 0.037 0.014 0.867 0.023 
398   CMB_21    (0)    6 :  0.017 0.015 0.012 0.940 0.016 
399   CMB_22    (0)    6 :  0.049 0.046 0.052 0.793 0.060 
400   CMB_23    (0)    6 :  0.025 0.016 0.019 0.913 0.027 
401   CMB_24    (0)    6 :  0.251 0.085 0.037 0.508 0.119 
402   CMB_25    (0)    6 :  0.018 0.041 0.100 0.820 0.021 
403   CMB_26    (0)    6 :  0.021 0.013 0.027 0.921 0.018 
404   CMB_27    (0)    6 :  0.087 0.057 0.021 0.725 0.110 
405   CMB_28    (0)    6 :  0.014 0.014 0.012 0.945 0.015 
406   CMB_29    (0)    6 :  0.040 0.083 0.033 0.634 0.210 
407   CMB_30    (0)    6 :  0.015 0.020 0.025 0.910 0.031 
408   CMB_31    (0)    6 :  0.058 0.052 0.034 0.836 0.019 
409   CMB_32    (0)    6 :  0.086 0.110 0.021 0.745 0.039 
410   CMB_33    (0)    6 :  0.020 0.034 0.037 0.894 0.014 
411   CMB_34    (0)    6 :  0.095 0.050 0.014 0.820 0.021 
412   CMB_35    (0)    6 :  0.034 0.033 0.058 0.847 0.028 
413   CMB_36    (0)    6 :  0.058 0.046 0.026 0.845 0.025 
414   CMB_37    (0)    6 :  0.010 0.014 0.017 0.939 0.020 
415   CMB_38    (0)    6 :  0.010 0.022 0.026 0.905 0.037 
416   CMB_39    (0)    6 :  0.021 0.027 0.026 0.900 0.025 
417   CMB_40    (0)    6 :  0.078 0.029 0.036 0.806 0.051 
418   CMB_41    (0)    6 :  0.038 0.018 0.055 0.869 0.020 
419   CMB_42    (0)    6 :  0.041 0.036 0.083 0.807 0.033 
420   CMB_43    (0)    6 :  0.114 0.383 0.056 0.141 0.306 
421   CMB_44    (0)    6 :  0.099 0.067 0.092 0.079 0.664 
422   CMB_45    (0)    6 :  0.018 0.038 0.014 0.916 0.014 
423   CMB_46    (0)    6 :  0.232 0.061 0.031 0.481 0.195 
424   CMB_47    (0)    6 :  0.523 0.069 0.019 0.348 0.041 
425   CMB_48    (0)    6 :  0.036 0.031 0.024 0.875 0.033 
426   CMB_49    (0)    6 :  0.008 0.024 0.011 0.930 0.027 
427   CMB_50    (0)    6 :  0.027 0.013 0.009 0.932 0.020 
428   CMB_51    (0)    6 :  0.021 0.246 0.028 0.625 0.080 
429   CMB_52    (0)    6 :  0.014 0.016 0.018 0.933 0.019 
430   CMB_53    (0)    6 :  0.018 0.026 0.059 0.861 0.035 
431   CMB_54    (0)    6 :  0.043 0.019 0.019 0.883 0.036 
432   CMB_55    (0)    6 :  0.019 0.017 0.025 0.902 0.038 
433   CMB_56    (0)    6 :  0.071 0.034 0.100 0.722 0.073 
434   CMB_57    (0)    6 :  0.030 0.053 0.015 0.879 0.024 
435   CMB_58    (0)    6 :  0.044 0.042 0.022 0.706 0.186 
436   CMB_59    (0)    6 :  0.028 0.015 0.028 0.913 0.016 
437   CMB_60    (0)    6 :  0.013 0.016 0.011 0.945 0.015 
438   CMB_61    (0)    6 :  0.013 0.044 0.028 0.895 0.020 
439   CMB_62    (0)    6 :  0.089 0.187 0.036 0.629 0.059 
440   CMB_63    (0)    6 :  0.016 0.019 0.015 0.870 0.080 
441   CMB_64    (0)    6 :  0.022 0.064 0.016 0.877 0.022 
442   CMB_65    (0)    6 :  0.021 0.015 0.020 0.932 0.013 
443   CMB_66    (0)    6 :  0.015 0.118 0.021 0.820 0.027 
444   CMB_67    (0)    6 :  0.036 0.017 0.015 0.906 0.026 
445   CMB_68    (0)    6 :  0.020 0.022 0.022 0.913 0.023 
446   CMB_69    (0)    6 :  0.060 0.086 0.058 0.782 0.014 
447   CMB_70    (0)    6 :  0.472 0.035 0.080 0.343 0.069 
448   CMB_71    (0)    6 :  0.042 0.062 0.021 0.846 0.030 
449   CMB_72    (0)    6 :  0.042 0.103 0.043 0.768 0.044 
450   CMB_73    (0)    6 :  0.033 0.117 0.672 0.077 0.101 
451   CMB_74    (0)    6 :  0.074 0.076 0.100 0.639 0.111 
452   CMB_75    (0)    6 :  0.415 0.022 0.081 0.443 0.039 
453   CMB_76    (6)    6 :  0.047 0.051 0.122 0.125 0.656 
454   CMB_77    (0)    6 :  0.070 0.110 0.030 0.765 0.025 
455    CNR_1    (0)    7 :  0.013 0.020 0.145 0.797 0.024 
456    CNR_2    (0)    7 :  0.058 0.104 0.104 0.595 0.139 
457    CNR_3    (0)    7 :  0.018 0.066 0.101 0.785 0.030 
458    CNR_4    (0)    7 :  0.017 0.013 0.016 0.938 0.015 
459    CNR_5    (0)    7 :  0.030 0.047 0.038 0.740 0.144 
460    CNR_6    (0)    7 :  0.028 0.014 0.048 0.892 0.017 
461    CNR_7    (0)    7 :  0.050 0.539 0.050 0.320 0.041 
462    CNR_8    (0)    7 :  0.027 0.063 0.021 0.839 0.049 
463    CNR_9    (0)    7 :  0.027 0.071 0.020 0.807 0.075 
464   CNR_10    (0)    7 :  0.014 0.013 0.011 0.945 0.017 
465   CNR_11    (0)    7 :  0.020 0.026 0.019 0.910 0.025 
466   CNR_12    (0)    7 :  0.010 0.017 0.013 0.943 0.017 
467   CNR_13    (0)    7 :  0.019 0.027 0.020 0.914 0.021 
468   CNR_14    (0)    7 :  0.040 0.026 0.027 0.816 0.091 
469   CNR_15    (0)    7 :  0.021 0.022 0.028 0.911 0.019 
470   CNR_16    (0)    7 :  0.017 0.088 0.021 0.848 0.026 
471   CNR_17    (0)    7 :  0.015 0.031 0.011 0.914 0.028 
472   CNR_18    (0)    7 :  0.018 0.033 0.013 0.880 0.055 
473   CNR_19    (0)    7 :  0.014 0.016 0.014 0.940 0.017 
474   CNR_20    (0)    7 :  0.022 0.021 0.017 0.925 0.015 
475   CNR_21    (0)    7 :  0.015 0.018 0.062 0.874 0.030 
476   CNR_22    (0)    7 :  0.057 0.203 0.025 0.663 0.052 
477   CNR_23    (0)    7 :  0.031 0.060 0.018 0.865 0.026 
478   CNR_24    (0)    7 :  0.016 0.027 0.028 0.911 0.017 
479   CNR_25    (0)    7 :  0.017 0.018 0.028 0.893 0.044 
480   CNR_26    (0)    7 :  0.011 0.014 0.030 0.930 0.016 
481   CNR_27    (0)    7 :  0.048 0.106 0.018 0.768 0.060 
482   CNR_28    (0)    7 :  0.090 0.085 0.253 0.496 0.076 
483   CNR_29    (0)    7 :  0.013 0.034 0.045 0.866 0.041 
484   CNR_30    (0)    7 :  0.028 0.026 0.018 0.872 0.056 
485   CNR_31    (0)    7 :  0.017 0.019 0.012 0.925 0.029 
486   CNR_32    (0)    7 :  0.013 0.059 0.013 0.903 0.013 
487   CNR_33    (0)    7 :  0.010 0.023 0.017 0.928 0.022 
488   CNR_34    (0)    7 :  0.062 0.133 0.033 0.696 0.076 
489   CNR_35    (6)    7 :  0.015 0.016 0.012 0.946 0.010 
490   CNR_36    (0)    7 :  0.468 0.037 0.042 0.411 0.042 
491   CNR_37    (0)    7 :  0.029 0.017 0.051 0.876 0.028 
492   CNR_38    (0)    7 :  0.018 0.038 0.021 0.840 0.083 
493   CNR_39    (0)    7 :  0.021 0.024 0.014 0.922 0.020 
494   CNR_40    (0)    7 :  0.017 0.036 0.046 0.859 0.041 
495   CNR_41    (6)    7 :  0.034 0.036 0.016 0.897 0.016 
496   CNR_42    (0)    7 :  0.010 0.027 0.012 0.934 0.017 
497   CNR_43    (0)    7 :  0.053 0.095 0.019 0.606 0.226 
498   CNR_44    (0)    7 :  0.062 0.041 0.131 0.711 0.055 
499   CNR_45    (0)    7 :  0.020 0.016 0.017 0.933 0.014 
500   CNR_46    (0)    7 :  0.042 0.076 0.020 0.829 0.033 
501   CNR_47    (0)    7 :  0.014 0.025 0.019 0.925 0.018 
502   CNR_48    (0)    7 :  0.009 0.012 0.011 0.956 0.012 
503   CNR_49    (0)    7 :  0.040 0.026 0.016 0.875 0.044 
504   CNR_50    (0)    7 :  0.020 0.064 0.270 0.609 0.037 
505   CNR_51    (0)    7 :  0.056 0.020 0.027 0.863 0.033 
506   CNR_52    (0)    7 :  0.022 0.027 0.019 0.899 0.032 
507   CNR_53    (0)    7 :  0.031 0.018 0.009 0.927 0.015 
508   CNR_54    (0)    7 :  0.125 0.030 0.016 0.786 0.043 
509   CNR_55    (0)    7 :  0.019 0.190 0.034 0.730 0.027 
510   CNR_56    (0)    7 :  0.078 0.024 0.017 0.862 0.018 
511   CNR_57    (0)    7 :  0.028 0.018 0.020 0.909 0.025 
512   CNR_58    (0)    7 :  0.018 0.033 0.030 0.902 0.017 
513   CNR_59    (0)    7 :  0.023 0.023 0.043 0.878 0.032 
514   CNR_60    (0)    7 :  0.018 0.062 0.022 0.848 0.050 
515   CNR_61    (0)    7 :  0.027 0.031 0.020 0.853 0.069 
516   CNR_62    (0)    7 :  0.016 0.031 0.022 0.862 0.069 
517   CNR_63    (0)    7 :  0.024 0.051 0.059 0.816 0.050 
518   CNR_64    (0)    7 :  0.027 0.113 0.021 0.812 0.026 
519   CNR_65    (0)    7 :  0.018 0.025 0.019 0.923 0.015 
520   CNR_66    (0)    7 :  0.010 0.026 0.019 0.926 0.019 
521   CNR_67    (0)    7 :  0.027 0.025 0.041 0.878 0.029 
522   CNR_68    (0)    7 :  0.040 0.519 0.016 0.364 0.061 
523   CNR_69    (0)    7 :  0.071 0.014 0.035 0.860 0.020 
524   CNR_70    (0)    7 :  0.092 0.023 0.032 0.790 0.063 
525   CNR_71    (0)    7 :  0.092 0.020 0.014 0.850 0.024 
526   CNR_72    (0)    7 :  0.111 0.078 0.023 0.764 0.024 
527   CNR_73    (0)    7 :  0.022 0.064 0.017 0.872 0.025 
528   CNR_74    (0)    7 :  0.048 0.026 0.057 0.841 0.029 
529   CNR_75    (0)    7 :  0.011 0.031 0.021 0.918 0.019 
530   CNR_76    (0)    7 :  0.015 0.014 0.011 0.944 0.016 
531   CNR_77    (0)    7 :  0.011 0.017 0.039 0.917 0.016 
532   CNR_78    (0)    7 :  0.012 0.034 0.014 0.926 0.014 
533   CNR_79    (0)    7 :  0.017 0.041 0.013 0.912 0.018 
534   CNR_80    (0)    7 :  0.019 0.016 0.011 0.941 0.014 
535   CNR_81    (0)    7 :  0.015 0.098 0.018 0.851 0.019 
536   CNR_82    (0)    7 :  0.024 0.015 0.014 0.929 0.018 
537   CNR_83    (0)    7 :  0.015 0.021 0.021 0.919 0.023 
538   CNR_84    (0)    7 :  0.012 0.014 0.017 0.935 0.022 
539   CNR_85    (0)    7 :  0.022 0.020 0.029 0.906 0.023 
540   CNR_86    (0)    7 :  0.057 0.062 0.015 0.789 0.077 
541   CNR_87    (0)    7 :  0.019 0.012 0.017 0.940 0.012 
542   CNR_88    (0)    7 :  0.015 0.011 0.014 0.948 0.012 
543   CNR_89    (0)    7 :  0.019 0.028 0.017 0.901 0.036 
544   CNR_90    (0)    7 :  0.027 0.023 0.024 0.891 0.035 
545   CNR_91    (0)    7 :  0.046 0.039 0.017 0.851 0.048 
546   CNR_92    (0)    7 :  0.015 0.025 0.024 0.915 0.022 
547   CNR_93    (0)    7 :  0.020 0.020 0.012 0.925 0.023 
548   CNR_94    (0)    7 :  0.018 0.022 0.014 0.924 0.022 
549   CNR_95    (0)    7 :  0.029 0.047 0.023 0.861 0.039 
550   CNR_96    (0)    7 :  0.034 0.049 0.024 0.876 0.017 
551   CNR_97    (0)    7 :  0.061 0.014 0.013 0.887 0.025 
552   CNR_98    (0)    7 :  0.015 0.023 0.026 0.917 0.018 
553   CNR_99    (0)    7 :  0.018 0.081 0.019 0.857 0.025 
554    DHB_1    (0)    8 :  0.035 0.689 0.134 0.060 0.082 
555    DHB_2    (0)    8 :  0.096 0.130 0.015 0.049 0.710 
556    DHB_3    (0)    8 :  0.035 0.694 0.032 0.062 0.177 
557    DHB_4    (0)    8 :  0.271 0.161 0.202 0.325 0.041 
558    DHB_5    (0)    8 :  0.038 0.759 0.077 0.036 0.090 
559    DHB_6    (0)    8 :  0.103 0.634 0.024 0.205 0.034 
560    DHB_7    (0)    8 :  0.029 0.699 0.020 0.077 0.174 
561    DHB_8    (0)    8 :  0.012 0.899 0.020 0.044 0.025 
562    DHB_9    (0)    8 :  0.162 0.296 0.279 0.084 0.179 
563   DHB_10    (0)    8 :  0.091 0.151 0.032 0.661 0.065 
564   DHB_11    (0)    8 :  0.221 0.218 0.019 0.482 0.059 
565   DHB_12    (0)    8 :  0.030 0.646 0.065 0.226 0.033 
566   DHB_13    (0)    8 :  0.258 0.402 0.167 0.044 0.128 
567   DHB_14    (0)    8 :  0.037 0.704 0.060 0.160 0.038 
568   DHB_15    (0)    8 :  0.256 0.345 0.275 0.093 0.030 
569   DHB_16    (0)    8 :  0.075 0.189 0.294 0.170 0.273 
570   DHB_17    (0)    8 :  0.049 0.329 0.366 0.135 0.121 
571   DHB_18    (0)    8 :  0.047 0.274 0.098 0.476 0.105 
572   DHB_19    (0)    8 :  0.030 0.736 0.027 0.031 0.176 
573   DHB_20    (0)    8 :  0.068 0.680 0.048 0.122 0.081 
574   DHB_21    (0)    8 :  0.021 0.771 0.017 0.114 0.077 
575   DHB_22    (0)    8 :  0.014 0.110 0.275 0.509 0.093 
576   DHB_23    (0)    8 :  0.285 0.495 0.146 0.052 0.022 
577   DHB_24    (0)    8 :  0.034 0.453 0.443 0.036 0.034 
578   DHB_25    (0)    8 :  0.143 0.449 0.092 0.244 0.072 
579   DHB_26    (0)    8 :  0.109 0.454 0.220 0.143 0.074 
580   DHB_27    (0)    8 :  0.177 0.536 0.062 0.114 0.111 
581   DHB_28    (0)    8 :  0.032 0.769 0.049 0.056 0.093 
582   DHB_29    (0)    8 :  0.117 0.545 0.063 0.078 0.198 
583   DHB_30    (0)    8 :  0.030 0.813 0.037 0.070 0.050 
