

----------------------------------------------------
STRUCTURE by Pritchard, Stephens and Donnelly (2000)
     and Falush, Stephens and Pritchard (2003)
       Code by Pritchard, Falush and Hubisz
             Version 2.3.4 (Jul 2012)
----------------------------------------------------



Command line arguments:   structure -m /global/home/hpc3579/salmon/mainparamsnewfoundlandfiles/mainparamsnewfoundland15 -e /global/home/hpc3579/salmon/extraparams_newfoundlandfile -K 15 
Input File:    /global/home/hpc3579/salmon/NewfoundlandStruc.txt

Run parameters:
   5235 individuals
   15 loci
   15 populations assumed
   100000 Burn-in period
   1000000 Reps


--------------------------------------------
Proportion of membership of each pre-defined
 population in each of the 15 clusters

Given    Inferred Clusters                                                                                           Number of
 Pop       1      2      3      4      5      6      7      8      9     10     11     12     13     14     15      Individuals

  1:     0.749  0.018  0.015  0.017  0.014  0.019  0.015  0.016  0.011  0.039  0.019  0.015  0.010  0.017  0.025       68
  2:     0.034  0.087  0.084  0.076  0.040  0.089  0.032  0.071  0.065  0.033  0.032  0.054  0.071  0.188  0.045       76
  3:     0.050  0.057  0.049  0.070  0.037  0.142  0.020  0.046  0.044  0.028  0.046  0.074  0.050  0.247  0.039       75
  4:     0.223  0.042  0.041  0.043  0.054  0.136  0.035  0.030  0.028  0.060  0.075  0.058  0.073  0.046  0.056       78
  5:     0.026  0.043  0.066  0.024  0.024  0.027  0.019  0.508  0.035  0.023  0.034  0.036  0.030  0.049  0.056       80
  6:     0.023  0.047  0.037  0.587  0.038  0.022  0.017  0.037  0.023  0.021  0.018  0.038  0.024  0.045  0.021       77
  7:     0.017  0.044  0.024  0.687  0.017  0.018  0.015  0.035  0.018  0.016  0.014  0.028  0.015  0.030  0.022       99
  8:     0.049  0.059  0.179  0.037  0.023  0.034  0.028  0.258  0.064  0.026  0.042  0.060  0.020  0.047  0.074       78
  9:     0.015  0.026  0.024  0.039  0.014  0.017  0.015  0.022  0.019  0.020  0.014  0.021  0.016  0.725  0.014       74
 10:     0.046  0.034  0.032  0.027  0.025  0.052  0.015  0.021  0.029  0.030  0.021  0.040  0.018  0.025  0.584      100
 11:     0.107  0.022  0.042  0.019  0.024  0.475  0.033  0.051  0.024  0.027  0.051  0.027  0.020  0.049  0.030      100
 12:     0.026  0.058  0.059  0.051  0.031  0.033  0.023  0.402  0.034  0.018  0.051  0.051  0.026  0.068  0.068       75
 13:     0.026  0.047  0.059  0.052  0.029  0.040  0.011  0.448  0.063  0.023  0.034  0.033  0.041  0.051  0.042       77
 14:     0.030  0.047  0.069  0.042  0.034  0.035  0.031  0.381  0.045  0.026  0.056  0.067  0.022  0.052  0.065       82
 15:     0.029  0.074  0.047  0.022  0.026  0.027  0.018  0.495  0.041  0.016  0.034  0.061  0.029  0.041  0.040       75
 16:     0.039  0.057  0.065  0.113  0.030  0.108  0.025  0.046  0.052  0.028  0.031  0.076  0.109  0.159  0.064       56
 17:     0.020  0.055  0.038  0.032  0.028  0.027  0.015  0.496  0.052  0.013  0.020  0.061  0.040  0.052  0.048       70
 18:     0.014  0.023  0.027  0.699  0.021  0.029  0.018  0.022  0.017  0.013  0.014  0.035  0.014  0.035  0.017       82
 19:     0.601  0.023  0.017  0.015  0.019  0.046  0.017  0.022  0.019  0.073  0.031  0.030  0.021  0.028  0.038       75
 20:     0.423  0.041  0.033  0.027  0.030  0.032  0.019  0.064  0.042  0.039  0.043  0.051  0.028  0.033  0.096       57
 21:     0.028  0.016  0.014  0.015  0.012  0.012  0.013  0.014  0.014  0.773  0.013  0.013  0.035  0.015  0.014      111
 22:     0.119  0.033  0.039  0.028  0.034  0.057  0.055  0.044  0.027  0.068  0.323  0.045  0.015  0.035  0.078       88
 23:     0.028  0.379  0.043  0.050  0.038  0.070  0.029  0.042  0.031  0.042  0.024  0.050  0.028  0.100  0.045       69
 24:     0.008  0.660  0.065  0.024  0.013  0.009  0.009  0.093  0.022  0.013  0.024  0.021  0.011  0.017  0.012       75
 25:     0.504  0.026  0.033  0.029  0.024  0.034  0.013  0.034  0.037  0.063  0.043  0.034  0.033  0.035  0.057      100
 26:     0.014  0.039  0.056  0.377  0.034  0.017  0.013  0.056  0.019  0.020  0.038  0.023  0.023  0.048  0.225       76
 27:     0.464  0.033  0.034  0.037  0.033  0.059  0.019  0.031  0.055  0.038  0.024  0.059  0.052  0.024  0.038       84
 28:     0.487  0.039  0.025  0.019  0.040  0.020  0.014  0.026  0.037  0.083  0.114  0.027  0.015  0.024  0.031       74
 29:     0.033  0.011  0.010  0.009  0.009  0.011  0.009  0.009  0.035  0.023  0.667  0.009  0.145  0.011  0.008       51
 30:     0.039  0.018  0.015  0.023  0.016  0.027  0.023  0.025  0.016  0.684  0.037  0.021  0.019  0.022  0.016       75
 31:     0.011  0.014  0.012  0.010  0.010  0.012  0.843  0.013  0.011  0.010  0.010  0.014  0.010  0.009  0.010       71
 32:     0.036  0.028  0.055  0.066  0.039  0.027  0.028  0.388  0.054  0.017  0.049  0.075  0.029  0.052  0.056       66
 33:     0.022  0.056  0.050  0.039  0.453  0.030  0.015  0.032  0.024  0.021  0.064  0.065  0.030  0.059  0.040       81
 34:     0.027  0.068  0.047  0.040  0.039  0.134  0.020  0.037  0.030  0.034  0.033  0.398  0.024  0.033  0.036       50
 35:     0.020  0.074  0.088  0.058  0.017  0.023  0.015  0.095  0.259  0.018  0.025  0.068  0.065  0.114  0.060       50
 36:     0.015  0.036  0.042  0.023  0.017  0.023  0.015  0.030  0.033  0.012  0.036  0.017  0.016  0.031  0.654      100
 37:     0.029  0.030  0.031  0.025  0.570  0.029  0.017  0.029  0.032  0.016  0.034  0.082  0.025  0.029  0.022       94
 38:     0.015  0.024  0.721  0.019  0.024  0.022  0.013  0.018  0.019  0.011  0.018  0.025  0.029  0.024  0.017      100
 39:     0.032  0.053  0.046  0.046  0.052  0.138  0.016  0.058  0.061  0.023  0.028  0.318  0.034  0.032  0.064       50
 40:     0.041  0.047  0.114  0.053  0.036  0.044  0.023  0.104  0.145  0.036  0.063  0.066  0.063  0.094  0.070       98
 41:     0.028  0.049  0.026  0.019  0.016  0.010  0.032  0.018  0.638  0.014  0.038  0.044  0.025  0.021  0.022       50
 42:     0.020  0.010  0.013  0.014  0.786  0.022  0.010  0.016  0.018  0.011  0.015  0.022  0.014  0.016  0.014       99
 43:     0.032  0.070  0.200  0.058  0.039  0.046  0.020  0.095  0.133  0.033  0.047  0.038  0.056  0.076  0.057       99
 44:     0.026  0.047  0.042  0.035  0.037  0.045  0.019  0.043  0.079  0.022  0.048  0.426  0.052  0.045  0.035      100
 45:     0.037  0.051  0.127  0.034  0.068  0.136  0.017  0.072  0.060  0.013  0.042  0.164  0.043  0.068  0.068       48
 46:     0.038  0.030  0.073  0.032  0.537  0.030  0.008  0.040  0.031  0.017  0.039  0.039  0.024  0.034  0.029       28
 47:     0.031  0.085  0.091  0.029  0.046  0.091  0.035  0.047  0.023  0.046  0.021  0.278  0.051  0.039  0.087       50
 48:     0.023  0.070  0.031  0.056  0.064  0.446  0.018  0.027  0.018  0.016  0.023  0.102  0.029  0.046  0.030      100
 49:     0.025  0.040  0.035  0.041  0.038  0.044  0.021  0.051  0.059  0.014  0.049  0.428  0.046  0.058  0.050       50
 50:     0.019  0.043  0.097  0.033  0.497  0.019  0.016  0.050  0.036  0.027  0.023  0.034  0.023  0.052  0.029       41
 51:     0.027  0.049  0.059  0.048  0.032  0.029  0.020  0.046  0.062  0.025  0.037  0.444  0.036  0.049  0.036       50
 52:     0.015  0.017  0.041  0.023  0.015  0.021  0.012  0.017  0.714  0.015  0.023  0.015  0.030  0.022  0.020      100
 53:     0.030  0.035  0.052  0.048  0.022  0.022  0.017  0.074  0.064  0.035  0.467  0.026  0.024  0.032  0.051       98
 54:     0.025  0.089  0.153  0.056  0.092  0.084  0.023  0.040  0.043  0.033  0.064  0.097  0.050  0.075  0.078      100
 55:     0.010  0.009  0.013  0.008  0.009  0.011  0.863  0.009  0.010  0.009  0.016  0.009  0.006  0.009  0.009       95
 56:     0.036  0.018  0.054  0.037  0.021  0.042  0.011  0.073  0.280  0.027  0.033  0.022  0.161  0.096  0.090       50
 57:     0.119  0.056  0.046  0.051  0.056  0.131  0.018  0.047  0.051  0.043  0.026  0.153  0.077  0.081  0.044       70
 58:     0.023  0.042  0.043  0.032  0.470  0.032  0.017  0.041  0.024  0.019  0.059  0.085  0.025  0.041  0.046      100
 59:     0.030  0.074  0.047  0.041  0.036  0.036  0.013  0.041  0.085  0.029  0.038  0.355  0.050  0.077  0.046       50
 60:     0.011  0.011  0.011  0.008  0.009  0.012  0.006  0.010  0.013  0.007  0.010  0.010  0.855  0.016  0.010       50
 61:     0.029  0.046  0.147  0.023  0.039  0.059  0.021  0.073  0.060  0.031  0.044  0.188  0.035  0.126  0.080      100
 62:     0.017  0.035  0.094  0.019  0.598  0.017  0.021  0.024  0.030  0.014  0.021  0.030  0.015  0.036  0.028       41
 63:     0.022  0.042  0.053  0.033  0.478  0.041  0.015  0.032  0.035  0.016  0.039  0.060  0.043  0.050  0.043      100
 64:     0.019  0.030  0.086  0.017  0.028  0.044  0.019  0.029  0.049  0.021  0.030  0.061  0.465  0.043  0.061       50
 65:     0.023  0.051  0.045  0.027  0.434  0.031  0.023  0.064  0.043  0.036  0.060  0.039  0.021  0.068  0.033      100
 66:     0.025  0.042  0.058  0.042  0.046  0.092  0.031  0.041  0.035  0.012  0.061  0.400  0.039  0.044  0.031       49
 67:     0.032  0.063  0.050  0.063  0.058  0.066  0.035  0.052  0.052  0.025  0.048  0.258  0.047  0.106  0.045      100
 68:     0.034  0.034  0.181  0.030  0.097  0.053  0.015  0.035  0.208  0.027  0.044  0.106  0.046  0.048  0.043       50
 69:     0.018  0.037  0.072  0.026  0.029  0.030  0.014  0.044  0.047  0.017  0.023  0.068  0.460  0.081  0.033      100
--------------------------------------------

Allele-freq. divergence among pops (Net nucleotide distance),
computed using point estimates of P.

      1       2       3       4       5       6       7       8       9      10      11      12      13      14      15      
 1      -    0.0453  0.0464  0.0520  0.0595  0.0377  0.0739  0.0375  0.0399  0.0258  0.0465  0.0372  0.0448  0.0373  0.0398  
 2   0.0453     -    0.0257  0.0239  0.0352  0.0303  0.0673  0.0237  0.0343  0.0434  0.0338  0.0232  0.0357  0.0241  0.0199  
 3   0.0464  0.0257     -    0.0242  0.0309  0.0302  0.0674  0.0191  0.0304  0.0549  0.0307  0.0265  0.0271  0.0245  0.0221  
 4   0.0520  0.0239  0.0242     -    0.0435  0.0352  0.0738  0.0228  0.0352  0.0498  0.0397  0.0283  0.0400  0.0245  0.0240  
 5   0.0595  0.0352  0.0309  0.0435     -    0.0355  0.0853  0.0365  0.0484  0.0638  0.0337  0.0258  0.0454  0.0339  0.0337  
 6   0.0377  0.0303  0.0302  0.0352  0.0355     -    0.0694  0.0300  0.0316  0.0425  0.0327  0.0158  0.0322  0.0268  0.0274  
 7   0.0739  0.0673  0.0674  0.0738  0.0853  0.0694     -    0.0646  0.0699  0.0735  0.0655  0.0688  0.0802  0.0681  0.0656  
 8   0.0375  0.0237  0.0191  0.0228  0.0365  0.0300  0.0646     -    0.0263  0.0456  0.0262  0.0217  0.0260  0.0169  0.0192  
 9   0.0399  0.0343  0.0304  0.0352  0.0484  0.0316  0.0699  0.0263     -    0.0543  0.0389  0.0243  0.0241  0.0264  0.0313  
10   0.0258  0.0434  0.0549  0.0498  0.0638  0.0425  0.0735  0.0456  0.0543     -    0.0465  0.0439  0.0589  0.0412  0.0412  
11   0.0465  0.0338  0.0307  0.0397  0.0337  0.0327  0.0655  0.0262  0.0389  0.0465     -    0.0284  0.0321  0.0277  0.0247  
12   0.0372  0.0232  0.0265  0.0283  0.0258  0.0158  0.0688  0.0217  0.0243  0.0439  0.0284     -    0.0270  0.0196  0.0223  
13   0.0448  0.0357  0.0271  0.0400  0.0454  0.0322  0.0802  0.0260  0.0241  0.0589  0.0321  0.0270     -    0.0236  0.0291  
14   0.0373  0.0241  0.0245  0.0245  0.0339  0.0268  0.0681  0.0169  0.0264  0.0412  0.0277  0.0196  0.0236     -    0.0213  
15   0.0398  0.0199  0.0221  0.0240  0.0337  0.0274  0.0656  0.0192  0.0313  0.0412  0.0247  0.0223  0.0291  0.0213     -    

Average distances (expected heterozygosity) between individuals in same cluster:
cluster  1  : 0.8355 
cluster  2  : 0.8589 
cluster  3  : 0.8646 
cluster  4  : 0.8392 
cluster  5  : 0.8602 
cluster  6  : 0.8424 
cluster  7  : 0.7813 
cluster  8  : 0.8660 
cluster  9  : 0.8482 
cluster 10  : 0.8141 
cluster 11  : 0.8582 
cluster 12  : 0.8590 
cluster 13  : 0.8504 
cluster 14  : 0.8613 
cluster 15  : 0.8671 

--------------------------------------------
Estimated Ln Prob of Data   = -387239.5
Mean value of ln likelihood = -378596.2
Variance of ln likelihood   = 17286.6
Mean value of alpha         = 0.0491

Mean value of Fst_1         = 0.0391
Mean value of Fst_2         = 0.0286
Mean value of Fst_3         = 0.0224
Mean value of Fst_4         = 0.0354
Mean value of Fst_5         = 0.0307
Mean value of Fst_6         = 0.0364
Mean value of Fst_7         = 0.1461
Mean value of Fst_8         = 0.0209
Mean value of Fst_9         = 0.0353
Mean value of Fst_10         = 0.0680
Mean value of Fst_11         = 0.0376
Mean value of Fst_12         = 0.0164
Mean value of Fst_13         = 0.0271
Mean value of Fst_14         = 0.0259
Mean value of Fst_15         = 0.0260


Inferred ancestry of individuals:
        Label (%Miss) Pop:  Inferred clusters
  1    BBA_1    (0)    1 :  0.882 0.020 0.006 0.007 0.009 0.007 0.004 0.006 0.006 0.011 0.011 0.007 0.012 0.006 0.005 
  2    BBA_2    (0)    1 :  0.897 0.011 0.005 0.004 0.009 0.007 0.003 0.007 0.006 0.007 0.007 0.017 0.005 0.005 0.010 
  3    BBA_3    (0)    1 :  0.842 0.007 0.006 0.012 0.006 0.021 0.006 0.007 0.006 0.032 0.016 0.007 0.006 0.015 0.010 
  4    BBA_4    (0)    1 :  0.656 0.017 0.013 0.012 0.013 0.014 0.018 0.008 0.032 0.022 0.010 0.032 0.009 0.019 0.125 
  5    BBA_5    (0)    1 :  0.914 0.006 0.007 0.006 0.004 0.006 0.004 0.007 0.005 0.011 0.005 0.006 0.004 0.009 0.006 
  6    BBA_6    (0)    1 :  0.810 0.018 0.021 0.015 0.010 0.036 0.004 0.014 0.006 0.017 0.005 0.013 0.008 0.011 0.012 
  7    BBA_7    (0)    1 :  0.890 0.009 0.006 0.007 0.006 0.009 0.012 0.006 0.005 0.011 0.007 0.009 0.005 0.012 0.008 
  8    BBA_8    (0)    1 :  0.734 0.029 0.010 0.025 0.005 0.008 0.014 0.026 0.012 0.025 0.013 0.015 0.011 0.062 0.011 
  9    BBA_9    (0)    1 :  0.934 0.006 0.004 0.006 0.005 0.006 0.004 0.004 0.004 0.006 0.004 0.004 0.005 0.004 0.004 
 10   BBA_10    (0)    1 :  0.860 0.012 0.008 0.028 0.010 0.007 0.004 0.009 0.006 0.010 0.008 0.007 0.008 0.015 0.009 
 11   BBA_11    (0)    1 :  0.770 0.007 0.047 0.007 0.026 0.015 0.005 0.008 0.017 0.031 0.008 0.009 0.025 0.010 0.015 
 12   BBA_12    (0)    1 :  0.918 0.006 0.005 0.006 0.004 0.007 0.005 0.006 0.004 0.009 0.005 0.007 0.006 0.006 0.006 
 13   BBA_13    (0)    1 :  0.585 0.008 0.019 0.049 0.014 0.113 0.004 0.009 0.008 0.008 0.073 0.031 0.006 0.043 0.030 
 14   BBA_14    (0)    1 :  0.762 0.007 0.025 0.016 0.011 0.010 0.019 0.029 0.016 0.022 0.012 0.016 0.013 0.032 0.010 
 15   BBA_15    (0)    1 :  0.783 0.012 0.034 0.023 0.018 0.030 0.003 0.031 0.007 0.007 0.006 0.022 0.006 0.014 0.006 
 16   BBA_16    (0)    1 :  0.863 0.010 0.005 0.011 0.011 0.008 0.032 0.005 0.005 0.013 0.007 0.007 0.007 0.008 0.009 
 17   BBA_17    (0)    1 :  0.419 0.009 0.013 0.015 0.034 0.050 0.254 0.007 0.015 0.130 0.007 0.012 0.005 0.022 0.008 
 18   BBA_18    (0)    1 :  0.889 0.011 0.005 0.005 0.007 0.007 0.004 0.006 0.005 0.024 0.007 0.008 0.009 0.008 0.004 
 19   BBA_19    (0)    1 :  0.882 0.012 0.008 0.009 0.005 0.007 0.010 0.009 0.006 0.010 0.010 0.008 0.006 0.010 0.008 
 20   BBA_20    (0)    1 :  0.337 0.034 0.011 0.011 0.008 0.030 0.004 0.019 0.007 0.476 0.011 0.015 0.008 0.013 0.015 
 21   BBA_21    (0)    1 :  0.535 0.068 0.020 0.043 0.011 0.010 0.017 0.017 0.009 0.151 0.006 0.017 0.024 0.014 0.057 
 22   BBA_22    (0)    1 :  0.451 0.043 0.019 0.027 0.043 0.073 0.056 0.019 0.010 0.147 0.008 0.030 0.010 0.011 0.054 
 23   BBA_23    (0)    1 :  0.918 0.006 0.005 0.005 0.005 0.007 0.009 0.008 0.006 0.008 0.004 0.005 0.004 0.004 0.004 
 24   BBA_24    (0)    1 :  0.865 0.010 0.008 0.011 0.013 0.006 0.010 0.008 0.011 0.007 0.013 0.007 0.006 0.012 0.014 
 25   BBA_25    (0)    1 :  0.900 0.005 0.005 0.005 0.005 0.009 0.007 0.006 0.004 0.019 0.010 0.006 0.005 0.006 0.008 
 26   BBA_26    (0)    1 :  0.420 0.016 0.049 0.040 0.032 0.012 0.013 0.130 0.049 0.010 0.022 0.090 0.017 0.010 0.089 
 27   BBA_27    (0)    1 :  0.924 0.005 0.007 0.010 0.005 0.004 0.004 0.006 0.006 0.004 0.004 0.006 0.005 0.005 0.005 
 28   BBA_28    (0)    1 :  0.897 0.016 0.006 0.007 0.006 0.007 0.005 0.009 0.006 0.009 0.006 0.010 0.005 0.007 0.006 
 29   BBA_29    (0)    1 :  0.588 0.024 0.036 0.031 0.012 0.031 0.047 0.022 0.010 0.084 0.038 0.015 0.010 0.027 0.025 
 30   BBA_30    (0)    1 :  0.907 0.007 0.008 0.006 0.008 0.007 0.007 0.010 0.005 0.006 0.005 0.008 0.003 0.007 0.006 
 31   BBA_31    (0)    1 :  0.669 0.016 0.021 0.017 0.011 0.015 0.005 0.019 0.009 0.053 0.011 0.018 0.008 0.118 0.012 
 32   BBA_32    (0)    1 :  0.626 0.027 0.010 0.015 0.010 0.008 0.009 0.020 0.047 0.060 0.076 0.033 0.035 0.013 0.011 
 33   BBA_33    (0)    1 :  0.274 0.043 0.075 0.105 0.020 0.049 0.023 0.024 0.069 0.118 0.121 0.015 0.017 0.027 0.019 
 34   BBA_34    (0)    1 :  0.400 0.053 0.027 0.031 0.058 0.009 0.025 0.029 0.008 0.022 0.252 0.013 0.007 0.013 0.051 
 35   BBA_35    (0)    1 :  0.594 0.021 0.022 0.012 0.012 0.023 0.006 0.055 0.008 0.081 0.075 0.030 0.011 0.019 0.031 
 36   BBA_36    (0)    1 :  0.835 0.018 0.014 0.037 0.007 0.005 0.009 0.009 0.007 0.011 0.005 0.009 0.009 0.012 0.013 
 37   BBA_37    (0)    1 :  0.750 0.009 0.018 0.053 0.022 0.016 0.007 0.026 0.008 0.010 0.007 0.026 0.006 0.031 0.010 
 38   BBA_38    (0)    1 :  0.081 0.018 0.013 0.018 0.016 0.009 0.051 0.022 0.015 0.145 0.049 0.023 0.026 0.017 0.496 
 39   BBA_39    (0)    1 :  0.704 0.019 0.015 0.009 0.014 0.043 0.004 0.010 0.008 0.106 0.018 0.020 0.007 0.008 0.015 
 40   BBA_40    (0)    1 :  0.852 0.015 0.008 0.009 0.008 0.005 0.038 0.011 0.006 0.009 0.005 0.007 0.005 0.011 0.009 
 41   BBA_41    (0)    1 :  0.806 0.019 0.012 0.029 0.010 0.008 0.007 0.020 0.006 0.008 0.006 0.018 0.008 0.022 0.022 
 42   BBA_42    (0)    1 :  0.748 0.015 0.011 0.030 0.015 0.035 0.005 0.031 0.012 0.007 0.013 0.007 0.024 0.020 0.028 
 43   BBA_43    (0)    1 :  0.918 0.009 0.006 0.005 0.007 0.009 0.003 0.006 0.005 0.006 0.005 0.007 0.004 0.006 0.007 
 44   BBA_44    (0)    1 :  0.922 0.005 0.005 0.007 0.005 0.005 0.005 0.007 0.005 0.006 0.005 0.006 0.005 0.007 0.005 
 45   BBA_45    (0)    1 :  0.923 0.006 0.006 0.006 0.004 0.005 0.007 0.009 0.004 0.009 0.004 0.005 0.004 0.005 0.004 
 46   BBA_46    (0)    1 :  0.945 0.004 0.004 0.005 0.004 0.004 0.003 0.004 0.004 0.005 0.004 0.004 0.003 0.004 0.004 
 47   BBA_47    (0)    1 :  0.894 0.008 0.004 0.007 0.009 0.007 0.014 0.006 0.010 0.005 0.007 0.010 0.005 0.006 0.008 
 48   BBA_48    (0)    1 :  0.847 0.011 0.013 0.009 0.017 0.005 0.006 0.040 0.007 0.005 0.006 0.011 0.006 0.009 0.008 
 49   BBA_49    (0)    1 :  0.469 0.183 0.009 0.038 0.009 0.049 0.012 0.013 0.019 0.025 0.037 0.023 0.020 0.078 0.019 
 50   BBA_50    (0)    1 :  0.728 0.039 0.017 0.007 0.009 0.021 0.020 0.023 0.008 0.067 0.020 0.016 0.006 0.008 0.010 
 51   BBA_51    (0)    1 :  0.617 0.022 0.009 0.009 0.009 0.101 0.010 0.012 0.011 0.043 0.016 0.018 0.017 0.012 0.095 
 52   BBA_52    (0)    1 :  0.832 0.010 0.017 0.031 0.009 0.005 0.005 0.015 0.013 0.011 0.008 0.016 0.006 0.012 0.007 
 53   BBA_53    (0)    1 :  0.882 0.008 0.009 0.010 0.005 0.011 0.006 0.008 0.010 0.009 0.005 0.011 0.008 0.009 0.010 
 54   BBA_54    (0)    1 :  0.774 0.007 0.013 0.010 0.013 0.025 0.014 0.014 0.007 0.014 0.027 0.023 0.022 0.029 0.008 
 55   BBA_55    (0)    1 :  0.498 0.022 0.087 0.021 0.037 0.022 0.015 0.099 0.011 0.008 0.052 0.016 0.021 0.050 0.040 
 56   BBA_56    (0)    1 :  0.837 0.011 0.008 0.021 0.006 0.017 0.004 0.010 0.004 0.013 0.010 0.015 0.016 0.017 0.010 
 57   BBA_57    (0)    1 :  0.892 0.006 0.008 0.009 0.005 0.006 0.006 0.008 0.008 0.007 0.008 0.007 0.015 0.007 0.007 
 58   BBA_58    (0)    1 :  0.870 0.015 0.014 0.008 0.013 0.007 0.006 0.008 0.006 0.007 0.006 0.012 0.012 0.009 0.008 
 59   BBA_59    (0)    1 :  0.889 0.007 0.006 0.015 0.009 0.006 0.004 0.007 0.012 0.005 0.006 0.008 0.006 0.012 0.006 
 60   BBA_60    (0)    1 :  0.775 0.014 0.009 0.013 0.018 0.015 0.041 0.025 0.007 0.024 0.008 0.011 0.005 0.022 0.012 
 61   BBA_61    (0)    1 :  0.916 0.007 0.005 0.007 0.005 0.009 0.003 0.005 0.004 0.009 0.004 0.010 0.005 0.006 0.005 
 62   BBA_62    (0)    1 :  0.852 0.024 0.008 0.017 0.006 0.007 0.011 0.009 0.007 0.017 0.005 0.011 0.007 0.009 0.010 
 63   BBA_63    (0)    1 :  0.847 0.011 0.009 0.016 0.025 0.009 0.003 0.010 0.005 0.008 0.013 0.015 0.009 0.010 0.010 
 64   BBA_64    (0)    1 :  0.919 0.007 0.006 0.005 0.006 0.006 0.006 0.007 0.005 0.007 0.005 0.005 0.004 0.005 0.006 
 65   BBA_65    (0)    1 :  0.744 0.009 0.029 0.014 0.019 0.016 0.014 0.011 0.017 0.042 0.013 0.011 0.007 0.043 0.012 
 66   BBA_66    (0)    1 :  0.664 0.051 0.015 0.007 0.107 0.006 0.008 0.015 0.024 0.006 0.007 0.031 0.006 0.015 0.038 
 67   BBA_67    (0)    1 :  0.899 0.009 0.006 0.005 0.009 0.010 0.005 0.006 0.005 0.005 0.009 0.005 0.008 0.010 0.008 
 68   BBA_68    (0)    1 :  0.221 0.032 0.012 0.008 0.018 0.149 0.040 0.008 0.010 0.339 0.034 0.045 0.018 0.014 0.053 
 69    BDN_1    (0)    2 :  0.006 0.011 0.039 0.130 0.024 0.044 0.015 0.040 0.282 0.008 0.235 0.022 0.065 0.050 0.029 
 70    BDN_2    (0)    2 :  0.020 0.057 0.021 0.029 0.008 0.016 0.008 0.051 0.059 0.009 0.018 0.075 0.021 0.363 0.244 
 71    BDN_3    (0)    2 :  0.039 0.020 0.027 0.066 0.038 0.017 0.332 0.042 0.125 0.009 0.054 0.173 0.018 0.014 0.025 
 72    BDN_4   (13)    2 :  0.018 0.009 0.033 0.022 0.207 0.095 0.006 0.015 0.049 0.006 0.015 0.018 0.011 0.468 0.027 
 73    BDN_5   (13)    2 :  0.014 0.024 0.289 0.033 0.058 0.011 0.016 0.018 0.018 0.019 0.014 0.145 0.023 0.271 0.046 
 74    BDN_6    (6)    2 :  0.012 0.141 0.021 0.021 0.022 0.092 0.057 0.167 0.019 0.011 0.037 0.150 0.031 0.186 0.033 
 75    BDN_7    (0)    2 :  0.007 0.172 0.031 0.027 0.014 0.314 0.016 0.182 0.009 0.008 0.009 0.065 0.079 0.042 0.024 
 76    BDN_8    (6)    2 :  0.013 0.108 0.335 0.073 0.023 0.006 0.016 0.245 0.078 0.005 0.014 0.021 0.016 0.023 0.023 
 77    BDN_9    (0)    2 :  0.031 0.047 0.013 0.015 0.048 0.056 0.005 0.019 0.178 0.331 0.037 0.032 0.037 0.144 0.007 
 78   BDN_10    (0)    2 :  0.383 0.009 0.030 0.018 0.021 0.115 0.005 0.019 0.039 0.014 0.042 0.033 0.051 0.190 0.030 
 79   BDN_11    (0)    2 :  0.006 0.114 0.019 0.076 0.081 0.149 0.013 0.035 0.008 0.007 0.028 0.081 0.038 0.279 0.067 
 80   BDN_12    (0)    2 :  0.005 0.254 0.014 0.031 0.009 0.106 0.004 0.028 0.103 0.012 0.010 0.037 0.028 0.330 0.027 
 81   BDN_13   (13)    2 :  0.014 0.009 0.532 0.013 0.033 0.042 0.020 0.010 0.049 0.009 0.011 0.024 0.037 0.183 0.013 
 82   BDN_14    (0)    2 :  0.078 0.012 0.018 0.022 0.038 0.033 0.007 0.049 0.463 0.010 0.028 0.047 0.020 0.083 0.092 
 83   BDN_15    (6)    2 :  0.007 0.035 0.006 0.159 0.007 0.023 0.031 0.041 0.573 0.009 0.006 0.034 0.013 0.041 0.015 
 84   BDN_16    (6)    2 :  0.027 0.279 0.035 0.046 0.096 0.185 0.011 0.041 0.015 0.124 0.012 0.030 0.013 0.021 0.065 
 85   BDN_17   (13)    2 :  0.008 0.020 0.014 0.023 0.012 0.305 0.330 0.010 0.099 0.013 0.020 0.021 0.088 0.026 0.011 
 86   BDN_18    (0)    2 :  0.016 0.008 0.023 0.025 0.024 0.017 0.003 0.017 0.039 0.006 0.007 0.025 0.019 0.682 0.089 
 87   BDN_19    (0)    2 :  0.042 0.321 0.043 0.028 0.009 0.080 0.006 0.008 0.028 0.012 0.175 0.012 0.009 0.218 0.009 
 88   BDN_20   (13)    2 :  0.020 0.047 0.091 0.210 0.050 0.024 0.158 0.033 0.046 0.064 0.012 0.161 0.021 0.028 0.035 
 89   BDN_21   (13)    2 :  0.029 0.024 0.018 0.015 0.012 0.460 0.017 0.010 0.010 0.025 0.163 0.067 0.010 0.124 0.017 
 90   BDN_22    (6)    2 :  0.276 0.073 0.010 0.043 0.007 0.048 0.032 0.023 0.023 0.125 0.039 0.043 0.031 0.209 0.020 
 91   BDN_23    (0)    2 :  0.079 0.157 0.012 0.404 0.025 0.042 0.006 0.015 0.012 0.037 0.042 0.022 0.036 0.068 0.041 
 92   BDN_24    (0)    2 :  0.034 0.010 0.155 0.096 0.010 0.049 0.013 0.056 0.025 0.006 0.015 0.019 0.049 0.428 0.035 
 93   BDN_25   (13)    2 :  0.024 0.160 0.058 0.077 0.012 0.083 0.009 0.109 0.033 0.016 0.018 0.016 0.109 0.250 0.027 
 94   BDN_26    (0)    2 :  0.007 0.102 0.007 0.121 0.005 0.048 0.126 0.009 0.020 0.038 0.026 0.009 0.011 0.459 0.010 
 95   BDN_27    (0)    2 :  0.009 0.006 0.052 0.025 0.008 0.011 0.003 0.009 0.014 0.005 0.008 0.012 0.007 0.821 0.011 
 96   BDN_28   (13)    2 :  0.012 0.127 0.016 0.033 0.083 0.078 0.009 0.071 0.025 0.016 0.028 0.067 0.379 0.034 0.022 
 97   BDN_29    (0)    2 :  0.039 0.050 0.024 0.547 0.012 0.012 0.044 0.012 0.022 0.014 0.025 0.104 0.010 0.040 0.044 
 98   BDN_30    (0)    2 :  0.018 0.015 0.063 0.013 0.016 0.383 0.063 0.011 0.212 0.051 0.012 0.033 0.008 0.024 0.080 
 99   BDN_31    (0)    2 :  0.044 0.347 0.011 0.020 0.032 0.304 0.005 0.022 0.008 0.020 0.021 0.016 0.035 0.104 0.010 
100   BDN_32    (0)    2 :  0.016 0.034 0.010 0.040 0.010 0.014 0.009 0.242 0.040 0.097 0.032 0.316 0.110 0.016 0.015 
101   BDN_33    (0)    2 :  0.006 0.011 0.465 0.015 0.005 0.345 0.015 0.025 0.030 0.013 0.013 0.023 0.010 0.014 0.010 
102   BDN_34    (0)    2 :  0.008 0.022 0.030 0.034 0.485 0.227 0.004 0.023 0.030 0.006 0.008 0.023 0.015 0.032 0.051 
103   BDN_35    (0)    2 :  0.026 0.008 0.082 0.011 0.008 0.008 0.004 0.011 0.039 0.009 0.013 0.011 0.023 0.718 0.029 
104   BDN_36    (0)    2 :  0.009 0.123 0.020 0.033 0.009 0.024 0.011 0.022 0.008 0.022 0.024 0.032 0.017 0.549 0.096 
105   BDN_37    (0)    2 :  0.008 0.081 0.031 0.037 0.013 0.102 0.016 0.018 0.013 0.063 0.041 0.015 0.528 0.018 0.016 
106   BDN_38    (0)    2 :  0.010 0.020 0.172 0.043 0.016 0.022 0.262 0.068 0.013 0.042 0.017 0.011 0.140 0.016 0.148 
107   BDN_39    (0)    2 :  0.053 0.024 0.075 0.021 0.023 0.010 0.003 0.069 0.024 0.008 0.008 0.042 0.602 0.026 0.011 
108   BDN_40    (0)    2 :  0.006 0.331 0.037 0.066 0.010 0.008 0.012 0.031 0.035 0.006 0.010 0.013 0.382 0.040 0.014 
109   BDN_41    (0)    2 :  0.020 0.111 0.020 0.067 0.069 0.033 0.020 0.041 0.168 0.010 0.013 0.245 0.058 0.107 0.017 
110   BDN_42   (13)    2 :  0.010 0.059 0.059 0.213 0.074 0.206 0.005 0.031 0.036 0.027 0.015 0.114 0.046 0.041 0.065 
111   BDN_43    (6)    2 :  0.010 0.047 0.193 0.050 0.209 0.010 0.007 0.074 0.011 0.017 0.043 0.037 0.041 0.237 0.012 
112   BDN_44    (0)    2 :  0.027 0.276 0.017 0.120 0.013 0.024 0.013 0.104 0.047 0.042 0.008 0.072 0.053 0.146 0.038 
113   BDN_45    (0)    2 :  0.014 0.070 0.280 0.270 0.016 0.010 0.014 0.036 0.080 0.010 0.012 0.013 0.029 0.029 0.119 
114   BDN_46   (13)    2 :  0.034 0.013 0.046 0.008 0.052 0.048 0.007 0.121 0.344 0.037 0.134 0.043 0.025 0.037 0.049 
115   BDN_47    (0)    2 :  0.032 0.029 0.023 0.299 0.132 0.019 0.032 0.049 0.121 0.024 0.021 0.127 0.031 0.013 0.047 
116   BDN_48    (0)    2 :  0.012 0.011 0.008 0.016 0.029 0.008 0.004 0.080 0.008 0.007 0.014 0.041 0.094 0.029 0.637 
117   BDN_49    (0)    2 :  0.028 0.080 0.158 0.179 0.056 0.015 0.004 0.069 0.012 0.010 0.042 0.018 0.229 0.065 0.034 
118   BDN_50    (0)    2 :  0.019 0.012 0.018 0.090 0.016 0.022 0.004 0.021 0.037 0.008 0.007 0.014 0.012 0.709 0.011 
119   BDN_51    (0)    2 :  0.019 0.096 0.008 0.034 0.012 0.028 0.007 0.070 0.063 0.015 0.063 0.017 0.030 0.505 0.033 
120   BDN_52    (0)    2 :  0.012 0.012 0.048 0.061 0.019 0.106 0.014 0.032 0.037 0.007 0.008 0.072 0.085 0.471 0.015 
121   BDN_53    (0)    2 :  0.031 0.070 0.178 0.093 0.078 0.023 0.006 0.183 0.013 0.035 0.015 0.195 0.023 0.036 0.023 
122   BDN_54   (13)    2 :  0.052 0.013 0.005 0.008 0.010 0.064 0.012 0.007 0.013 0.090 0.008 0.015 0.011 0.678 0.013 
123   BDN_55    (6)    2 :  0.014 0.019 0.050 0.014 0.009 0.361 0.004 0.230 0.029 0.103 0.010 0.031 0.039 0.021 0.067 
124   BDN_56   (13)    2 :  0.009 0.069 0.270 0.183 0.041 0.011 0.003 0.032 0.018 0.021 0.012 0.021 0.037 0.252 0.020 
125   BDN_57    (6)    2 :  0.021 0.069 0.521 0.055 0.012 0.011 0.047 0.040 0.014 0.039 0.019 0.048 0.056 0.011 0.037 
126   BDN_58    (6)    2 :  0.025 0.034 0.101 0.038 0.010 0.300 0.018 0.054 0.018 0.013 0.234 0.043 0.011 0.077 0.023 
127   BDN_59    (6)    2 :  0.021 0.195 0.034 0.412 0.015 0.053 0.057 0.024 0.008 0.050 0.021 0.014 0.009 0.071 0.017 
128   BDN_60    (6)    2 :  0.009 0.008 0.049 0.028 0.020 0.220 0.039 0.016 0.024 0.007 0.020 0.020 0.007 0.523 0.010 
129   BDN_61    (0)    2 :  0.010 0.013 0.653 0.037 0.058 0.018 0.006 0.047 0.034 0.010 0.026 0.026 0.014 0.034 0.013 
130   BDN_62    (0)    2 :  0.012 0.058 0.024 0.316 0.031 0.129 0.004 0.109 0.053 0.042 0.014 0.010 0.010 0.178 0.010 
131   BDN_63    (6)    2 :  0.039 0.153 0.016 0.019 0.019 0.010 0.139 0.027 0.327 0.015 0.035 0.055 0.083 0.039 0.022 
132   BDN_64    (0)    2 :  0.020 0.040 0.010 0.078 0.020 0.014 0.005 0.013 0.007 0.023 0.017 0.027 0.692 0.014 0.021 
133   BDN_65    (0)    2 :  0.012 0.015 0.029 0.027 0.015 0.022 0.046 0.090 0.085 0.324 0.011 0.089 0.071 0.104 0.062 
134   BDN_66   (13)    2 :  0.042 0.390 0.172 0.025 0.028 0.023 0.006 0.015 0.022 0.012 0.028 0.023 0.042 0.100 0.074 
135   BDN_67    (0)    2 :  0.328 0.227 0.056 0.007 0.021 0.023 0.008 0.056 0.010 0.016 0.017 0.027 0.150 0.012 0.041 
136   BDN_68    (6)    2 :  0.017 0.053 0.039 0.015 0.018 0.021 0.073 0.387 0.044 0.012 0.054 0.046 0.018 0.105 0.099 
137   BDN_69    (0)    2 :  0.008 0.134 0.048 0.041 0.016 0.021 0.007 0.058 0.046 0.014 0.018 0.141 0.021 0.405 0.020 
138   BDN_70    (6)    2 :  0.013 0.093 0.020 0.015 0.013 0.579 0.012 0.030 0.015 0.017 0.016 0.044 0.055 0.047 0.032 
139   BDN_71    (6)    2 :  0.012 0.010 0.018 0.031 0.013 0.010 0.006 0.016 0.039 0.027 0.026 0.013 0.011 0.749 0.018 
140   BDN_72    (0)    2 :  0.018 0.019 0.018 0.016 0.029 0.010 0.005 0.651 0.012 0.037 0.037 0.087 0.019 0.026 0.017 
141   BDN_73    (0)    2 :  0.011 0.023 0.050 0.019 0.154 0.008 0.007 0.531 0.032 0.030 0.008 0.050 0.013 0.037 0.027 
142   BDN_74    (0)    2 :  0.009 0.626 0.014 0.103 0.008 0.050 0.013 0.036 0.013 0.012 0.017 0.029 0.039 0.017 0.014 
143   BDN_75    (0)    2 :  0.010 0.006 0.152 0.012 0.017 0.016 0.037 0.012 0.117 0.013 0.015 0.014 0.011 0.558 0.008 
144   BDN_76    (0)    2 :  0.160 0.013 0.013 0.008 0.033 0.209 0.013 0.054 0.036 0.020 0.015 0.113 0.090 0.186 0.037 
145   BDNB_1    (0)    3 :  0.007 0.018 0.019 0.026 0.019 0.027 0.024 0.059 0.081 0.013 0.010 0.021 0.524 0.098 0.055 
146   BDNB_2    (0)    3 :  0.026 0.017 0.065 0.012 0.027 0.123 0.009 0.076 0.044 0.011 0.038 0.039 0.063 0.294 0.155 
147   BDNB_3    (0)    3 :  0.024 0.012 0.059 0.023 0.008 0.009 0.030 0.091 0.009 0.023 0.027 0.024 0.034 0.219 0.408 
148   BDNB_4    (0)    3 :  0.007 0.011 0.029 0.022 0.017 0.023 0.006 0.024 0.178 0.007 0.040 0.032 0.052 0.532 0.019 
149   BDNB_5    (0)    3 :  0.035 0.018 0.012 0.021 0.095 0.366 0.008 0.015 0.032 0.023 0.017 0.167 0.009 0.166 0.015 
150   BDNB_6    (0)    3 :  0.015 0.123 0.041 0.034 0.009 0.117 0.032 0.027 0.036 0.174 0.018 0.079 0.037 0.252 0.008 
151   BDNB_7    (0)    3 :  0.017 0.015 0.015 0.009 0.018 0.015 0.011 0.015 0.015 0.007 0.676 0.018 0.022 0.125 0.021 
152   BDNB_8    (0)    3 :  0.046 0.291 0.064 0.126 0.010 0.015 0.088 0.039 0.022 0.010 0.006 0.089 0.084 0.073 0.037 
153   BDNB_9    (0)    3 :  0.010 0.006 0.012 0.009 0.009 0.836 0.007 0.016 0.006 0.006 0.009 0.020 0.026 0.013 0.017 
154  BDNB_10    (0)    3 :  0.047 0.064 0.106 0.026 0.015 0.380 0.009 0.040 0.018 0.109 0.015 0.083 0.014 0.060 0.013 
155  BDNB_11    (0)    3 :  0.010 0.011 0.009 0.007 0.014 0.014 0.004 0.011 0.011 0.006 0.030 0.029 0.027 0.801 0.015 
156  BDNB_12    (0)    3 :  0.006 0.008 0.009 0.010 0.010 0.011 0.004 0.010 0.011 0.005 0.013 0.021 0.011 0.857 0.015 
157  BDNB_13    (0)    3 :  0.019 0.107 0.210 0.053 0.038 0.064 0.007 0.018 0.044 0.069 0.022 0.108 0.025 0.181 0.034 
158  BDNB_14    (0)    3 :  0.097 0.252 0.020 0.068 0.008 0.234 0.010 0.012 0.012 0.113 0.012 0.013 0.096 0.023 0.032 
159  BDNB_15    (0)    3 :  0.006 0.025 0.023 0.023 0.010 0.005 0.004 0.828 0.005 0.006 0.007 0.021 0.015 0.013 0.007 
160  BDNB_16    (0)    3 :  0.268 0.043 0.019 0.041 0.023 0.032 0.009 0.095 0.015 0.152 0.026 0.108 0.040 0.044 0.084 
161  BDNB_17    (6)    3 :  0.040 0.037 0.030 0.012 0.014 0.089 0.023 0.032 0.234 0.012 0.085 0.066 0.008 0.276 0.040 
162  BDNB_18    (0)    3 :  0.030 0.068 0.011 0.007 0.017 0.017 0.033 0.012 0.023 0.009 0.007 0.020 0.024 0.712 0.012 
163  BDNB_19    (0)    3 :  0.012 0.010 0.007 0.006 0.013 0.012 0.005 0.008 0.014 0.008 0.023 0.012 0.015 0.845 0.010 
164  BDNB_20    (0)    3 :  0.038 0.023 0.016 0.058 0.068 0.443 0.059 0.029 0.018 0.035 0.011 0.104 0.010 0.053 0.035 
165  BDNB_21    (0)    3 :  0.007 0.101 0.006 0.656 0.012 0.008 0.008 0.010 0.016 0.006 0.009 0.018 0.010 0.071 0.060 
166  BDNB_22    (0)    3 :  0.031 0.072 0.024 0.013 0.151 0.021 0.007 0.013 0.046 0.020 0.006 0.355 0.021 0.199 0.020 
167  BDNB_23    (0)    3 :  0.010 0.013 0.133 0.546 0.014 0.010 0.005 0.027 0.011 0.007 0.049 0.016 0.024 0.097 0.038 
168  BDNB_24    (0)    3 :  0.116 0.028 0.039 0.083 0.160 0.044 0.005 0.018 0.014 0.045 0.020 0.033 0.048 0.337 0.011 
169  BDNB_25    (0)    3 :  0.013 0.043 0.063 0.158 0.013 0.095 0.009 0.055 0.278 0.021 0.125 0.034 0.034 0.043 0.015 
170  BDNB_26    (0)    3 :  0.012 0.013 0.056 0.076 0.028 0.058 0.008 0.303 0.018 0.012 0.013 0.230 0.054 0.111 0.009 
171  BDNB_27    (0)    3 :  0.049 0.007 0.079 0.117 0.011 0.018 0.004 0.014 0.011 0.035 0.007 0.346 0.250 0.041 0.010 
172  BDNB_28    (0)    3 :  0.017 0.026 0.020 0.017 0.094 0.115 0.013 0.025 0.009 0.100 0.052 0.061 0.160 0.283 0.008 
173  BDNB_29    (0)    3 :  0.023 0.036 0.034 0.048 0.010 0.045 0.191 0.311 0.014 0.072 0.011 0.048 0.061 0.066 0.030 
174  BDNB_30    (0)    3 :  0.443 0.012 0.030 0.020 0.070 0.076 0.099 0.023 0.008 0.016 0.020 0.045 0.009 0.113 0.017 
175  BDNB_31    (0)    3 :  0.232 0.267 0.066 0.037 0.063 0.041 0.008 0.023 0.040 0.014 0.011 0.097 0.015 0.036 0.049 
176  BDNB_32    (0)    3 :  0.018 0.025 0.013 0.283 0.025 0.386 0.005 0.010 0.041 0.010 0.018 0.011 0.017 0.121 0.016 
177  BDNB_33    (0)    3 :  0.473 0.022 0.017 0.028 0.013 0.141 0.018 0.024 0.019 0.023 0.021 0.034 0.025 0.051 0.090 
178  BDNB_34    (0)    3 :  0.083 0.119 0.032 0.068 0.015 0.077 0.005 0.014 0.018 0.019 0.012 0.028 0.038 0.465 0.009 
179  BDNB_35    (0)    3 :  0.009 0.308 0.013 0.028 0.024 0.423 0.004 0.024 0.007 0.013 0.006 0.048 0.016 0.051 0.026 
180  BDNB_36    (0)    3 :  0.120 0.095 0.060 0.091 0.137 0.035 0.027 0.044 0.007 0.220 0.022 0.018 0.018 0.059 0.047 
181  BDNB_37    (0)    3 :  0.005 0.113 0.350 0.013 0.006 0.218 0.121 0.058 0.014 0.005 0.005 0.021 0.031 0.033 0.006 
182  BDNB_38    (0)    3 :  0.007 0.005 0.006 0.025 0.007 0.008 0.018 0.006 0.006 0.011 0.006 0.010 0.005 0.875 0.007 
183  BDNB_39    (0)    3 :  0.011 0.015 0.045 0.173 0.015 0.010 0.051 0.126 0.006 0.035 0.014 0.081 0.195 0.207 0.015 
184  BDNB_40    (0)    3 :  0.015 0.044 0.021 0.087 0.011 0.346 0.045 0.016 0.040 0.010 0.132 0.080 0.041 0.095 0.017 
185  BDNB_41    (0)    3 :  0.015 0.008 0.058 0.012 0.028 0.053 0.033 0.010 0.166 0.020 0.061 0.387 0.047 0.079 0.024 
186  BDNB_42    (0)    3 :  0.009 0.035 0.005 0.069 0.025 0.007 0.005 0.011 0.014 0.039 0.006 0.048 0.007 0.711 0.010 
187  BDNB_43    (0)    3 :  0.019 0.015 0.018 0.029 0.051 0.017 0.010 0.017 0.052 0.017 0.050 0.031 0.013 0.647 0.013 
188  BDNB_44    (0)    3 :  0.027 0.012 0.038 0.021 0.059 0.437 0.008 0.035 0.033 0.021 0.033 0.137 0.040 0.043 0.056 
189  BDNB_45    (0)    3 :  0.066 0.015 0.009 0.030 0.046 0.360 0.117 0.019 0.009 0.015 0.011 0.023 0.040 0.058 0.181 
190  BDNB_46    (0)    3 :  0.022 0.020 0.012 0.014 0.059 0.698 0.006 0.010 0.009 0.030 0.015 0.025 0.009 0.045 0.027 
191  BDNB_47    (0)    3 :  0.023 0.034 0.014 0.009 0.013 0.745 0.009 0.015 0.014 0.006 0.015 0.045 0.009 0.016 0.034 
192  BDNB_48    (0)    3 :  0.033 0.018 0.022 0.332 0.023 0.071 0.013 0.009 0.043 0.009 0.009 0.039 0.042 0.291 0.046 
193  BDNB_49    (0)    3 :  0.032 0.012 0.019 0.017 0.027 0.014 0.034 0.093 0.031 0.019 0.022 0.149 0.089 0.426 0.017 
194  BDNB_50    (0)    3 :  0.007 0.012 0.007 0.033 0.010 0.007 0.008 0.008 0.025 0.015 0.007 0.022 0.012 0.809 0.017 
195  BDNB_51    (0)    3 :  0.008 0.439 0.011 0.008 0.010 0.257 0.010 0.026 0.022 0.016 0.015 0.028 0.043 0.055 0.052 
196  BDNB_52    (0)    3 :  0.008 0.168 0.404 0.083 0.016 0.084 0.005 0.106 0.011 0.011 0.019 0.040 0.011 0.016 0.017 
197  BDNB_53    (0)    3 :  0.038 0.060 0.008 0.008 0.014 0.017 0.022 0.018 0.024 0.008 0.006 0.013 0.020 0.725 0.017 
198  BDNB_54    (0)    3 :  0.007 0.005 0.012 0.022 0.009 0.012 0.006 0.007 0.007 0.004 0.009 0.020 0.006 0.868 0.006 
199  BDNB_55    (0)    3 :  0.157 0.020 0.054 0.341 0.013 0.029 0.004 0.019 0.020 0.026 0.062 0.114 0.043 0.083 0.015 
200  BDNB_56    (6)    3 :  0.022 0.147 0.045 0.009 0.008 0.054 0.012 0.022 0.024 0.014 0.512 0.039 0.037 0.035 0.020 
201  BDNB_57    (0)    3 :  0.420 0.035 0.018 0.084 0.012 0.101 0.013 0.010 0.008 0.084 0.010 0.104 0.019 0.051 0.031 
202  BDNB_58    (0)    3 :  0.020 0.346 0.021 0.038 0.018 0.214 0.004 0.011 0.016 0.006 0.009 0.035 0.017 0.114 0.132 
203  BDNB_59    (0)    3 :  0.045 0.024 0.103 0.074 0.116 0.081 0.029 0.033 0.032 0.026 0.018 0.123 0.022 0.066 0.207 
204  BDNB_60    (0)    3 :  0.034 0.025 0.006 0.007 0.037 0.008 0.007 0.014 0.028 0.007 0.005 0.034 0.016 0.766 0.006 
205  BDNB_61    (0)    3 :  0.030 0.009 0.014 0.051 0.157 0.375 0.004 0.007 0.037 0.013 0.039 0.071 0.056 0.084 0.053 
206  BDNB_62    (0)    3 :  0.008 0.020 0.440 0.058 0.009 0.020 0.009 0.129 0.012 0.012 0.011 0.219 0.022 0.023 0.008 
207  BDNB_63    (0)    3 :  0.010 0.011 0.017 0.010 0.015 0.163 0.004 0.006 0.055 0.029 0.018 0.521 0.059 0.041 0.042 
208  BDNB_64    (6)    3 :  0.013 0.015 0.019 0.014 0.104 0.136 0.009 0.014 0.377 0.024 0.017 0.167 0.022 0.050 0.019 
209  BDNB_65    (0)    3 :  0.010 0.009 0.018 0.026 0.053 0.762 0.004 0.005 0.017 0.007 0.008 0.011 0.013 0.052 0.006 
210  BDNB_66    (0)    3 :  0.009 0.009 0.006 0.004 0.008 0.008 0.007 0.006 0.009 0.008 0.012 0.008 0.009 0.889 0.008 
211  BDNB_67    (0)    3 :  0.025 0.008 0.102 0.009 0.038 0.056 0.018 0.035 0.050 0.009 0.336 0.042 0.091 0.026 0.156 
212  BDNB_68    (0)    3 :  0.020 0.027 0.071 0.074 0.091 0.304 0.007 0.041 0.021 0.043 0.066 0.036 0.096 0.081 0.021 
213  BDNB_69    (0)    3 :  0.019 0.090 0.024 0.036 0.080 0.311 0.005 0.024 0.017 0.011 0.105 0.035 0.055 0.120 0.069 
214  BDNB_70    (0)    3 :  0.011 0.009 0.012 0.009 0.139 0.020 0.011 0.006 0.460 0.024 0.011 0.028 0.013 0.237 0.009 
215  BDNB_71    (0)    3 :  0.087 0.009 0.095 0.043 0.063 0.023 0.006 0.018 0.011 0.014 0.009 0.103 0.447 0.064 0.009 
216  BDNB_72    (0)    3 :  0.009 0.012 0.015 0.014 0.049 0.183 0.005 0.025 0.050 0.010 0.008 0.039 0.009 0.552 0.020 
217  BDNB_73    (0)    3 :  0.024 0.027 0.028 0.074 0.028 0.021 0.003 0.033 0.078 0.011 0.218 0.130 0.087 0.217 0.021 
218  BDNB_74    (0)    3 :  0.010 0.011 0.007 0.005 0.008 0.011 0.005 0.007 0.007 0.010 0.017 0.009 0.007 0.879 0.007 
219  BDNB_75    (0)    3 :  0.012 0.037 0.022 0.405 0.027 0.009 0.013 0.011 0.052 0.007 0.015 0.015 0.014 0.329 0.032 
220    BSB_1    (0)    4 :  0.088 0.038 0.065 0.093 0.018 0.158 0.016 0.233 0.039 0.084 0.028 0.013 0.013 0.023 0.089 
221    BSB_2    (0)    4 :  0.094 0.116 0.017 0.008 0.019 0.430 0.006 0.009 0.017 0.229 0.007 0.016 0.010 0.010 0.012 
222    BSB_3    (0)    4 :  0.009 0.017 0.051 0.020 0.487 0.026 0.009 0.010 0.006 0.020 0.071 0.154 0.022 0.011 0.086 
223    BSB_4    (0)    4 :  0.213 0.016 0.018 0.014 0.010 0.051 0.007 0.006 0.024 0.324 0.012 0.055 0.021 0.215 0.014 
224    BSB_5    (0)    4 :  0.620 0.020 0.022 0.021 0.050 0.046 0.009 0.014 0.010 0.044 0.050 0.026 0.023 0.022 0.023 
225    BSB_6    (0)    4 :  0.762 0.016 0.028 0.010 0.017 0.008 0.009 0.012 0.016 0.040 0.020 0.010 0.035 0.005 0.011 
226    BSB_7   (33)    4 :  0.137 0.075 0.102 0.035 0.016 0.084 0.136 0.047 0.032 0.046 0.023 0.187 0.023 0.033 0.025 
227    BSB_8    (0)    4 :  0.019 0.365 0.020 0.016 0.021 0.014 0.072 0.030 0.020 0.051 0.023 0.104 0.007 0.203 0.034 
