

----------------------------------------------------
STRUCTURE by Pritchard, Stephens and Donnelly (2000)
     and Falush, Stephens and Pritchard (2003)
       Code by Pritchard, Falush and Hubisz
             Version 2.3.4 (Jul 2012)
----------------------------------------------------



Command line arguments:   structure -m /global/home/hpc3579/salmon/mainparamsnewfoundlandfiles/mainparamsnewfoundland7 -e /global/home/hpc3579/salmon/extraparams_newfoundlandfile -K 7 
Input File:    /global/home/hpc3579/salmon/NewfoundlandStruc.txt

Run parameters:
   5235 individuals
   15 loci
   7 populations assumed
   100000 Burn-in period
   1000000 Reps


--------------------------------------------
Proportion of membership of each pre-defined
 population in each of the 7 clusters

Given    Inferred Clusters                                   Number of
 Pop       1      2      3      4      5      6      7      Individuals

  1:     0.029  0.029  0.019  0.031  0.017  0.026  0.849       68
  2:     0.222  0.199  0.222  0.145  0.039  0.087  0.085       76
  3:     0.195  0.311  0.192  0.083  0.024  0.097  0.097       75
  4:     0.086  0.191  0.079  0.077  0.041  0.103  0.423       78
  5:     0.077  0.066  0.090  0.642  0.024  0.047  0.054       80
  6:     0.758  0.048  0.034  0.047  0.020  0.059  0.035       77
  7:     0.835  0.031  0.021  0.046  0.018  0.023  0.025       99
  8:     0.094  0.114  0.141  0.443  0.042  0.079  0.087       78
  9:     0.627  0.070  0.105  0.075  0.024  0.055  0.043       74
 10:     0.118  0.186  0.161  0.206  0.022  0.095  0.213      100
 11:     0.061  0.184  0.138  0.102  0.048  0.051  0.416      100
 12:     0.128  0.064  0.078  0.601  0.028  0.053  0.048       75
 13:     0.117  0.067  0.126  0.582  0.013  0.047  0.048       77
 14:     0.116  0.091  0.080  0.542  0.040  0.071  0.061       82
 15:     0.052  0.091  0.074  0.679  0.022  0.044  0.039       75
 16:     0.266  0.233  0.253  0.077  0.030  0.069  0.071       56
 17:     0.073  0.085  0.087  0.662  0.017  0.043  0.032       70
 18:     0.822  0.048  0.026  0.029  0.022  0.034  0.018       82
 19:     0.022  0.065  0.030  0.033  0.018  0.026  0.806       75
 20:     0.048  0.094  0.092  0.143  0.021  0.061  0.540       57
 21:     0.034  0.046  0.024  0.025  0.025  0.023  0.824      111
 22:     0.058  0.084  0.061  0.148  0.091  0.090  0.467       88
 23:     0.330  0.235  0.104  0.125  0.037  0.079  0.090       69
 24:     0.119  0.036  0.061  0.705  0.019  0.039  0.021       75
 25:     0.050  0.067  0.089  0.050  0.016  0.050  0.678      100
 26:     0.712  0.023  0.053  0.121  0.014  0.053  0.024       76
 27:     0.054  0.161  0.082  0.065  0.021  0.069  0.549       84
 28:     0.032  0.042  0.045  0.059  0.017  0.066  0.739       74
 29:     0.030  0.182  0.556  0.025  0.040  0.031  0.135       51
 30:     0.043  0.044  0.023  0.038  0.041  0.023  0.788       75
 31:     0.014  0.016  0.016  0.017  0.908  0.014  0.015       71
 32:     0.140  0.097  0.098  0.494  0.036  0.085  0.050       66
 33:     0.064  0.075  0.070  0.061  0.017  0.677  0.037       81
 34:     0.107  0.552  0.088  0.107  0.025  0.076  0.045       50
 35:     0.111  0.081  0.494  0.230  0.018  0.034  0.034       50
 36:     0.054  0.049  0.177  0.588  0.026  0.050  0.056      100
 37:     0.036  0.081  0.046  0.035  0.019  0.753  0.031       94
 38:     0.108  0.104  0.521  0.112  0.027  0.097  0.031      100
 39:     0.087  0.505  0.083  0.130  0.020  0.108  0.067       50
 40:     0.128  0.103  0.340  0.248  0.028  0.078  0.075       98
 41:     0.049  0.149  0.532  0.125  0.050  0.051  0.043       50
 42:     0.017  0.030  0.022  0.014  0.011  0.883  0.023       99
 43:     0.178  0.093  0.322  0.240  0.029  0.082  0.056       99
 44:     0.073  0.555  0.142  0.098  0.024  0.072  0.035      100
 45:     0.080  0.393  0.183  0.142  0.022  0.137  0.042       48
 46:     0.055  0.039  0.052  0.067  0.009  0.733  0.046       28
 47:     0.061  0.480  0.089  0.128  0.047  0.117  0.078       50
 48:     0.104  0.612  0.057  0.053  0.021  0.124  0.030      100
 49:     0.095  0.577  0.103  0.096  0.027  0.071  0.030       50
 50:     0.057  0.035  0.060  0.076  0.019  0.722  0.031       41
 51:     0.131  0.483  0.109  0.116  0.032  0.074  0.054       50
 52:     0.053  0.059  0.736  0.053  0.018  0.040  0.041      100
 53:     0.073  0.062  0.211  0.498  0.024  0.053  0.079       98
 54:     0.126  0.208  0.193  0.189  0.031  0.195  0.059      100
 55:     0.013  0.010  0.013  0.012  0.928  0.012  0.013       95
 56:     0.083  0.043  0.666  0.105  0.010  0.034  0.060       50
 57:     0.111  0.406  0.099  0.098  0.024  0.097  0.165       70
 58:     0.057  0.069  0.060  0.082  0.021  0.680  0.032      100
 59:     0.118  0.467  0.141  0.124  0.016  0.063  0.071       50
 60:     0.020  0.031  0.879  0.026  0.007  0.021  0.017       50
 61:     0.077  0.236  0.295  0.212  0.030  0.098  0.052      100
 62:     0.028  0.027  0.060  0.062  0.022  0.782  0.019       41
 63:     0.056  0.073  0.064  0.061  0.018  0.701  0.027      100
 64:     0.040  0.188  0.579  0.075  0.018  0.072  0.027       50
 65:     0.061  0.046  0.069  0.094  0.027  0.658  0.045      100
 66:     0.085  0.550  0.117  0.078  0.047  0.096  0.027       49
 67:     0.146  0.401  0.127  0.110  0.043  0.121  0.052      100
 68:     0.070  0.192  0.359  0.078  0.019  0.218  0.064       50
 69:     0.071  0.180  0.561  0.083  0.015  0.061  0.029      100
--------------------------------------------

Allele-freq. divergence among pops (Net nucleotide distance),
computed using point estimates of P.

      1       2       3       4       5       6       7      
 1      -    0.0144  0.0143  0.0089  0.0568  0.0229  0.0287  
 2   0.0144     -    0.0126  0.0122  0.0556  0.0159  0.0222  
 3   0.0143  0.0126     -    0.0097  0.0547  0.0219  0.0252  
 4   0.0089  0.0122  0.0097     -    0.0505  0.0188  0.0238  
 5   0.0568  0.0556  0.0547  0.0505     -    0.0657  0.0552  
 6   0.0229  0.0159  0.0219  0.0188  0.0657     -    0.0369  
 7   0.0287  0.0222  0.0252  0.0238  0.0552  0.0369     -    

Average distances (expected heterozygosity) between individuals in same cluster:
cluster  1  : 0.8601 
cluster  2  : 0.8672 
cluster  3  : 0.8726 
cluster  4  : 0.8797 
cluster  5  : 0.7963 
cluster  6  : 0.8719 
cluster  7  : 0.8516 

--------------------------------------------
Estimated Ln Prob of Data   = -392887.9
Mean value of ln likelihood = -388283.2
Variance of ln likelihood   = 9209.3
Mean value of alpha         = 0.0526

Mean value of Fst_1         = 0.0160
Mean value of Fst_2         = 0.0079
Mean value of Fst_3         = 0.0109
Mean value of Fst_4         = 0.0102
Mean value of Fst_5         = 0.1157
Mean value of Fst_6         = 0.0169
Mean value of Fst_7         = 0.0216


Inferred ancestry of individuals:
        Label (%Miss) Pop:  Inferred clusters
  1    BBA_1    (0)    1 :  0.011 0.009 0.014 0.009 0.004 0.015 0.938 
  2    BBA_2    (0)    1 :  0.007 0.024 0.010 0.025 0.004 0.016 0.914 
  3    BBA_3    (0)    1 :  0.015 0.010 0.008 0.008 0.007 0.007 0.944 
  4    BBA_4    (0)    1 :  0.031 0.091 0.021 0.020 0.019 0.020 0.798 
  5    BBA_5    (0)    1 :  0.010 0.007 0.006 0.010 0.005 0.006 0.955 
  6    BBA_6    (0)    1 :  0.021 0.022 0.013 0.016 0.004 0.011 0.914 
  7    BBA_7    (0)    1 :  0.010 0.013 0.007 0.010 0.017 0.008 0.935 
  8    BBA_8    (0)    1 :  0.044 0.013 0.015 0.023 0.016 0.007 0.882 
  9    BBA_9    (0)    1 :  0.010 0.006 0.006 0.006 0.005 0.008 0.960 
 10   BBA_10    (0)    1 :  0.073 0.011 0.009 0.011 0.006 0.015 0.877 
 11   BBA_11    (0)    1 :  0.011 0.013 0.031 0.010 0.006 0.024 0.905 
 12   BBA_12    (0)    1 :  0.009 0.012 0.008 0.007 0.006 0.007 0.951 
 13   BBA_13    (0)    1 :  0.069 0.425 0.012 0.058 0.006 0.020 0.410 
 14   BBA_14    (0)    1 :  0.024 0.013 0.017 0.015 0.020 0.014 0.896 
 15   BBA_15    (0)    1 :  0.066 0.084 0.015 0.060 0.004 0.030 0.741 
 16   BBA_16    (0)    1 :  0.013 0.008 0.007 0.006 0.032 0.017 0.917 
 17   BBA_17    (0)    1 :  0.014 0.018 0.011 0.008 0.248 0.029 0.671 
 18   BBA_18    (0)    1 :  0.008 0.010 0.007 0.007 0.005 0.008 0.957 
 19   BBA_19    (0)    1 :  0.013 0.008 0.008 0.010 0.009 0.007 0.945 
 20   BBA_20    (0)    1 :  0.009 0.011 0.007 0.010 0.005 0.007 0.953 
 21   BBA_21    (0)    1 :  0.049 0.018 0.014 0.028 0.020 0.015 0.857 
 22   BBA_22    (0)    1 :  0.024 0.026 0.011 0.016 0.048 0.035 0.841 
 23   BBA_23    (0)    1 :  0.007 0.008 0.007 0.011 0.009 0.008 0.950 
 24   BBA_24    (0)    1 :  0.021 0.010 0.015 0.019 0.013 0.043 0.880 
 25   BBA_25    (0)    1 :  0.005 0.008 0.005 0.006 0.007 0.006 0.961 
 26   BBA_26    (0)    1 :  0.110 0.206 0.130 0.149 0.022 0.045 0.338 
 27   BBA_27    (0)    1 :  0.030 0.013 0.012 0.010 0.007 0.012 0.916 
 28   BBA_28    (0)    1 :  0.009 0.012 0.008 0.016 0.006 0.009 0.940 
 29   BBA_29    (0)    1 :  0.035 0.014 0.017 0.025 0.041 0.014 0.856 
 30   BBA_30    (0)    1 :  0.010 0.010 0.008 0.019 0.007 0.015 0.930 
 31   BBA_31    (0)    1 :  0.022 0.017 0.015 0.015 0.005 0.014 0.911 
 32   BBA_32    (0)    1 :  0.012 0.017 0.020 0.027 0.009 0.014 0.901 
 33   BBA_33    (0)    1 :  0.096 0.025 0.059 0.031 0.026 0.026 0.738 
 34   BBA_34    (0)    1 :  0.051 0.020 0.022 0.072 0.040 0.119 0.677 
 35   BBA_35    (0)    1 :  0.015 0.025 0.015 0.047 0.007 0.014 0.877 
 36   BBA_36    (0)    1 :  0.035 0.009 0.012 0.017 0.008 0.010 0.908 
 37   BBA_37    (0)    1 :  0.092 0.034 0.012 0.015 0.010 0.038 0.798 
 38   BBA_38    (0)    1 :  0.116 0.027 0.061 0.294 0.052 0.061 0.391 
 39   BBA_39    (0)    1 :  0.011 0.018 0.010 0.012 0.005 0.016 0.927 
 40   BBA_40    (0)    1 :  0.015 0.009 0.010 0.015 0.044 0.014 0.894 
 41   BBA_41    (0)    1 :  0.056 0.026 0.014 0.028 0.008 0.016 0.851 
 42   BBA_42    (0)    1 :  0.054 0.019 0.056 0.058 0.006 0.045 0.762 
 43   BBA_43    (0)    1 :  0.008 0.010 0.007 0.011 0.003 0.011 0.949 
 44   BBA_44    (0)    1 :  0.012 0.008 0.009 0.009 0.007 0.009 0.946 
 45   BBA_45    (0)    1 :  0.007 0.006 0.006 0.009 0.006 0.006 0.960 
 46   BBA_46    (0)    1 :  0.007 0.007 0.006 0.009 0.004 0.006 0.961 
 47   BBA_47    (0)    1 :  0.014 0.024 0.010 0.010 0.019 0.023 0.900 
 48   BBA_48    (0)    1 :  0.020 0.026 0.012 0.063 0.008 0.032 0.839 
 49   BBA_49    (0)    1 :  0.132 0.077 0.061 0.059 0.014 0.019 0.637 
 50   BBA_50    (0)    1 :  0.012 0.032 0.010 0.050 0.022 0.010 0.863 
 51   BBA_51    (0)    1 :  0.010 0.020 0.012 0.024 0.009 0.011 0.913 
 52   BBA_52    (0)    1 :  0.037 0.018 0.011 0.018 0.006 0.013 0.896 
 53   BBA_53    (0)    1 :  0.018 0.024 0.016 0.017 0.008 0.011 0.906 
 54   BBA_54    (0)    1 :  0.017 0.023 0.018 0.014 0.011 0.022 0.894 
 55   BBA_55    (0)    1 :  0.085 0.042 0.157 0.255 0.032 0.147 0.282 
 56   BBA_56    (0)    1 :  0.025 0.022 0.011 0.013 0.005 0.009 0.915 
 57   BBA_57    (0)    1 :  0.014 0.010 0.017 0.011 0.008 0.010 0.931 
 58   BBA_58    (0)    1 :  0.017 0.025 0.017 0.016 0.009 0.024 0.892 
 59   BBA_59    (0)    1 :  0.025 0.011 0.013 0.011 0.005 0.012 0.924 
 60   BBA_60    (0)    1 :  0.024 0.015 0.010 0.026 0.053 0.025 0.847 
 61   BBA_61    (0)    1 :  0.009 0.028 0.005 0.006 0.004 0.008 0.940 
 62   BBA_62    (0)    1 :  0.030 0.012 0.008 0.011 0.011 0.008 0.920 
 63   BBA_63    (0)    1 :  0.018 0.012 0.009 0.013 0.003 0.021 0.924 
 64   BBA_64    (0)    1 :  0.007 0.007 0.008 0.014 0.009 0.008 0.947 
 65   BBA_65    (0)    1 :  0.034 0.017 0.033 0.024 0.020 0.037 0.835 
 66   BBA_66    (0)    1 :  0.014 0.048 0.039 0.146 0.011 0.362 0.378 
 67   BBA_67    (0)    1 :  0.010 0.011 0.014 0.012 0.007 0.019 0.926 
 68   BBA_68    (0)    1 :  0.010 0.071 0.017 0.018 0.041 0.026 0.818 
 69    BDN_1    (0)    2 :  0.164 0.047 0.643 0.077 0.019 0.040 0.010 
 70    BDN_2    (0)    2 :  0.196 0.210 0.335 0.190 0.010 0.020 0.038 
 71    BDN_3    (0)    2 :  0.121 0.256 0.055 0.072 0.365 0.087 0.043 
 72    BDN_4   (13)    2 :  0.140 0.171 0.128 0.032 0.010 0.492 0.027 
 73    BDN_5   (13)    2 :  0.269 0.157 0.354 0.044 0.029 0.106 0.040 
 74    BDN_6    (6)    2 :  0.035 0.349 0.030 0.481 0.059 0.031 0.015 
 75    BDN_7    (0)    2 :  0.077 0.225 0.065 0.565 0.025 0.021 0.022 
 76    BDN_8    (6)    2 :  0.250 0.018 0.118 0.547 0.020 0.036 0.011 
 77    BDN_9    (0)    2 :  0.086 0.188 0.221 0.030 0.007 0.073 0.395 
 78   BDN_10    (0)    2 :  0.035 0.372 0.212 0.030 0.005 0.038 0.308 
 79   BDN_11    (0)    2 :  0.387 0.342 0.037 0.116 0.017 0.093 0.009 
 80   BDN_12    (0)    2 :  0.120 0.538 0.237 0.071 0.005 0.016 0.012 
 81   BDN_13   (13)    2 :  0.045 0.107 0.680 0.015 0.032 0.103 0.019 
 82   BDN_14    (0)    2 :  0.105 0.138 0.269 0.204 0.011 0.211 0.063 
 83   BDN_15    (6)    2 :  0.570 0.199 0.072 0.078 0.048 0.013 0.020 
 84   BDN_16    (6)    2 :  0.071 0.144 0.030 0.145 0.013 0.135 0.462 
 85   BDN_17   (13)    2 :  0.037 0.467 0.053 0.012 0.397 0.019 0.014 
 86   BDN_18    (0)    2 :  0.307 0.113 0.391 0.070 0.004 0.088 0.026 
 87   BDN_19    (0)    2 :  0.096 0.220 0.539 0.022 0.010 0.014 0.099 
 88   BDN_20   (13)    2 :  0.290 0.157 0.088 0.078 0.185 0.122 0.078 
 89   BDN_21   (13)    2 :  0.074 0.622 0.140 0.029 0.032 0.041 0.063 
 90   BDN_22    (6)    2 :  0.067 0.061 0.032 0.051 0.028 0.009 0.752 
 91   BDN_23    (0)    2 :  0.679 0.061 0.042 0.054 0.007 0.076 0.080 
 92   BDN_24    (0)    2 :  0.171 0.042 0.691 0.047 0.015 0.012 0.022 
 93   BDN_25   (13)    2 :  0.608 0.042 0.187 0.096 0.012 0.017 0.039 
 94   BDN_26    (0)    2 :  0.686 0.027 0.050 0.024 0.177 0.007 0.029 
 95   BDN_27    (0)    2 :  0.159 0.089 0.690 0.022 0.005 0.022 0.014 
 96   BDN_28   (13)    2 :  0.045 0.437 0.089 0.274 0.009 0.126 0.020 
 97   BDN_29    (0)    2 :  0.731 0.103 0.020 0.043 0.055 0.019 0.029 
 98   BDN_30    (0)    2 :  0.027 0.404 0.338 0.031 0.106 0.029 0.066 
 99   BDN_31    (0)    2 :  0.242 0.288 0.074 0.042 0.007 0.109 0.238 
100   BDN_32    (0)    2 :  0.044 0.142 0.031 0.645 0.012 0.017 0.110 
101   BDN_33    (0)    2 :  0.062 0.545 0.300 0.045 0.022 0.008 0.018 
102   BDN_34    (0)    2 :  0.045 0.075 0.091 0.032 0.005 0.740 0.012 
103   BDN_35    (0)    2 :  0.026 0.019 0.905 0.015 0.005 0.012 0.019 
104   BDN_36    (0)    2 :  0.320 0.381 0.106 0.126 0.018 0.018 0.032 
105   BDN_37    (0)    2 :  0.091 0.411 0.355 0.049 0.017 0.041 0.036 
106   BDN_38    (0)    2 :  0.040 0.021 0.595 0.050 0.253 0.017 0.023 
107   BDN_39    (0)    2 :  0.047 0.705 0.115 0.066 0.004 0.026 0.037 
108   BDN_40    (0)    2 :  0.352 0.256 0.229 0.125 0.013 0.016 0.009 
109   BDN_41    (0)    2 :  0.166 0.448 0.172 0.046 0.025 0.124 0.020 
110   BDN_42   (13)    2 :  0.451 0.302 0.053 0.036 0.006 0.133 0.020 
111   BDN_43    (6)    2 :  0.120 0.063 0.113 0.129 0.009 0.550 0.016 
112   BDN_44    (0)    2 :  0.305 0.085 0.087 0.381 0.014 0.024 0.104 
113   BDN_45    (0)    2 :  0.675 0.029 0.140 0.092 0.018 0.030 0.016 
114   BDN_46   (13)    2 :  0.013 0.061 0.603 0.126 0.010 0.082 0.105 
115   BDN_47    (0)    2 :  0.335 0.178 0.047 0.118 0.036 0.240 0.046 
116   BDN_48    (0)    2 :  0.132 0.120 0.051 0.456 0.005 0.198 0.038 
117   BDN_49    (0)    2 :  0.662 0.016 0.169 0.061 0.004 0.066 0.024 
118   BDN_50    (0)    2 :  0.685 0.046 0.180 0.022 0.005 0.040 0.022 
119   BDN_51    (0)    2 :  0.261 0.040 0.451 0.177 0.008 0.025 0.039 
120   BDN_52    (0)    2 :  0.192 0.300 0.425 0.027 0.013 0.030 0.013 
121   BDN_53    (0)    2 :  0.252 0.238 0.040 0.198 0.008 0.186 0.078 
122   BDN_54   (13)    2 :  0.025 0.050 0.015 0.013 0.016 0.017 0.864 
123   BDN_55    (6)    2 :  0.049 0.508 0.069 0.163 0.005 0.013 0.193 
124   BDN_56   (13)    2 :  0.529 0.036 0.272 0.067 0.004 0.079 0.014 
125   BDN_57    (6)    2 :  0.266 0.088 0.226 0.262 0.074 0.039 0.046 
126   BDN_58    (6)    2 :  0.071 0.391 0.162 0.273 0.028 0.017 0.057 
127   BDN_59    (6)    2 :  0.839 0.016 0.012 0.028 0.055 0.014 0.035 
128   BDN_60    (6)    2 :  0.105 0.654 0.116 0.017 0.053 0.038 0.018 
129   BDN_61    (0)    2 :  0.204 0.026 0.394 0.087 0.012 0.243 0.035 
130   BDN_62    (0)    2 :  0.759 0.040 0.025 0.088 0.005 0.053 0.030 
131   BDN_63    (6)    2 :  0.072 0.088 0.410 0.130 0.200 0.052 0.048 
132   BDN_64    (0)    2 :  0.192 0.349 0.136 0.027 0.009 0.216 0.072 
133   BDN_65    (0)    2 :  0.148 0.192 0.119 0.171 0.068 0.031 0.270 
134   BDN_66   (13)    2 :  0.147 0.110 0.519 0.051 0.006 0.122 0.045 
135   BDN_67    (0)    2 :  0.014 0.101 0.147 0.366 0.010 0.058 0.303 
136   BDN_68    (6)    2 :  0.035 0.041 0.121 0.686 0.070 0.027 0.021 
137   BDN_69    (0)    2 :  0.387 0.205 0.090 0.253 0.009 0.040 0.017 
138   BDN_70    (6)    2 :  0.057 0.469 0.091 0.234 0.018 0.050 0.082 
139   BDN_71    (6)    2 :  0.281 0.106 0.495 0.030 0.012 0.032 0.044 
140   BDN_72    (0)    2 :  0.055 0.143 0.018 0.642 0.007 0.082 0.054 
141   BDN_73    (0)    2 :  0.052 0.050 0.043 0.443 0.009 0.376 0.027 
142   BDN_74    (0)    2 :  0.358 0.225 0.066 0.292 0.014 0.013 0.032 
143   BDN_75    (0)    2 :  0.054 0.086 0.748 0.018 0.039 0.039 0.016 
144   BDN_76    (0)    2 :  0.021 0.114 0.396 0.049 0.015 0.132 0.274 
145   BDNB_1    (0)    3 :  0.050 0.039 0.835 0.022 0.020 0.023 0.010 
146   BDNB_2    (0)    3 :  0.031 0.092 0.444 0.338 0.010 0.043 0.042 
147   BDNB_3    (0)    3 :  0.072 0.040 0.118 0.681 0.022 0.014 0.054 
148   BDNB_4    (0)    3 :  0.042 0.074 0.815 0.028 0.009 0.022 0.010 
149   BDNB_5    (0)    3 :  0.035 0.759 0.020 0.016 0.007 0.109 0.054 
150   BDNB_6    (0)    3 :  0.222 0.412 0.110 0.033 0.049 0.018 0.157 
151   BDNB_7    (0)    3 :  0.031 0.050 0.699 0.061 0.032 0.093 0.034 
152   BDNB_8    (0)    3 :  0.476 0.194 0.142 0.070 0.069 0.015 0.034 
153   BDNB_9    (0)    3 :  0.024 0.866 0.013 0.022 0.023 0.011 0.041 
154  BDNB_10    (0)    3 :  0.097 0.591 0.043 0.079 0.011 0.031 0.148 
155  BDNB_11    (0)    3 :  0.024 0.539 0.244 0.068 0.006 0.092 0.026 
156  BDNB_12    (0)    3 :  0.061 0.477 0.217 0.132 0.006 0.091 0.016 
157  BDNB_13    (0)    3 :  0.130 0.468 0.179 0.023 0.008 0.152 0.041 
158  BDNB_14    (0)    3 :  0.245 0.031 0.056 0.068 0.009 0.009 0.582 
159  BDNB_15    (0)    3 :  0.090 0.019 0.017 0.825 0.006 0.033 0.011 
160  BDNB_16    (0)    3 :  0.048 0.215 0.033 0.109 0.010 0.035 0.550 
161  BDNB_17    (6)    3 :  0.056 0.190 0.412 0.186 0.040 0.047 0.068 
162  BDNB_18    (0)    3 :  0.059 0.336 0.339 0.038 0.054 0.113 0.061 
163  BDNB_19    (0)    3 :  0.027 0.327 0.398 0.026 0.009 0.168 0.046 
164  BDNB_20    (0)    3 :  0.073 0.442 0.026 0.041 0.054 0.104 0.261 
165  BDNB_21    (0)    3 :  0.918 0.015 0.013 0.025 0.009 0.013 0.007 
166  BDNB_22    (0)    3 :  0.040 0.401 0.041 0.034 0.008 0.444 0.032 
167  BDNB_23    (0)    3 :  0.886 0.014 0.021 0.050 0.006 0.015 0.009 
168  BDNB_24    (0)    3 :  0.217 0.076 0.045 0.019 0.007 0.526 0.110 
169  BDNB_25    (0)    3 :  0.577 0.074 0.199 0.064 0.009 0.018 0.058 
170  BDNB_26    (0)    3 :  0.088 0.695 0.062 0.089 0.008 0.042 0.017 
171  BDNB_27    (0)    3 :  0.125 0.710 0.070 0.029 0.005 0.014 0.047 
172  BDNB_28    (0)    3 :  0.066 0.194 0.251 0.048 0.018 0.266 0.157 
173  BDNB_29    (0)    3 :  0.118 0.340 0.048 0.259 0.173 0.016 0.045 
174  BDNB_30    (0)    3 :  0.048 0.116 0.019 0.031 0.085 0.125 0.576 
175  BDNB_31    (0)    3 :  0.129 0.168 0.132 0.167 0.009 0.140 0.256 
176  BDNB_32    (0)    3 :  0.578 0.117 0.129 0.023 0.008 0.062 0.083 
177  BDNB_33    (0)    3 :  0.081 0.220 0.067 0.074 0.025 0.021 0.512 
178  BDNB_34    (0)    3 :  0.349 0.322 0.114 0.044 0.006 0.045 0.120 
179  BDNB_35    (0)    3 :  0.187 0.685 0.016 0.029 0.006 0.047 0.030 
180  BDNB_36    (0)    3 :  0.230 0.035 0.021 0.066 0.029 0.140 0.480 
181  BDNB_37    (0)    3 :  0.054 0.134 0.484 0.137 0.170 0.012 0.009 
182  BDNB_38    (0)    3 :  0.446 0.297 0.070 0.022 0.045 0.057 0.062 
183  BDNB_39    (0)    3 :  0.805 0.033 0.042 0.041 0.041 0.020 0.018 
184  BDNB_40    (0)    3 :  0.101 0.694 0.114 0.023 0.031 0.016 0.021 
185  BDNB_41    (0)    3 :  0.020 0.564 0.326 0.013 0.025 0.033 0.019 
186  BDNB_42    (0)    3 :  0.366 0.192 0.019 0.040 0.008 0.337 0.037 
187  BDNB_43    (0)    3 :  0.318 0.129 0.297 0.028 0.016 0.172 0.041 
188  BDNB_44    (0)    3 :  0.041 0.664 0.076 0.067 0.012 0.097 0.042 
189  BDNB_45    (0)    3 :  0.104 0.245 0.042 0.063 0.209 0.161 0.177 
190  BDNB_46    (0)    3 :  0.047 0.494 0.027 0.042 0.011 0.157 0.222 
191  BDNB_47    (0)    3 :  0.012 0.880 0.014 0.033 0.008 0.019 0.033 
192  BDNB_48    (0)    3 :  0.688 0.100 0.110 0.016 0.017 0.035 0.033 
193  BDNB_49    (0)    3 :  0.162 0.249 0.265 0.135 0.055 0.075 0.059 
194  BDNB_50    (0)    3 :  0.601 0.186 0.108 0.033 0.015 0.032 0.024 
195  BDNB_51    (0)    3 :  0.047 0.331 0.147 0.401 0.019 0.026 0.030 
196  BDNB_52    (0)    3 :  0.342 0.265 0.168 0.179 0.007 0.022 0.018 
197  BDNB_53    (0)    3 :  0.117 0.225 0.342 0.062 0.040 0.110 0.105 
198  BDNB_54    (0)    3 :  0.323 0.398 0.206 0.015 0.013 0.031 0.013 
199  BDNB_55    (0)    3 :  0.568 0.163 0.097 0.029 0.006 0.017 0.120 
200  BDNB_56    (6)    3 :  0.015 0.215 0.516 0.186 0.019 0.019 0.029 
201  BDNB_57    (0)    3 :  0.106 0.202 0.013 0.015 0.013 0.013 0.637 
202  BDNB_58    (0)    3 :  0.293 0.573 0.058 0.026 0.004 0.029 0.017 
203  BDNB_59    (0)    3 :  0.270 0.233 0.174 0.037 0.028 0.157 0.102 
204  BDNB_60    (0)    3 :  0.086 0.259 0.094 0.030 0.014 0.451 0.066 
205  BDNB_61    (0)    3 :  0.223 0.335 0.216 0.010 0.005 0.163 0.048 
206  BDNB_62    (0)    3 :  0.160 0.575 0.043 0.179 0.012 0.017 0.014 
207  BDNB_63    (0)    3 :  0.011 0.888 0.056 0.008 0.004 0.014 0.019 
208  BDNB_64    (6)    3 :  0.027 0.680 0.144 0.018 0.009 0.099 0.023 
209  BDNB_65    (0)    3 :  0.086 0.589 0.064 0.015 0.005 0.204 0.037 
210  BDNB_66    (0)    3 :  0.021 0.414 0.371 0.035 0.013 0.101 0.044 
211  BDNB_67    (0)    3 :  0.013 0.090 0.704 0.051 0.019 0.100 0.024 
212  BDNB_68    (0)    3 :  0.204 0.085 0.358 0.030 0.008 0.226 0.090 
213  BDNB_69    (0)    3 :  0.207 0.188 0.315 0.070 0.006 0.190 0.025 
214  BDNB_70    (0)    3 :  0.024 0.114 0.445 0.011 0.024 0.359 0.024 
215  BDNB_71    (0)    3 :  0.149 0.362 0.247 0.019 0.009 0.109 0.105 
216  BDNB_72    (0)    3 :  0.068 0.401 0.154 0.067 0.007 0.275 0.028 
217  BDNB_73    (0)    3 :  0.077 0.143 0.665 0.044 0.004 0.041 0.025 
218  BDNB_74    (0)    3 :  0.024 0.410 0.379 0.025 0.009 0.100 0.053 
219  BDNB_75    (0)    3 :  0.848 0.020 0.051 0.026 0.014 0.029 0.011 
220    BSB_1    (0)    4 :  0.111 0.024 0.047 0.549 0.017 0.023 0.229 
221    BSB_2    (0)    4 :  0.013 0.194 0.065 0.034 0.011 0.084 0.600 
222    BSB_3    (0)    4 :  0.025 0.054 0.023 0.018 0.009 0.855 0.016 
223    BSB_4    (0)    4 :  0.074 0.104 0.031 0.010 0.008 0.013 0.760 
224    BSB_5    (0)    4 :  0.025 0.025 0.017 0.017 0.009 0.048 0.858 
225    BSB_6    (0)    4 :  0.012 0.010 0.028 0.011 0.008 0.013 0.919 
226    BSB_7   (33)    4 :  0.089 0.344 0.064 0.082 0.209 0.033 0.181 
227    BSB_8    (0)    4 :  0.127 0.106 0.021 0.509 0.094 0.051 0.092 
228    BSB_9    (0)    4 :  0.033 0.071 0.020 0.025 0.008 0.759 0.084 
229   BSB_10    (0)    4 :  0.115 0.366 0.075 0.040 0.020 0.212 0.171 
230   BSB_11    (0)    4 :  0.083 0.043 0.052 0.059 0.196 0.100 0.466 
231   BSB_12    (0)    4 :  0.377 0.097 0.024 0.094 0.096 0.119 0.191 
232   BSB_13    (0)    4 :  0.024 0.510 0.185 0.059 0.034 0.025 0.163 
233   BSB_14    (0)    4 :  0.018 0.443 0.051 0.042 0.013 0.082 0.351 
234   BSB_15    (0)    4 :  0.440 0.039 0.028 0.109 0.086 0.007 0.291 
235   BSB_16    (6)    4 :  0.084 0.126 0.045 0.028 0.006 0.068 0.643 
236   BSB_17    (0)    4 :  0.018 0.093 0.093 0.019 0.009 0.018 0.751 
237   BSB_18    (0)    4 :  0.030 0.233 0.060 0.046 0.032 0.114 0.485 
238   BSB_19    (0)    4 :  0.267 0.022 0.019 0.011 0.022 0.011 0.647 
239   BSB_20    (0)    4 :  0.029 0.065 0.243 0.036 0.019 0.008 0.599 
240   BSB_21    (0)    4 :  0.015 0.271 0.161 0.048 0.008 0.032 0.465 
241   BSB_22    (0)    4 :  0.012 0.042 0.017 0.029 0.007 0.822 0.071 
242   BSB_23    (0)    4 :  0.037 0.040 0.045 0.010 0.015 0.069 0.783 
243   BSB_24    (0)    4 :  0.010 0.017 0.008 0.010 0.017 0.010 0.928 
244   BSB_25    (0)    4 :  0.019 0.019 0.013 0.009 0.016 0.041 0.883 
245   BSB_26    (0)    4 :  0.016 0.037 0.024 0.016 0.007 0.025 0.873 
246   BSB_27    (0)    4 :  0.183 0.038 0.111 0.021 0.006 0.014 0.625 
247   BSB_28    (0)    4 :  0.013 0.327 0.021 0.014 0.043 0.554 0.029 
248   BSB_29    (0)    4 :  0.007 0.017 0.016 0.010 0.088 0.013 0.849 
249   BSB_30    (0)    4 :  0.020 0.089 0.086 0.031 0.008 0.227 0.539 
250   BSB_31    (0)    4 :  0.178 0.026 0.672 0.040 0.022 0.043 0.021 
251   BSB_32    (0)    4 :  0.008 0.019 0.010 0.014 0.005 0.011 0.931 
252   BSB_33    (0)    4 :  0.073 0.329 0.042 0.161 0.020 0.055 0.319 
253   BSB_34    (0)    4 :  0.028 0.051 0.026 0.029 0.016 0.017 0.834 
254   BSB_35    (0)    4 :  0.016 0.013 0.009 0.008 0.005 0.011 0.939 
255   BSB_36    (0)    4 :  0.134 0.041 0.053 0.044 0.031 0.011 0.685 
256   BSB_37    (0)    4 :  0.008 0.018 0.048 0.018 0.008 0.013 0.887 
257   BSB_38   (60)    4 :  0.061 0.881 0.008 0.028 0.007 0.010 0.005 
258   BSB_39    (0)    4 :  0.390 0.268 0.079 0.077 0.116 0.034 0.036 
259   BSB_40    (0)    4 :  0.130 0.021 0.045 0.148 0.006 0.021 0.629 
260   BSB_41    (0)    4 :  0.103 0.184 0.095 0.044 0.105 0.149 0.319 
261   BSB_42    (0)    4 :  0.047 0.025 0.070 0.189 0.110 0.025 0.533 
262   BSB_43    (0)    4 :  0.066 0.042 0.152 0.058 0.010 0.032 0.641 
263   BSB_44    (0)    4 :  0.020 0.020 0.069 0.024 0.240 0.309 0.318 
264   BSB_45    (0)    4 :  0.195 0.348 0.083 0.096 0.007 0.035 0.236 
265   BSB_46    (0)    4 :  0.024 0.651 0.041 0.036 0.033 0.030 0.185 
266   BSB_47    (0)    4 :  0.038 0.060 0.091 0.026 0.043 0.012 0.730 
267   BSB_48    (0)    4 :  0.375 0.055 0.061 0.349 0.012 0.016 0.131 
268   BSB_49    (0)    4 :  0.144 0.039 0.081 0.427 0.021 0.020 0.268 
269   BSB_50   (60)    4 :  0.006 0.930 0.008 0.040 0.005 0.006 0.005 
270   BSB_51    (0)    4 :  0.192 0.060 0.036 0.591 0.009 0.030 0.082 
271   BSB_52    (0)    4 :  0.019 0.474 0.043 0.028 0.010 0.137 0.288 
272   BSB_53    (0)    4 :  0.021 0.181 0.036 0.013 0.010 0.019 0.719 
273   BSB_54    (0)    4 :  0.033 0.654 0.017 0.162 0.012 0.016 0.106 
274   BSB_55    (0)    4 :  0.045 0.071 0.042 0.128 0.015 0.452 0.246 
275   BSB_56    (0)    4 :  0.042 0.406 0.197 0.025 0.012 0.199 0.120 
276   BSB_57    (0)    4 :  0.012 0.069 0.031 0.066 0.472 0.109 0.241 
277   BSB_58    (0)    4 :  0.443 0.205 0.123 0.067 0.008 0.103 0.052 
278   BSB_59    (0)    4 :  0.021 0.028 0.021 0.017 0.100 0.016 0.796 
279   BSB_60   (60)    4 :  0.006 0.966 0.007 0.005 0.005 0.005 0.005 
280   BSB_61    (0)    4 :  0.024 0.035 0.033 0.038 0.054 0.012 0.803 
281   BSB_62    (0)    4 :  0.010 0.019 0.071 0.033 0.007 0.036 0.823 
282   BSB_63    (0)    4 :  0.011 0.071 0.027 0.012 0.008 0.304 0.567 
283   BSB_64    (0)    4 :  0.039 0.049 0.042 0.019 0.158 0.062 0.632 
284   BSB_65    (0)    4 :  0.042 0.156 0.025 0.060 0.085 0.112 0.520 
285   BSB_66    (0)    4 :  0.159 0.047 0.131 0.055 0.039 0.007 0.562 
286   BSB_67    (0)    4 :  0.059 0.616 0.042 0.022 0.030 0.022 0.209 
287   BSB_68    (0)    4 :  0.832 0.035 0.010 0.014 0.013 0.077 0.019 
288   BSB_69    (0)    4 :  0.078 0.058 0.574 0.075 0.007 0.193 0.014 
289   BSB_70    (0)    4 :  0.024 0.254 0.096 0.026 0.011 0.564 0.024 
290   BSB_71    (0)    4 :  0.009 0.048 0.037 0.010 0.005 0.017 0.874 
291   BSB_72    (0)    4 :  0.034 0.087 0.689 0.059 0.074 0.022 0.034 
292   BSB_73    (0)    4 :  0.024 0.310 0.023 0.320 0.007 0.045 0.271 
293   BSB_74    (0)    4 :  0.020 0.241 0.073 0.179 0.022 0.061 0.403 
294   BSB_75    (0)    4 :  0.127 0.106 0.148 0.035 0.009 0.025 0.550 
295   BSB_76    (0)    4 :  0.021 0.250 0.034 0.015 0.031 0.044 0.604 
296   BSB_77   (53)    4 :  0.004 0.975 0.004 0.005 0.004 0.004 0.004 
297   BSB_78    (0)    4 :  0.013 0.550 0.083 0.060 0.020 0.059 0.215 
298    CCR_1    (0)    5 :  0.069 0.041 0.038 0.800 0.018 0.010 0.024 
299    CCR_2    (0)    5 :  0.008 0.007 0.011 0.938 0.006 0.019 0.010 
300    CCR_3    (0)    5 :  0.043 0.032 0.412 0.410 0.010 0.067 0.026 
301    CCR_4    (0)    5 :  0.247 0.051 0.196 0.364 0.049 0.078 0.014 
302    CCR_5    (0)    5 :  0.014 0.009 0.013 0.922 0.012 0.020 0.011 
303    CCR_6    (0)    5 :  0.031 0.012 0.014 0.913 0.006 0.008 0.016 
304    CCR_7    (0)    5 :  0.024 0.012 0.036 0.868 0.004 0.038 0.018 
305    CCR_8    (0)    5 :  0.068 0.141 0.585 0.041 0.014 0.103 0.049 
306    CCR_9    (0)    5 :  0.019 0.012 0.014 0.925 0.005 0.010 0.015 
307   CCR_10    (0)    5 :  0.103 0.132 0.624 0.061 0.007 0.022 0.050 
308   CCR_11    (0)    5 :  0.199 0.036 0.105 0.607 0.017 0.019 0.016 
309   CCR_12    (0)    5 :  0.008 0.009 0.011 0.945 0.008 0.010 0.009 
310   CCR_13    (0)    5 :  0.018 0.027 0.051 0.874 0.005 0.017 0.009 
311   CCR_14    (0)    5 :  0.030 0.016 0.441 0.414 0.032 0.045 0.023 
312   CCR_15    (0)    5 :  0.469 0.055 0.129 0.311 0.004 0.022 0.009 
313   CCR_16    (0)    5 :  0.022 0.116 0.057 0.497 0.013 0.201 0.095 
314   CCR_17    (0)    5 :  0.018 0.035 0.562 0.350 0.007 0.018 0.009 
315   CCR_18    (0)    5 :  0.022 0.221 0.136 0.326 0.005 0.282 0.009 
316   CCR_19    (0)    5 :  0.061 0.016 0.069 0.804 0.006 0.016 0.028 
317   CCR_20    (0)    5 :  0.022 0.026 0.056 0.737 0.021 0.012 0.125 
318   CCR_21    (0)    5 :  0.032 0.055 0.011 0.825 0.023 0.016 0.038 
319   CCR_22    (0)    5 :  0.129 0.050 0.018 0.715 0.005 0.038 0.045 
320   CCR_23    (0)    5 :  0.014 0.014 0.014 0.832 0.092 0.027 0.008 
321   CCR_24    (0)    5 :  0.014 0.016 0.013 0.936 0.005 0.008 0.010 
322   CCR_25    (0)    5 :  0.078 0.261 0.356 0.154 0.008 0.026 0.117 
323   CCR_26    (0)    5 :  0.060 0.134 0.057 0.402 0.010 0.014 0.323 
324   CCR_27    (0)    5 :  0.019 0.010 0.059 0.879 0.004 0.017 0.012 
325   CCR_28    (0)    5 :  0.017 0.031 0.012 0.799 0.073 0.018 0.051 
326   CCR_29    (0)    5 :  0.044 0.016 0.029 0.880 0.008 0.008 0.016 
327   CCR_30    (0)    5 :  0.498 0.030 0.170 0.250 0.019 0.023 0.010 
328   CCR_31    (0)    5 :  0.037 0.502 0.053 0.166 0.007 0.036 0.200 
329   CCR_32    (0)    5 :  0.023 0.032 0.017 0.508 0.336 0.009 0.075 
330   CCR_33    (0)    5 :  0.038 0.052 0.081 0.772 0.013 0.029 0.015 
331   CCR_34    (0)    5 :  0.011 0.015 0.020 0.917 0.010 0.014 0.014 
332   CCR_35    (0)    5 :  0.089 0.199 0.139 0.463 0.010 0.052 0.049 
333   CCR_36    (0)    5 :  0.042 0.387 0.121 0.330 0.011 0.091 0.018 
334   CCR_37    (0)    5 :  0.040 0.013 0.021 0.309 0.007 0.014 0.595 
335   CCR_38    (0)    5 :  0.019 0.011 0.013 0.915 0.009 0.018 0.015 
336   CCR_39    (0)    5 :  0.054 0.010 0.036 0.864 0.007 0.019 0.010 
337   CCR_40    (0)    5 :  0.022 0.066 0.060 0.345 0.007 0.084 0.416 
338   CCR_41    (0)    5 :  0.088 0.057 0.035 0.764 0.014 0.025 0.018 
339   CCR_42    (0)    5 :  0.015 0.014 0.015 0.907 0.010 0.015 0.024 
340   CCR_43    (0)    5 :  0.047 0.300 0.022 0.551 0.051 0.021 0.009 
341   CCR_44    (0)    5 :  0.120 0.044 0.042 0.354 0.166 0.087 0.188 
342   CCR_45    (0)    5 :  0.113 0.035 0.071 0.686 0.057 0.013 0.025 
343   CCR_46    (0)    5 :  0.019 0.072 0.014 0.840 0.019 0.007 0.028 
344   CCR_47    (0)    5 :  0.020 0.024 0.019 0.901 0.008 0.009 0.019 
345   CCR_48    (0)    5 :  0.110 0.042 0.428 0.347 0.026 0.036 0.011 
346   CCR_49    (0)    5 :  0.044 0.023 0.078 0.712 0.039 0.056 0.048 
347   CCR_50    (0)    5 :  0.009 0.014 0.016 0.881 0.014 0.050 0.016 
348   CCR_51    (0)    5 :  0.014 0.008 0.010 0.922 0.009 0.005 0.032 
349   CCR_52    (0)    5 :  0.026 0.041 0.056 0.823 0.011 0.014 0.029 
350   CCR_53    (0)    5 :  0.075 0.131 0.095 0.619 0.016 0.045 0.020 
351   CCR_54    (0)    5 :  0.096 0.046 0.134 0.485 0.012 0.159 0.069 
352   CCR_55    (0)    5 :  0.038 0.016 0.026 0.724 0.012 0.017 0.166 
353   CCR_56    (0)    5 :  0.018 0.031 0.020 0.870 0.017 0.026 0.019 
354   CCR_57    (0)    5 :  0.048 0.038 0.139 0.712 0.010 0.018 0.034 
355   CCR_58    (0)    5 :  0.322 0.091 0.125 0.383 0.008 0.040 0.031 
356   CCR_59    (0)    5 :  0.121 0.194 0.031 0.525 0.026 0.019 0.083 
357   CCR_60    (0)    5 :  0.034 0.036 0.051 0.283 0.127 0.430 0.039 
358   CCR_61    (0)    5 :  0.358 0.009 0.049 0.546 0.007 0.017 0.014 
359   CCR_62    (0)    5 :  0.114 0.543 0.052 0.234 0.016 0.017 0.024 
360   CCR_63    (0)    5 :  0.029 0.019 0.012 0.891 0.011 0.016 0.023 
361   CCR_64    (0)    5 :  0.074 0.022 0.056 0.755 0.014 0.021 0.058 
362   CCR_65    (0)    5 :  0.078 0.099 0.025 0.757 0.015 0.012 0.014 
363   CCR_66    (0)    5 :  0.026 0.014 0.014 0.912 0.004 0.007 0.023 
364   CCR_67    (0)    5 :  0.011 0.010 0.021 0.933 0.006 0.012 0.008 
365   CCR_68    (0)    5 :  0.493 0.014 0.068 0.385 0.005 0.012 0.023 
366   CCR_69    (0)    5 :  0.021 0.013 0.011 0.926 0.007 0.009 0.012 
367   CCR_70    (0)    5 :  0.077 0.016 0.016 0.861 0.011 0.013 0.007 
368   CCR_71    (0)    5 :  0.016 0.013 0.014 0.901 0.035 0.012 0.010 
369   CCR_72    (0)    5 :  0.020 0.025 0.047 0.871 0.014 0.012 0.010 
370   CCR_73    (0)    5 :  0.019 0.010 0.025 0.907 0.008 0.010 0.022 
371   CCR_74    (0)    5 :  0.225 0.042 0.080 0.229 0.007 0.051 0.367 
372   CCR_75    (0)    5 :  0.035 0.014 0.015 0.842 0.012 0.066 0.016 
373   CCR_76    (0)    5 :  0.030 0.038 0.047 0.196 0.005 0.672 0.012 
374   CCR_77    (0)    5 :  0.122 0.086 0.046 0.680 0.031 0.020 0.016 
375   CCR_78    (0)    5 :  0.026 0.089 0.022 0.645 0.012 0.060 0.146 
376   CCR_79    (0)    5 :  0.027 0.039 0.015 0.780 0.096 0.027 0.016 
377   CCR_80    (0)    5 :  0.220 0.007 0.290 0.438 0.008 0.021 0.016 
378    CMB_1    (0)    6 :  0.920 0.019 0.019 0.013 0.006 0.010 0.012 
379    CMB_2    (0)    6 :  0.952 0.008 0.011 0.012 0.005 0.005 0.008 
380    CMB_3    (0)    6 :  0.918 0.010 0.021 0.012 0.011 0.017 0.012 
381    CMB_4    (0)    6 :  0.908 0.009 0.014 0.014 0.006 0.042 0.007 
382    CMB_5    (0)    6 :  0.805 0.050 0.032 0.037 0.004 0.060 0.013 
383    CMB_6    (0)    6 :  0.897 0.022 0.047 0.011 0.006 0.007 0.010 
384    CMB_7    (0)    6 :  0.888 0.025 0.027 0.024 0.007 0.009 0.020 
385    CMB_8    (0)    6 :  0.905 0.018 0.014 0.010 0.016 0.023 0.013 
386    CMB_9    (0)    6 :  0.911 0.008 0.030 0.010 0.009 0.007 0.025 
387   CMB_10    (0)    6 :  0.062 0.041 0.062 0.185 0.008 0.630 0.012 
388   CMB_11    (0)    6 :  0.941 0.012 0.007 0.010 0.005 0.008 0.016 
389   CMB_12    (0)    6 :  0.921 0.013 0.010 0.017 0.005 0.022 0.012 
390   CMB_13    (0)    6 :  0.852 0.028 0.039 0.029 0.008 0.022 0.022 
391   CMB_14    (0)    6 :  0.950 0.009 0.008 0.008 0.010 0.007 0.008 
392   CMB_15    (0)    6 :  0.906 0.015 0.013 0.021 0.007 0.011 0.026 
393   CMB_16    (0)    6 :  0.533 0.060 0.012 0.069 0.009 0.282 0.034 
394   CMB_17    (0)    6 :  0.140 0.101 0.019 0.638 0.028 0.034 0.041 
395   CMB_18    (0)    6 :  0.826 0.027 0.018 0.030 0.055 0.019 0.024 
396   CMB_19    (0)    6 :  0.732 0.013 0.041 0.045 0.007 0.148 0.015 
397   CMB_20    (0)    6 :  0.912 0.008 0.021 0.012 0.006 0.031 0.010 
398   CMB_21    (0)    6 :  0.949 0.009 0.008 0.010 0.005 0.010 0.008 
399   CMB_22    (0)    6 :  0.799 0.052 0.020 0.038 0.008 0.036 0.047 
400   CMB_23    (0)    6 :  0.916 0.022 0.009 0.011 0.019 0.015 0.008 
401   CMB_24    (0)    6 :  0.520 0.211 0.031 0.036 0.014 0.165 0.024 
402   CMB_25    (0)    6 :  0.850 0.014 0.016 0.027 0.008 0.011 0.074 
403   CMB_26    (0)    6 :  0.950 0.006 0.009 0.006 0.006 0.009 0.014 
404   CMB_27    (0)    6 :  0.750 0.083 0.053 0.021 0.017 0.065 0.011 
405   CMB_28    (0)    6 :  0.955 0.008 0.008 0.008 0.005 0.008 0.008 
406   CMB_29    (0)    6 :  0.504 0.149 0.115 0.165 0.010 0.029 0.027 
407   CMB_30    (0)    6 :  0.933 0.009 0.017 0.009 0.009 0.008 0.014 
408   CMB_31    (0)    6 :  0.769 0.011 0.021 0.095 0.005 0.053 0.045 
409   CMB_32    (0)    6 :  0.817 0.027 0.041 0.030 0.012 0.061 0.012 
410   CMB_33    (0)    6 :  0.887 0.012 0.008 0.039 0.007 0.014 0.033 
411   CMB_34    (0)    6 :  0.905 0.011 0.016 0.013 0.006 0.040 0.008 
412   CMB_35    (0)    6 :  0.871 0.022 0.009 0.023 0.008 0.018 0.049 
413   CMB_36    (0)    6 :  0.890 0.021 0.017 0.015 0.015 0.029 0.013 
414   CMB_37    (0)    6 :  0.936 0.012 0.010 0.014 0.011 0.007 0.011 
415   CMB_38    (0)    6 :  0.913 0.023 0.013 0.014 0.021 0.005 0.010 
416   CMB_39    (0)    6 :  0.932 0.010 0.011 0.012 0.009 0.012 0.014 
417   CMB_40    (0)    6 :  0.807 0.067 0.027 0.013 0.023 0.050 0.013 
418   CMB_41    (0)    6 :  0.889 0.019 0.010 0.011 0.030 0.025 0.016 
419   CMB_42    (0)    6 :  0.817 0.033 0.026 0.022 0.046 0.033 0.023 
420   CMB_43    (0)    6 :  0.157 0.106 0.408 0.138 0.105 0.075 0.011 
421   CMB_44    (0)    6 :  0.079 0.378 0.153 0.027 0.011 0.073 0.278 
422   CMB_45    (0)    6 :  0.920 0.008 0.013 0.031 0.005 0.012 0.010 
423   CMB_46    (0)    6 :  0.588 0.035 0.088 0.059 0.019 0.195 0.015 
424   CMB_47    (0)    6 :  0.351 0.022 0.067 0.020 0.006 0.520 0.014 
425   CMB_48    (0)    6 :  0.919 0.012 0.015 0.013 0.009 0.019 0.014 
426   CMB_49    (0)    6 :  0.940 0.010 0.020 0.011 0.007 0.005 0.006 
427   CMB_50    (0)    6 :  0.935 0.018 0.008 0.009 0.003 0.020 0.007 
428   CMB_51    (0)    6 :  0.533 0.039 0.056 0.307 0.006 0.014 0.046 
429   CMB_52    (0)    6 :  0.935 0.012 0.011 0.012 0.014 0.009 0.008 
430   CMB_53    (0)    6 :  0.904 0.013 0.014 0.014 0.031 0.009 0.014 
431   CMB_54    (0)    6 :  0.922 0.017 0.013 0.009 0.015 0.018 0.007 
432   CMB_55    (0)    6 :  0.909 0.019 0.020 0.011 0.009 0.013 0.019 
433   CMB_56    (0)    6 :  0.562 0.138 0.031 0.025 0.194 0.036 0.015 
434   CMB_57    (0)    6 :  0.887 0.016 0.019 0.039 0.007 0.022 0.010 
435   CMB_58    (0)    6 :  0.245 0.508 0.046 0.134 0.007 0.036 0.024 
436   CMB_59    (0)    6 :  0.916 0.017 0.009 0.011 0.018 0.019 0.011 
437   CMB_60    (0)    6 :  0.952 0.010 0.011 0.008 0.005 0.007 0.007 
438   CMB_61    (0)    6 :  0.893 0.014 0.012 0.044 0.010 0.008 0.019 
439   CMB_62    (0)    6 :  0.741 0.028 0.059 0.075 0.009 0.055 0.032 
440   CMB_63    (0)    6 :  0.837 0.041 0.067 0.018 0.004 0.010 0.022 
441   CMB_64    (0)    6 :  0.939 0.012 0.008 0.015 0.010 0.010 0.006 
442   CMB_65    (0)    6 :  0.930 0.008 0.010 0.015 0.009 0.013 0.014 
443   CMB_66    (0)    6 :  0.849 0.013 0.045 0.063 0.012 0.009 0.010 
444   CMB_67    (0)    6 :  0.935 0.009 0.014 0.008 0.007 0.018 0.008 
445   CMB_68    (0)    6 :  0.920 0.018 0.011 0.014 0.010 0.013 0.014 
446   CMB_69    (0)    6 :  0.589 0.008 0.018 0.128 0.162 0.086 0.010 
447   CMB_70    (0)    6 :  0.269 0.105 0.016 0.045 0.012 0.464 0.089 
448   CMB_71    (0)    6 :  0.869 0.021 0.021 0.040 0.015 0.022 0.011 
449   CMB_72    (0)    6 :  0.741 0.032 0.020 0.120 0.044 0.025 0.017 
450   CMB_73    (0)    6 :  0.036 0.095 0.025 0.095 0.020 0.015 0.714 
451   CMB_74    (0)    6 :  0.708 0.044 0.081 0.018 0.060 0.041 0.049 
452   CMB_75    (0)    6 :  0.325 0.057 0.013 0.022 0.158 0.412 0.014 
453   CMB_76    (6)    6 :  0.085 0.464 0.075 0.047 0.023 0.032 0.275 
454   CMB_77    (0)    6 :  0.600 0.012 0.157 0.110 0.025 0.079 0.017 
455    CNR_1    (0)    7 :  0.702 0.032 0.010 0.032 0.182 0.009 0.033 
456    CNR_2    (0)    7 :  0.466 0.045 0.066 0.081 0.007 0.038 0.296 
457    CNR_3    (0)    7 :  0.815 0.018 0.012 0.072 0.020 0.011 0.052 
458    CNR_4    (0)    7 :  0.936 0.011 0.009 0.012 0.013 0.011 0.008 
459    CNR_5    (0)    7 :  0.755 0.073 0.038 0.029 0.079 0.017 0.009 
460    CNR_6    (0)    7 :  0.894 0.014 0.008 0.008 0.008 0.017 0.051 
461    CNR_7    (0)    7 :  0.500 0.035 0.057 0.324 0.031 0.037 0.017 
462    CNR_8    (0)    7 :  0.696 0.090 0.018 0.143 0.009 0.026 0.017 
463    CNR_9    (0)    7 :  0.635 0.080 0.038 0.198 0.007 0.021 0.021 
464   CNR_10    (0)    7 :  0.954 0.011 0.008 0.007 0.005 0.009 0.007 
465   CNR_11    (0)    7 :  0.918 0.015 0.018 0.015 0.008 0.013 0.012 
466   CNR_12    (0)    7 :  0.949 0.010 0.010 0.008 0.012 0.005 0.006 
