This is a job step 5


----------------------------------------------------
STRUCTURE by Pritchard, Stephens and Donnelly (2000)
     and Falush, Stephens and Pritchard (2003)
       Code by Pritchard, Falush and Hubisz
             Version 2.3.4 (Jul 2012)
----------------------------------------------------


Reading file "/global/home/hpc3579/Salmon-Project/STRUCTURE/mainparamsfiles/mainparamsbigfile".
datafile is
/global/home/hpc3579/Salmon-Project/FileConversions/bigfilestruc.str
Reading file "/global/home/hpc3579/Salmon-Project/STRUCTURE/extraparams_bigfile".
Note: RANDOMIZE is set to 1. The random number generator will be initialized using the system clock, ignoring any specified value of SEED.
Reading file "/global/home/hpc3579/Salmon-Project/FileConversions/bigfilestruc.str".


Data file "/global/home/hpc3579/Salmon-Project/FileConversions/bigfilestruc.str" (truncated) --

Ind:   Label Pop : Genotype_data . . . .
  1: QC-ANG-01    1  :110 167 287 296 254 146 173  . . . . 291
  1: QC-ANG-01    1  :110 179 295 312 358 210 175  . . . . 315
  2: QC-ANG-11    1  :130 171 291 312 322 210 193  . . . . 283
  2: QC-ANG-11    1  :130 175 303 336 338 242 199  . . . . 303
  3: QC-ANG-12    1  :106 175 279 312 278 198 171  . . . . 315
  3: QC-ANG-12    1  :130 191 307 372 342 210 201  . . . . 319
  4: QC-ANG-13    1  :128 159 291 320 314 214 159  . . . . 287
  4: QC-ANG-13    1  :128 167 295 344 326 254 201  . . . . 315

      *******   

9141: US-NA11574  153  :122 203 283 312 254 198 173  . . . . 303
9141: US-NA11574  153  :128 203 303 340 290 206 173  . . . . 307
9142: US-NA11575  153  :122 167 283 300 254 214 173  . . . . 295
9142: US-NA11575  153  :128 167 303 336 290 298 173  . . . . 339

Number of alleles per locus: min=15; ave=39.8; max=91


--------------------------------------

Finished initialization; starting MCMC 
1000000 iterations + 100000 burnin


--------------------------------------------
Proportion of membership of each pre-defined
 population in each of the 5 clusters

Given    Inferred Clusters                     Number of
 Pop       1      2      3      4      5      Individuals

  1:     0.196  0.260  0.075  0.230  0.238       45
  2:     0.034  0.053  0.049  0.029  0.834       50
  3:     0.209  0.085  0.126  0.281  0.298       48
  4:     0.202  0.217  0.087  0.236  0.258       50
  5:     0.157  0.355  0.175  0.200  0.112       50
  6:     0.232  0.265  0.201  0.141  0.161       49
  7:     0.208  0.327  0.164  0.182  0.120       43
  8:     0.114  0.586  0.109  0.094  0.097       46
  9:     0.129  0.078  0.100  0.523  0.170       60
 10:     0.115  0.340  0.148  0.235  0.161       38
 11:     0.149  0.542  0.118  0.110  0.081       50
 12:     0.135  0.486  0.085  0.134  0.160       48
 13:     0.208  0.119  0.153  0.286  0.233       50
 14:     0.070  0.072  0.100  0.155  0.604       57
 15:     0.161  0.103  0.099  0.288  0.348       48
 16:     0.027  0.049  0.062  0.051  0.811       48
 17:     0.258  0.115  0.113  0.234  0.280       50
 18:     0.212  0.387  0.183  0.112  0.107       44
 19:     0.211  0.348  0.172  0.163  0.105       50
 20:     0.059  0.668  0.104  0.121  0.048       50
 21:     0.026  0.051  0.031  0.063  0.829       48
 22:     0.232  0.245  0.112  0.141  0.270       50
 23:     0.160  0.328  0.171  0.262  0.079       49
 24:     0.270  0.276  0.093  0.140  0.221       50
 25:     0.216  0.358  0.173  0.165  0.088       50
 26:     0.189  0.334  0.133  0.167  0.177       50
 27:     0.130  0.078  0.177  0.143  0.472       55
 28:     0.067  0.068  0.069  0.195  0.600       50
 29:     0.322  0.300  0.106  0.189  0.083      108
 30:     0.259  0.353  0.115  0.185  0.088      109
 31:     0.223  0.392  0.132  0.107  0.146       49
 32:     0.179  0.354  0.143  0.166  0.157       50
 33:     0.102  0.124  0.172  0.373  0.229       50
 34:     0.143  0.094  0.167  0.121  0.475       50
 35:     0.190  0.143  0.119  0.161  0.387       50
 36:     0.276  0.411  0.112  0.075  0.127       39
 37:     0.135  0.305  0.213  0.151  0.195       47
 38:     0.193  0.340  0.149  0.169  0.149       67
 39:     0.171  0.299  0.094  0.234  0.203       34
 40:     0.095  0.457  0.197  0.165  0.086       58
 41:     0.238  0.207  0.144  0.195  0.217       86
 42:     0.208  0.338  0.198  0.155  0.101       44
 43:     0.085  0.632  0.100  0.114  0.069       44
 44:     0.083  0.070  0.102  0.115  0.630       50
 45:     0.152  0.410  0.080  0.222  0.137       35
 46:     0.169  0.153  0.164  0.232  0.283       50
 47:     0.179  0.277  0.159  0.201  0.184       36
 48:     0.118  0.100  0.117  0.125  0.541       53
 49:     0.078  0.091  0.095  0.057  0.678       57
 50:     0.121  0.181  0.118  0.053  0.527       49
 51:     0.279  0.185  0.070  0.264  0.202       42
 52:     0.114  0.444  0.135  0.162  0.145       50
 53:     0.258  0.372  0.050  0.243  0.077       50
 54:     0.345  0.254  0.081  0.247  0.074       44
 55:     0.230  0.344  0.134  0.185  0.107       50
 56:     0.263  0.489  0.058  0.154  0.037       30
 57:     0.280  0.310  0.087  0.233  0.090       50
 58:     0.294  0.332  0.084  0.201  0.089       50
 59:     0.295  0.347  0.071  0.231  0.057       33
 60:     0.137  0.431  0.049  0.339  0.044        9
 61:     0.280  0.240  0.107  0.299  0.074       50
 62:     0.339  0.288  0.053  0.231  0.089       32
 63:     0.342  0.321  0.076  0.169  0.092       50
 64:     0.186  0.489  0.097  0.185  0.043       50
 65:     0.215  0.330  0.019  0.322  0.114       29
 66:     0.282  0.308  0.083  0.222  0.105       50
 67:     0.114  0.459  0.118  0.238  0.071       31
 68:     0.205  0.357  0.117  0.244  0.078       27
 69:     0.278  0.290  0.104  0.176  0.153       20
 70:     0.242  0.367  0.069  0.250  0.073       50
 71:     0.251  0.366  0.107  0.124  0.152       50
 72:     0.236  0.231  0.107  0.346  0.080       37
 73:     0.127  0.081  0.094  0.078  0.620       81
 74:     0.143  0.101  0.502  0.096  0.158       50
 75:     0.249  0.261  0.254  0.146  0.090       50
 76:     0.131  0.118  0.363  0.212  0.177       89
 77:     0.137  0.069  0.284  0.399  0.110      100
 78:     0.066  0.060  0.132  0.097  0.645       94
 79:     0.130  0.197  0.310  0.149  0.212      100
 80:     0.116  0.052  0.524  0.130  0.178       50
 81:     0.195  0.153  0.433  0.135  0.084      100
 82:     0.162  0.243  0.212  0.276  0.107       98
 83:     0.069  0.081  0.564  0.180  0.106       50
 84:     0.041  0.058  0.073  0.046  0.781       99
 85:     0.152  0.257  0.237  0.236  0.118       99
 86:     0.113  0.105  0.549  0.117  0.116      100
 87:     0.092  0.089  0.590  0.155  0.074      100
 88:     0.115  0.084  0.510  0.154  0.137      100
 89:     0.159  0.161  0.316  0.213  0.151       99
 90:     0.143  0.132  0.481  0.102  0.142       48
 91:     0.120  0.116  0.092  0.062  0.610       28
 92:     0.069  0.065  0.537  0.176  0.154       50
 93:     0.108  0.069  0.572  0.088  0.163      100
 94:     0.132  0.099  0.565  0.081  0.123       50
 95:     0.100  0.088  0.062  0.153  0.597       41
 96:     0.161  0.120  0.401  0.193  0.125       81
 97:     0.083  0.094  0.494  0.162  0.168       50
 98:     0.131  0.264  0.398  0.116  0.090      100
 99:     0.222  0.246  0.271  0.135  0.126       89
100:     0.088  0.230  0.290  0.273  0.119       98
101:     0.138  0.140  0.345  0.181  0.195      100
102:     0.022  0.029  0.029  0.892  0.029       95
103:     0.171  0.322  0.291  0.151  0.065       50
104:     0.097  0.074  0.565  0.150  0.114       70
105:     0.113  0.091  0.126  0.060  0.610      100
106:     0.102  0.108  0.630  0.090  0.070       50
107:     0.077  0.143  0.512  0.128  0.141      100
108:     0.066  0.241  0.495  0.057  0.142       50
109:     0.212  0.145  0.350  0.184  0.109      100
110:     0.122  0.073  0.059  0.074  0.672       41
111:     0.116  0.094  0.101  0.097  0.592      100
112:     0.127  0.206  0.427  0.088  0.152       50
113:     0.043  0.090  0.603  0.177  0.087       97
114:     0.101  0.086  0.130  0.155  0.528      100
115:     0.142  0.075  0.526  0.065  0.193       49
116:     0.080  0.135  0.479  0.136  0.169      100
117:     0.123  0.155  0.411  0.081  0.231       50
118:     0.103  0.131  0.529  0.091  0.146      100
119:     0.170  0.175  0.302  0.212  0.140       90
120:     0.241  0.238  0.130  0.235  0.157       70
121:     0.111  0.467  0.144  0.182  0.097       82
122:     0.098  0.076  0.070  0.691  0.066       66
123:     0.094  0.238  0.130  0.475  0.063       28
124:     0.723  0.030  0.056  0.079  0.112       44
125:     0.718  0.068  0.053  0.083  0.078       60
126:     0.716  0.053  0.095  0.076  0.060       83
127:     0.748  0.062  0.054  0.053  0.082       49
128:     0.753  0.052  0.054  0.084  0.057       84
129:     0.560  0.157  0.087  0.145  0.052       53
130:     0.653  0.117  0.069  0.128  0.033       58
131:     0.642  0.094  0.065  0.147  0.053       78
132:     0.682  0.084  0.097  0.094  0.043       59
133:     0.578  0.156  0.060  0.121  0.085       41
134:     0.468  0.105  0.151  0.195  0.081       42
135:     0.362  0.232  0.088  0.278  0.039       30
136:     0.464  0.171  0.111  0.188  0.066       53
137:     0.149  0.321  0.247  0.146  0.137       58
138:     0.196  0.319  0.147  0.252  0.085       84
139:     0.143  0.565  0.058  0.154  0.080       81
140:     0.063  0.795  0.070  0.028  0.044       30
141:     0.092  0.622  0.073  0.151  0.061       37
142:     0.158  0.507  0.111  0.169  0.055       46
143:     0.095  0.273  0.095  0.457  0.080       55
144:     0.205  0.361  0.092  0.286  0.056       52
145:     0.197  0.442  0.088  0.211  0.061       73
146:     0.235  0.266  0.093  0.348  0.057       73
147:     0.195  0.511  0.101  0.149  0.045       53
148:     0.199  0.376  0.085  0.256  0.084       52
149:     0.225  0.470  0.088  0.178  0.039       44
150:     0.246  0.384  0.083  0.216  0.072       80
151:     0.248  0.392  0.116  0.189  0.054       49
152:     0.154  0.268  0.244  0.174  0.160       34
153:     0.343  0.202  0.161  0.203  0.092      100
--------------------------------------------

 Rep#:   Lambda   Alpha      F1    F2    F3    F4    F5     D1,2  D1,3  D1,4  D1,5  D2,3  D2,4  D2,5  D3,4  D3,5  D4,5    Ln Like 
 1000:    1.00    0.219    0.014 0.012 0.010 0.008 0.024    0.019 0.030 0.018 0.043 0.022 0.017 0.041 0.017 0.027 0.035   --  
 2000:    1.00    0.168    0.016 0.012 0.009 0.009 0.025    0.018 0.024 0.015 0.037 0.018 0.015 0.036 0.015 0.023 0.026   --  
 3000:    1.00    0.145    0.013 0.011 0.009 0.008 0.020    0.019 0.025 0.016 0.036 0.016 0.015 0.036 0.013 0.022 0.026   --  
 4000:    1.00    0.126    0.012 0.009 0.010 0.008 0.020    0.017 0.024 0.014 0.032 0.016 0.013 0.032 0.014 0.021 0.025   --  
 5000:    1.00    0.119    0.012 0.010 0.009 0.008 0.018    0.015 0.021 0.013 0.032 0.015 0.011 0.031 0.013 0.021 0.028   --  
 6000:    1.00    0.117    0.013 0.011 0.008 0.010 0.019    0.015 0.022 0.015 0.033 0.014 0.013 0.030 0.012 0.021 0.025   --  
 7000:    1.00    0.118    0.011 0.012 0.009 0.009 0.018    0.016 0.022 0.014 0.035 0.015 0.011 0.033 0.013 0.022 0.025   --  
 8000:    1.00    0.121    0.012 0.010 0.010 0.008 0.017    0.015 0.023 0.013 0.032 0.015 0.012 0.030 0.014 0.021 0.025   --  
 9000:    1.00    0.125    0.011 0.011 0.009 0.010 0.016    0.015 0.023 0.014 0.033 0.016 0.014 0.032 0.013 0.020 0.025   --  

--------------------------------------------
Proportion of membership of each pre-defined
 population in each of the 5 clusters

Given    Inferred Clusters                     Number of
 Pop       1      2      3      4      5      Individuals

  1:     0.292  0.261  0.068  0.132  0.247       45
  2:     0.016  0.017  0.021  0.027  0.919       50
  3:     0.247  0.087  0.157  0.226  0.282       48
  4:     0.194  0.149  0.118  0.274  0.265       50
  5:     0.088  0.381  0.169  0.272  0.089       50
  6:     0.168  0.334  0.138  0.191  0.169       49
  7:     0.242  0.350  0.115  0.209  0.084       43
  8:     0.056  0.686  0.090  0.104  0.064       46
  9:     0.096  0.029  0.059  0.680  0.136       60
 10:     0.118  0.255  0.130  0.290  0.207       38
 11:     0.112  0.580  0.069  0.121  0.119       50
 12:     0.139  0.487  0.055  0.159  0.160       48
 13:     0.214  0.173  0.096  0.282  0.235       50
 14:     0.084  0.121  0.073  0.075  0.647       57
 15:     0.193  0.106  0.101  0.242  0.358       48
 16:     0.035  0.041  0.050  0.032  0.841       48
 17:     0.237  0.108  0.085  0.258  0.312       50
 18:     0.260  0.396  0.169  0.071  0.103       44
 19:     0.275  0.226  0.104  0.291  0.103       50
 20:     0.049  0.751  0.081  0.064  0.055       50
 21:     0.034  0.035  0.022  0.024  0.886       48
 22:     0.225  0.252  0.132  0.145  0.247       50
 23:     0.150  0.388  0.144  0.222  0.096       49
 24:     0.294  0.247  0.095  0.131  0.232       50
 25:     0.174  0.367  0.215  0.152  0.092       50
 26:     0.140  0.312  0.123  0.197  0.227       50
 27:     0.080  0.070  0.148  0.166  0.536       55
 28:     0.065  0.074  0.110  0.135  0.617       50
 29:     0.326  0.275  0.113  0.215  0.071      108
 30:     0.255  0.384  0.091  0.157  0.113      109
 31:     0.170  0.442  0.137  0.192  0.058       49
 32:     0.310  0.291  0.099  0.194  0.106       50
 33:     0.083  0.137  0.161  0.404  0.214       50
 34:     0.104  0.051  0.201  0.072  0.572       50
 35:     0.233  0.141  0.076  0.216  0.334       50
 36:     0.411  0.301  0.060  0.138  0.089       39
 37:     0.247  0.259  0.182  0.172  0.139       47
 38:     0.248  0.359  0.146  0.118  0.129       67
 39:     0.250  0.381  0.054  0.167  0.147       34
 40:     0.052  0.587  0.090  0.137  0.134       58
 41:     0.249  0.257  0.120  0.155  0.219       86
 42:     0.184  0.463  0.105  0.168  0.080       44
 43:     0.043  0.681  0.099  0.128  0.048       44
 44:     0.080  0.056  0.071  0.093  0.700       50
 45:     0.239  0.318  0.130  0.209  0.104       35
 46:     0.118  0.223  0.152  0.234  0.274       50
 47:     0.228  0.241  0.145  0.263  0.124       36
 48:     0.138  0.081  0.094  0.119  0.567       53
 49:     0.058  0.055  0.066  0.018  0.803       57
 50:     0.102  0.069  0.195  0.128  0.505       49
 51:     0.324  0.118  0.108  0.213  0.237       42
 52:     0.097  0.457  0.140  0.139  0.166       50
 53:     0.193  0.552  0.086  0.116  0.053       50
 54:     0.270  0.201  0.091  0.392  0.046       44
 55:     0.216  0.393  0.084  0.215  0.091       50
 56:     0.124  0.587  0.047  0.230  0.012       30
 57:     0.291  0.309  0.112  0.244  0.044       50
 58:     0.262  0.403  0.057  0.205  0.074       50
 59:     0.251  0.470  0.039  0.191  0.049       33
 60:     0.042  0.577  0.102  0.191  0.088        9
 61:     0.222  0.319  0.068  0.306  0.084       50
 62:     0.462  0.355  0.044  0.114  0.025       32
 63:     0.411  0.350  0.043  0.133  0.064       50
 64:     0.101  0.608  0.123  0.123  0.044       50
 65:     0.135  0.560  0.045  0.194  0.067       29
 66:     0.319  0.275  0.069  0.279  0.057       50
 67:     0.137  0.541  0.096  0.133  0.092       31
 68:     0.270  0.457  0.054  0.182  0.036       27
 69:     0.170  0.401  0.029  0.271  0.129       20
 70:     0.244  0.308  0.082  0.289  0.077       50
 71:     0.289  0.373  0.107  0.123  0.108       50
 72:     0.216  0.324  0.080  0.327  0.053       37
 73:     0.089  0.068  0.132  0.046  0.665       81
 74:     0.138  0.081  0.583  0.069  0.129       50
 75:     0.190  0.301  0.237  0.164  0.108       50
 76:     0.184  0.073  0.447  0.158  0.138       89
 77:     0.128  0.079  0.324  0.390  0.080      100
 78:     0.052  0.047  0.156  0.086  0.659       94
 79:     0.093  0.247  0.355  0.106  0.199      100
 80:     0.104  0.036  0.682  0.046  0.132       50
 81:     0.190  0.182  0.413  0.160  0.054      100
 82:     0.165  0.221  0.274  0.239  0.100       98
 83:     0.045  0.119  0.635  0.137  0.063       50
 84:     0.022  0.040  0.065  0.049  0.826       99
 85:     0.174  0.185  0.305  0.226  0.110       99
 86:     0.109  0.067  0.553  0.118  0.154      100
 87:     0.076  0.103  0.605  0.128  0.089      100
 88:     0.060  0.073  0.668  0.110  0.089      100
 89:     0.168  0.158  0.348  0.197  0.128       99
 90:     0.150  0.064  0.495  0.061  0.230       48
 91:     0.082  0.090  0.091  0.078  0.660       28
 92:     0.139  0.058  0.574  0.113  0.116       50
 93:     0.048  0.099  0.629  0.074  0.150      100
 94:     0.090  0.080  0.621  0.090  0.120       50
 95:     0.069  0.050  0.062  0.236  0.583       41
 96:     0.131  0.184  0.394  0.170  0.122       81
 97:     0.110  0.080  0.583  0.122  0.104       50
 98:     0.125  0.191  0.454  0.124  0.105      100
 99:     0.206  0.162  0.294  0.181  0.157       89
100:     0.060  0.179  0.333  0.290  0.138       98
101:     0.122  0.111  0.337  0.201  0.230      100
102:     0.017  0.017  0.017  0.934  0.016       95
103:     0.195  0.253  0.302  0.140  0.109       50
104:     0.101  0.044  0.617  0.146  0.092       70
105:     0.054  0.057  0.123  0.060  0.706      100
106:     0.084  0.100  0.623  0.127  0.066       50
107:     0.064  0.114  0.590  0.116  0.116      100
108:     0.061  0.368  0.417  0.043  0.112       50
109:     0.203  0.169  0.331  0.192  0.106      100
110:     0.084  0.071  0.100  0.072  0.674       41
111:     0.064  0.065  0.100  0.126  0.645      100
112:     0.109  0.169  0.526  0.073  0.122       50
113:     0.048  0.103  0.626  0.146  0.078       97
114:     0.116  0.085  0.113  0.114  0.572      100
115:     0.130  0.037  0.560  0.088  0.186       49
116:     0.104  0.073  0.516  0.140  0.167      100
117:     0.101  0.130  0.419  0.115  0.235       50
118:     0.121  0.167  0.507  0.046  0.158      100
119:     0.145  0.163  0.365  0.220  0.108       90
120:     0.256  0.284  0.107  0.190  0.163       70
121:     0.092  0.432  0.121  0.279  0.076       82
122:     0.052  0.059  0.023  0.810  0.055       66
123:     0.021  0.120  0.046  0.733  0.081       28
124:     0.764  0.056  0.034  0.074  0.072       44
125:     0.849  0.039  0.028  0.025  0.059       60
126:     0.812  0.037  0.038  0.077  0.037       83
127:     0.754  0.056  0.072  0.078  0.041       49
128:     0.806  0.056  0.035  0.059  0.044       84
129:     0.647  0.157  0.074  0.065  0.057       53
130:     0.728  0.120  0.045  0.094  0.013       58
131:     0.706  0.085  0.053  0.099  0.057       78
132:     0.761  0.066  0.014  0.113  0.045       59
133:     0.709  0.078  0.037  0.132  0.045       41
134:     0.416  0.070  0.121  0.315  0.078       42
135:     0.414  0.255  0.071  0.231  0.029       30
136:     0.503  0.137  0.070  0.228  0.063       53
137:     0.120  0.389  0.204  0.160  0.127       58
138:     0.206  0.356  0.163  0.173  0.102       84
139:     0.093  0.682  0.057  0.133  0.035       81
140:     0.019  0.835  0.068  0.055  0.022       30
141:     0.095  0.584  0.069  0.228  0.024       37
142:     0.074  0.566  0.053  0.250  0.057       46
143:     0.081  0.347  0.059  0.431  0.082       55
144:     0.180  0.552  0.083  0.159  0.025       52
145:     0.133  0.542  0.068  0.219  0.038       73
146:     0.189  0.322  0.074  0.392  0.024       73
147:     0.148  0.617  0.068  0.149  0.019       53
148:     0.148  0.585  0.090  0.141  0.036       52
149:     0.090  0.607  0.105  0.174  0.024       44
150:     0.205  0.426  0.100  0.200  0.070       80
151:     0.259  0.456  0.097  0.147  0.041       49
152:     0.107  0.329  0.340  0.130  0.095       34
153:     0.447  0.143  0.177  0.159  0.075      100
--------------------------------------------

 Rep#:   Lambda   Alpha      F1    F2    F3    F4    F5     D1,2  D1,3  D1,4  D1,5  D2,3  D2,4  D2,5  D3,4  D3,5  D4,5    Ln Like 
10000:    1.00    0.125    0.012 0.011 0.012 0.011 0.017    0.017 0.025 0.016 0.033 0.017 0.014 0.031 0.015 0.020 0.025   --  
11000:    1.00    0.125    0.013 0.011 0.011 0.010 0.022    0.016 0.026 0.014 0.033 0.017 0.013 0.032 0.014 0.022 0.026   --  
12000:    1.00    0.128    0.014 0.011 0.009 0.012 0.022    0.016 0.024 0.014 0.034 0.015 0.013 0.030 0.012 0.020 0.024   --  
13000:    1.00    0.131    0.013 0.010 0.010 0.011 0.020    0.016 0.024 0.015 0.034 0.016 0.014 0.033 0.013 0.022 0.027   --  
14000:    1.00    0.135    0.013 0.011 0.010 0.011 0.019    0.017 0.025 0.013 0.035 0.017 0.013 0.033 0.014 0.022 0.026   --  
15000:    1.00    0.143    0.017 0.013 0.010 0.011 0.020    0.018 0.027 0.017 0.036 0.018 0.014 0.036 0.015 0.022 0.027   --  
16000:    1.00    0.133    0.014 0.011 0.010 0.011 0.020    0.017 0.023 0.015 0.036 0.016 0.014 0.034 0.014 0.022 0.027   --  
17000:    1.00    0.126    0.015 0.012 0.009 0.011 0.020    0.018 0.024 0.015 0.033 0.016 0.015 0.030 0.015 0.021 0.026   --  
18000:    1.00    0.133    0.013 0.013 0.010 0.011 0.022    0.016 0.023 0.014 0.036 0.016 0.013 0.033 0.013 0.022 0.027   --  
19000:    1.00    0.125    0.016 0.012 0.010 0.010 0.017    0.017 0.025 0.014 0.033 0.018 0.012 0.032 0.015 0.020 0.026   --  

--------------------------------------------
Proportion of membership of each pre-defined
 population in each of the 5 clusters

Given    Inferred Clusters                     Number of
 Pop       1      2      3      4      5      Individuals

  1:     0.263  0.236  0.109  0.177  0.215       45
  2:     0.052  0.023  0.015  0.010  0.899       50
  3:     0.237  0.142  0.105  0.240  0.276       48
  4:     0.191  0.189  0.107  0.221  0.293       50
  5:     0.176  0.384  0.191  0.155  0.094       50
  6:     0.193  0.324  0.136  0.190  0.158       49
  7:     0.204  0.388  0.163  0.136  0.109       43
  8:     0.076  0.721  0.077  0.076  0.051       46
  9:     0.091  0.060  0.086  0.582  0.180       60
 10:     0.142  0.344  0.148  0.242  0.125       38
 11:     0.108  0.563  0.135  0.092  0.103       50
 12:     0.086  0.512  0.109  0.200  0.094       48
 13:     0.255  0.155  0.149  0.179  0.261       50
 14:     0.076  0.078  0.086  0.056  0.705       57
 15:     0.167  0.114  0.105  0.251  0.362       48
 16:     0.022  0.036  0.060  0.045  0.837       48
 17:     0.199  0.121  0.071  0.316  0.294       50
 18:     0.160  0.375  0.188  0.151  0.126       44
 19:     0.152  0.418  0.099  0.182  0.149       50
 20:     0.098  0.713  0.104  0.037  0.047       50
 21:     0.045  0.022  0.063  0.036  0.834       48
 22:     0.251  0.157  0.199  0.126  0.266       50
 23:     0.154  0.365  0.124  0.251  0.106       49
 24:     0.259  0.313  0.105  0.128  0.195       50
 25:     0.112  0.418  0.198  0.167  0.106       50
 26:     0.147  0.349  0.116  0.232  0.155       50
 27:     0.158  0.038  0.178  0.084  0.542       55
 28:     0.079  0.065  0.071  0.181  0.604       50
 29:     0.290  0.302  0.119  0.235  0.054      108
 30:     0.247  0.329  0.121  0.218  0.085      109
 31:     0.180  0.442  0.179  0.107  0.092       49
 32:     0.178  0.322  0.125  0.187  0.187       50
 33:     0.059  0.059  0.073  0.582  0.228       50
 34:     0.103  0.035  0.173  0.118  0.571       50
 35:     0.182  0.172  0.082  0.211  0.352       50
 36:     0.282  0.394  0.088  0.114  0.122       39
 37:     0.141  0.314  0.160  0.268  0.117       47
 38:     0.186  0.395  0.191  0.112  0.116       67
 39:     0.168  0.388  0.069  0.234  0.141       34
 40:     0.110  0.472  0.170  0.156  0.092       58
 41:     0.218  0.300  0.166  0.145  0.171       86
 42:     0.151  0.394  0.188  0.156  0.111       44
 43:     0.070  0.707  0.072  0.096  0.055       44
 44:     0.087  0.098  0.130  0.070  0.616       50
 45:     0.194  0.443  0.141  0.085  0.138       35
 46:     0.228  0.156  0.103  0.244  0.269       50
 47:     0.262  0.148  0.215  0.222  0.153       36
 48:     0.135  0.074  0.135  0.056  0.600       53
 49:     0.060  0.066  0.067  0.033  0.774       57
 50:     0.130  0.116  0.119  0.079  0.555       49
 51:     0.271  0.093  0.111  0.325  0.201       42
 52:     0.105  0.502  0.128  0.088  0.177       50
 53:     0.184  0.558  0.038  0.151  0.070       50
 54:     0.389  0.196  0.031  0.327  0.058       44
 55:     0.299  0.363  0.113  0.180  0.046       50
 56:     0.222  0.470  0.084  0.188  0.035       30
 57:     0.297  0.253  0.085  0.239  0.125       50
 58:     0.267  0.372  0.090  0.179  0.091       50
 59:     0.297  0.345  0.050  0.211  0.097       33
 60:     0.018  0.467  0.100  0.336  0.079        9
 61:     0.281  0.301  0.075  0.298  0.045       50
 62:     0.410  0.326  0.072  0.167  0.025       32
 63:     0.343  0.345  0.106  0.146  0.060       50
 64:     0.131  0.550  0.099  0.170  0.049       50
 65:     0.232  0.281  0.045  0.278  0.164       29
 66:     0.227  0.360  0.101  0.236  0.075       50
 67:     0.181  0.436  0.115  0.165  0.103       31
 68:     0.292  0.316  0.128  0.191  0.074       27
 69:     0.322  0.289  0.078  0.254  0.057       20
 70:     0.276  0.308  0.064  0.263  0.089       50
 71:     0.233  0.415  0.100  0.094  0.158       50
 72:     0.250  0.230  0.109  0.361  0.049       37
 73:     0.111  0.043  0.122  0.084  0.640       81
 74:     0.109  0.073  0.659  0.081  0.077       50
 75:     0.127  0.174  0.251  0.298  0.150       50
 76:     0.124  0.114  0.433  0.224  0.106       89
 77:     0.119  0.068  0.281  0.441  0.091      100
 78:     0.055  0.040  0.133  0.061  0.710       94
 79:     0.107  0.191  0.384  0.101  0.216      100
 80:     0.114  0.057  0.633  0.060  0.136       50
 81:     0.154  0.139  0.503  0.102  0.102      100
 82:     0.161  0.161  0.266  0.297  0.114       98
 83:     0.030  0.049  0.499  0.353  0.068       50
 84:     0.030  0.052  0.078  0.043  0.797       99
 85:     0.156  0.176  0.281  0.271  0.116       99
 86:     0.082  0.104  0.601  0.085  0.130      100
 87:     0.041  0.082  0.657  0.125  0.096      100
 88:     0.090  0.071  0.623  0.104  0.113      100
 89:     0.114  0.132  0.406  0.190  0.158       99
 90:     0.094  0.046  0.552  0.124  0.184       48
 91:     0.078  0.068  0.056  0.097  0.701       28
 92:     0.108  0.055  0.590  0.091  0.156       50
 93:     0.078  0.078  0.571  0.122  0.151      100
 94:     0.150  0.070  0.541  0.125  0.114       50
 95:     0.089  0.070  0.060  0.154  0.628       41
 96:     0.126  0.114  0.500  0.140  0.120       81
 97:     0.036  0.083  0.635  0.140  0.106       50
 98:     0.088  0.226  0.459  0.154  0.073      100
 99:     0.226  0.156  0.295  0.181  0.142       89
100:     0.043  0.175  0.221  0.477  0.084       98
101:     0.100  0.127  0.361  0.176  0.236      100
102:     0.020  0.008  0.028  0.920  0.023       95
103:     0.200  0.254  0.235  0.198  0.113       50
104:     0.135  0.028  0.637  0.088  0.112       70
105:     0.096  0.051  0.106  0.082  0.666      100
106:     0.109  0.133  0.509  0.154  0.095       50
107:     0.056  0.100  0.643  0.103  0.098      100
108:     0.062  0.229  0.524  0.072  0.113       50
109:     0.216  0.084  0.336  0.223  0.142      100
110:     0.111  0.060  0.078  0.069  0.683       41
111:     0.052  0.045  0.120  0.129  0.653      100
112:     0.062  0.216  0.461  0.096  0.164       50
113:     0.041  0.125  0.592  0.154  0.088       97
114:     0.083  0.083  0.117  0.125  0.591      100
115:     0.086  0.053  0.554  0.135  0.171       49
116:     0.093  0.061  0.534  0.193  0.119      100
117:     0.152  0.087  0.349  0.162  0.250       50
118:     0.077  0.152  0.536  0.086  0.149      100
119:     0.150  0.196  0.287  0.201  0.166       90
120:     0.253  0.288  0.149  0.184  0.126       70
121:     0.082  0.590  0.088  0.195  0.046       82
122:     0.079  0.048  0.056  0.753  0.065       66
123:     0.007  0.056  0.045  0.861  0.031       28
124:     0.865  0.031  0.017  0.040  0.047       44
125:     0.748  0.051  0.049  0.092  0.059       60
126:     0.772  0.065  0.028  0.098  0.037       83
127:     0.813  0.043  0.024  0.091  0.029       49
128:     0.805  0.055  0.039  0.057  0.045       84
129:     0.581  0.148  0.119  0.092  0.060       53
130:     0.730  0.094  0.059  0.083  0.035       58
131:     0.685  0.138  0.065  0.068  0.044       78
132:     0.677  0.099  0.095  0.089  0.040       59
133:     0.670  0.085  0.048  0.154  0.043       41
134:     0.577  0.118  0.070  0.172  0.062       42
135:     0.568  0.148  0.040  0.184  0.061       30
136:     0.569  0.133  0.046  0.190  0.062       53
137:     0.097  0.430  0.199  0.158  0.116       58
138:     0.251  0.343  0.127  0.203  0.075       84
139:     0.154  0.570  0.049  0.174  0.053       81
140:     0.057  0.763  0.073  0.067  0.040       30
141:     0.073  0.727  0.058  0.091  0.051       37
142:     0.178  0.553  0.056  0.167  0.046       46
143:     0.132  0.385  0.098  0.327  0.058       55
144:     0.130  0.485  0.112  0.236  0.038       52
145:     0.106  0.505  0.118  0.240  0.032       73
146:     0.168  0.318  0.114  0.332  0.068       73
147:     0.129  0.627  0.058  0.147  0.039       53
148:     0.205  0.495  0.073  0.187  0.040       52
149:     0.082  0.604  0.083  0.210  0.021       44
150:     0.188  0.473  0.043  0.237  0.059       80
151:     0.154  0.457  0.069  0.250  0.071       49
152:     0.182  0.332  0.232  0.141  0.113       34
153:     0.361  0.168  0.173  0.226  0.072      100
--------------------------------------------

 Rep#:   Lambda   Alpha      F1    F2    F3    F4    F5     D1,2  D1,3  D1,4  D1,5  D2,3  D2,4  D2,5  D3,4  D3,5  D4,5    Ln Like 
20000:    1.00    0.132    0.015 0.012 0.011 0.012 0.023    0.018 0.025 0.016 0.034 0.017 0.012 0.031 0.014 0.021 0.026   --  
21000:    1.00    0.148    0.016 0.012 0.010 0.011 0.024    0.017 0.025 0.015 0.036 0.017 0.014 0.035 0.016 0.022 0.026   --  
22000:    1.00    0.159    0.014 0.013 0.011 0.012 0.022    0.018 0.025 0.017 0.035 0.017 0.016 0.034 0.016 0.023 0.026   --  
23000:    1.00    0.159    0.015 0.011 0.011 0.013 0.023    0.017 0.026 0.016 0.036 0.019 0.015 0.034 0.017 0.024 0.028   --  
24000:    1.00    0.158    0.016 0.014 0.013 0.013 0.022    0.019 0.027 0.016 0.035 0.018 0.014 0.034 0.015 0.023 0.027   --  
25000:    1.00    0.153    0.014 0.014 0.012 0.010 0.021    0.018 0.027 0.016 0.034 0.019 0.015 0.032 0.015 0.021 0.026   --  
26000:    1.00    0.160    0.015 0.013 0.010 0.011 0.025    0.020 0.027 0.017 0.038 0.018 0.015 0.037 0.016 0.025 0.030   --  
27000:    1.00    0.151    0.016 0.013 0.011 0.012 0.026    0.019 0.028 0.017 0.036 0.018 0.014 0.035 0.016 0.024 0.029   --  
28000:    1.00    0.151    0.016 0.012 0.013 0.012 0.025    0.019 0.028 0.015 0.038 0.018 0.012 0.032 0.015 0.023 0.028   --  
29000:    1.00    0.156    0.013 0.012 0.012 0.014 0.023    0.018 0.025 0.014 0.039 0.016 0.013 0.033 0.016 0.024 0.032   --  

--------------------------------------------
Proportion of membership of each pre-defined
 population in each of the 5 clusters

Given    Inferred Clusters                     Number of
 Pop       1      2      3      4      5      Individuals

  1:     0.240  0.244  0.074  0.191  0.251       45
  2:     0.043  0.029  0.020  0.024  0.884       50
  3:     0.246  0.164  0.107  0.144  0.338       48
  4:     0.244  0.250  0.156  0.110  0.240       50
  5:     0.140  0.485  0.134  0.122  0.119       50
  6:     0.194  0.393  0.134  0.137  0.142       49
  7:     0.143  0.403  0.178  0.172  0.104       43
  8:     0.069  0.650  0.044  0.173  0.064       46
  9:     0.122  0.114  0.099  0.319  0.346       60
 10:     0.112  0.308  0.139  0.252  0.189       38
 11:     0.085  0.727  0.067  0.033  0.087       50
 12:     0.148  0.482  0.126  0.170  0.074       48
 13:     0.184  0.195  0.122  0.247  0.252       50
 14:     0.084  0.098  0.082  0.053  0.683       57
 15:     0.186  0.074  0.079  0.212  0.449       48
 16:     0.040  0.030  0.079  0.024  0.826       48
 17:     0.138  0.191  0.091  0.250  0.329       50
 18:     0.161  0.507  0.174  0.111  0.048       44
 19:     0.179  0.469  0.097  0.137  0.118       50
 20:     0.067  0.694  0.076  0.105  0.058       50
 21:     0.042  0.028  0.046  0.032  0.851       48
 22:     0.192  0.272  0.111  0.196  0.229       50
 23:     0.136  0.432  0.180  0.143  0.109       49
 24:     0.221  0.431  0.070  0.057  0.221       50
 25:     0.129  0.418  0.140  0.195  0.118       50
 26:     0.123  0.427  0.153  0.174  0.123       50
 27:     0.131  0.087  0.124  0.136  0.522       55
 28:     0.091  0.146  0.049  0.135  0.579       50
 29:     0.250  0.257  0.117  0.294  0.082      108
 30:     0.263  0.262  0.093  0.275  0.107      109
 31:     0.143  0.500  0.146  0.142  0.068       49
 32:     0.197  0.301  0.122  0.171  0.209       50
 33:     0.113  0.174  0.174  0.236  0.303       50
 34:     0.136  0.106  0.160  0.069  0.530       50
 35:     0.200  0.197  0.051  0.134  0.416       50
 36:     0.239  0.457  0.137  0.083  0.085       39
 37:     0.114  0.411  0.202  0.147  0.127       47
 38:     0.198  0.428  0.114  0.146  0.113       67
 39:     0.151  0.486  0.072  0.185  0.105       34
 40:     0.121  0.513  0.124  0.142  0.100       58
 41:     0.226  0.249  0.189  0.166  0.170       86
 42:     0.289  0.350  0.118  0.143  0.100       44
 43:     0.135  0.572  0.089  0.126  0.078       44
 44:     0.082  0.057  0.136  0.052  0.674       50
 45:     0.153  0.432  0.137  0.135  0.142       35
 46:     0.237  0.237  0.149  0.131  0.246       50
 47:     0.137  0.384  0.164  0.151  0.164       36
 48:     0.173  0.103  0.096  0.076  0.553       53
 49:     0.039  0.076  0.099  0.033  0.753       57
 50:     0.109  0.155  0.135  0.079  0.522       49
 51:     0.248  0.167  0.094  0.214  0.277       42
 52:     0.092  0.401  0.190  0.163  0.154       50
 53:     0.177  0.384  0.063  0.327  0.050       50
 54:     0.266  0.143  0.062  0.426  0.103       44
 55:     0.246  0.304  0.120  0.260  0.070       50
 56:     0.147  0.142  0.048  0.637  0.025       30
 57:     0.279  0.273  0.148  0.235  0.064       50
 58:     0.239  0.269  0.091  0.306  0.095       50
 59:     0.257  0.313  0.040  0.311  0.079       33
 60:     0.118  0.445  0.158  0.218  0.062        9
 61:     0.203  0.260  0.099  0.357  0.082       50
 62:     0.389  0.170  0.087  0.303  0.050       32
 63:     0.349  0.158  0.098  0.336  0.059       50
 64:     0.185  0.309  0.087  0.388  0.031       50
 65:     0.201  0.087  0.068  0.552  0.093       29
 66:     0.268  0.267  0.101  0.278  0.086       50
 67:     0.116  0.390  0.070  0.354  0.070       31
 68:     0.237  0.340  0.077  0.294  0.052       27
 69:     0.228  0.271  0.094  0.304  0.103       20
 70:     0.299  0.239  0.068  0.306  0.088       50
 71:     0.170  0.454  0.148  0.084  0.143       50
 72:     0.164  0.179  0.094  0.451  0.112       37
 73:     0.087  0.098  0.103  0.075  0.637       81
 74:     0.103  0.087  0.622  0.058  0.131       50
 75:     0.180  0.242  0.257  0.218  0.103       50
 76:     0.087  0.160  0.481  0.101  0.171       89
 77:     0.143  0.107  0.371  0.209  0.170      100
 78:     0.071  0.038  0.167  0.061  0.663       94
 79:     0.131  0.208  0.327  0.132  0.203      100
 80:     0.101  0.083  0.611  0.054  0.151       50
 81:     0.114  0.195  0.460  0.121  0.110      100
 82:     0.154  0.214  0.239  0.274  0.119       98
 83:     0.083  0.061  0.669  0.083  0.104       50
 84:     0.041  0.056  0.069  0.054  0.780       99
 85:     0.164  0.184  0.295  0.203  0.153       99
 86:     0.127  0.111  0.558  0.102  0.102      100
 87:     0.092  0.111  0.624  0.107  0.065      100
 88:     0.095  0.078  0.606  0.089  0.133      100
 89:     0.148  0.153  0.348  0.179  0.172       99
 90:     0.104  0.149  0.451  0.120  0.176       48
 91:     0.086  0.150  0.096  0.043  0.626       28
 92:     0.067  0.080  0.552  0.143  0.158       50
 93:     0.074  0.084  0.585  0.084  0.172      100
 94:     0.104  0.117  0.594  0.083  0.101       50
 95:     0.088  0.100  0.076  0.086  0.650       41
 96:     0.135  0.128  0.478  0.120  0.139       81
 97:     0.078  0.117  0.514  0.135  0.157       50
 98:     0.098  0.179  0.424  0.225  0.074      100
 99:     0.190  0.179  0.354  0.166  0.111       89
100:     0.083  0.245  0.298  0.266  0.107       98
101:     0.123  0.122  0.336  0.158  0.262      100
102:     0.015  0.021  0.026  0.899  0.039       95
103:     0.185  0.280  0.255  0.205  0.075       50
104:     0.123  0.106  0.527  0.122  0.122       70
105:     0.088  0.076  0.087  0.055  0.693      100
106:     0.103  0.106  0.506  0.170  0.115       50
107:     0.075  0.143  0.538  0.123  0.121      100
108:     0.068  0.172  0.537  0.102  0.120       50
109:     0.160  0.167  0.330  0.187  0.157      100
110:     0.081  0.081  0.126  0.056  0.656       41
111:     0.094  0.064  0.109  0.075  0.657      100
112:     0.069  0.246  0.447  0.110  0.128       50
113:     0.064  0.108  0.595  0.155  0.078       97
114:     0.086  0.073  0.140  0.121  0.579      100
115:     0.099  0.069  0.558  0.075  0.199       49
116:     0.079  0.143  0.515  0.098  0.164      100
117:     0.143  0.093  0.369  0.150  0.246       50
118:     0.091  0.159  0.515  0.100  0.135      100
119:     0.116  0.236  0.317  0.156  0.176       90
120:     0.228  0.225  0.162  0.209  0.175       70
121:     0.074  0.543  0.131  0.170  0.083       82
122:     0.076  0.105  0.066  0.644  0.109       66
123:     0.118  0.555  0.110  0.170  0.046       28
124:     0.819  0.071  0.017  0.011  0.081       44
125:     0.751  0.063  0.065  0.065  0.056       60
126:     0.760  0.057  0.026  0.081  0.075       83
127:     0.756  0.072  0.041  0.093  0.039       49
128:     0.768  0.043  0.052  0.089  0.049       84
129:     0.502  0.162  0.094  0.174  0.068       53
130:     0.677  0.117  0.048  0.118  0.040       58
131:     0.629  0.088  0.047  0.169  0.068       78
132:     0.657  0.088  0.082  0.114  0.058       59
133:     0.692  0.026  0.050  0.150  0.083       41
134:     0.441  0.097  0.127  0.233  0.102       42
135:     0.398  0.126  0.047  0.341  0.087       30
136:     0.560  0.105  0.044  0.247  0.044       53
137:     0.119  0.417  0.190  0.162  0.112       58
138:     0.171  0.290  0.178  0.248  0.113       84
139:     0.093  0.275  0.050  0.507  0.074       81
140:     0.040  0.808  0.052  0.059  0.040       30
141:     0.112  0.570  0.115  0.136  0.067       37
142:     0.120  0.446  0.078  0.315  0.041       46
143:     0.108  0.161  0.095  0.559  0.077       55
144:     0.144  0.210  0.127  0.474  0.046       52
145:     0.095  0.298  0.099  0.474  0.034       73
146:     0.194  0.200  0.073  0.458  0.074       73
147:     0.180  0.294  0.071  0.406  0.050       53
148:     0.200  0.213  0.119  0.415  0.052       52
149:     0.108  0.447  0.115  0.309  0.022       44
150:     0.146  0.293  0.102  0.385  0.073       80
151:     0.185  0.313  0.088  0.363  0.052       49
152:     0.183  0.326  0.220  0.124  0.147       34
153:     0.338  0.174  0.220  0.166  0.101      100
--------------------------------------------

 Rep#:   Lambda   Alpha      F1    F2    F3    F4    F5     D1,2  D1,3  D1,4  D1,5  D2,3  D2,4  D2,5  D3,4  D3,5  D4,5    Ln Like 
30000:    1.00    0.164    0.018 0.013 0.012 0.015 0.024    0.018 0.027 0.017 0.037 0.015 0.011 0.027 0.017 0.024 0.033   --  
31000:    1.00    0.156    0.017 0.013 0.012 0.014 0.023    0.017 0.027 0.017 0.040 0.013 0.010 0.028 0.016 0.026 0.037   --  
32000:    1.00    0.155    0.018 0.016 0.012 0.014 0.025    0.016 0.026 0.017 0.038 0.016 0.011 0.028 0.018 0.024 0.035   --  
33000:    1.00    0.143    0.017 0.014 0.013 0.012 0.022    0.017 0.027 0.017 0.037 0.016 0.011 0.028 0.018 0.024 0.035   --  
34000:    1.00    0.150    0.016 0.015 0.012 0.016 0.024    0.016 0.026 0.017 0.035 0.016 0.010 0.028 0.017 0.022 0.033   --  
35000:    1.00    0.154    0.017 0.014 0.013 0.014 0.022    0.018 0.027 0.017 0.037 0.016 0.011 0.026 0.017 0.024 0.034   --  
36000:    1.00    0.156    0.017 0.013 0.012 0.014 0.028    0.015 0.026 0.016 0.036 0.016 0.010 0.027 0.018 0.022 0.033   --  
