This is a job step 13


----------------------------------------------------
STRUCTURE by Pritchard, Stephens and Donnelly (2000)
     and Falush, Stephens and Pritchard (2003)
       Code by Pritchard, Falush and Hubisz
             Version 2.3.4 (Jul 2012)
----------------------------------------------------


Reading file "/global/home/hpc3579/Salmon-Project/STRUCTURE/mainparamsfiles/mainparamsbigfile".
datafile is
/global/home/hpc3579/Salmon-Project/FileConversions/bigfilestruc.str
Reading file "/global/home/hpc3579/Salmon-Project/STRUCTURE/extraparams_bigfile".
Note: RANDOMIZE is set to 1. The random number generator will be initialized using the system clock, ignoring any specified value of SEED.
Reading file "/global/home/hpc3579/Salmon-Project/FileConversions/bigfilestruc.str".


Data file "/global/home/hpc3579/Salmon-Project/FileConversions/bigfilestruc.str" (truncated) --

Ind:   Label Pop : Genotype_data . . . .
  1: QC-ANG-01    1  :110 167 287 296 254 146 173  . . . . 291
  1: QC-ANG-01    1  :110 179 295 312 358 210 175  . . . . 315
  2: QC-ANG-11    1  :130 171 291 312 322 210 193  . . . . 283
  2: QC-ANG-11    1  :130 175 303 336 338 242 199  . . . . 303
  3: QC-ANG-12    1  :106 175 279 312 278 198 171  . . . . 315
  3: QC-ANG-12    1  :130 191 307 372 342 210 201  . . . . 319
  4: QC-ANG-13    1  :128 159 291 320 314 214 159  . . . . 287
  4: QC-ANG-13    1  :128 167 295 344 326 254 201  . . . . 315

      *******   

9141: US-NA11574  153  :122 203 283 312 254 198 173  . . . . 303
9141: US-NA11574  153  :128 203 303 340 290 206 173  . . . . 307
9142: US-NA11575  153  :122 167 283 300 254 214 173  . . . . 295
9142: US-NA11575  153  :128 167 303 336 290 298 173  . . . . 339

Number of alleles per locus: min=15; ave=39.8; max=91


--------------------------------------

Finished initialization; starting MCMC 
1000000 iterations + 100000 burnin


--------------------------------------------
Proportion of membership of each pre-defined
 population in each of the 13 clusters

Given    Inferred Clusters                                                                             Number of
 Pop       1      2      3      4      5      6      7      8      9     10     11     12     13      Individuals

  1:     0.045  0.057  0.027  0.135  0.030  0.304  0.064  0.045  0.071  0.074  0.053  0.046  0.049       45
  2:     0.029  0.021  0.023  0.027  0.045  0.032  0.024  0.023  0.023  0.023  0.030  0.021  0.679       50
  3:     0.037  0.070  0.062  0.066  0.098  0.225  0.085  0.067  0.068  0.044  0.041  0.054  0.083       48
  4:     0.082  0.064  0.055  0.059  0.078  0.186  0.041  0.090  0.057  0.058  0.047  0.108  0.076       50
  5:     0.086  0.073  0.053  0.053  0.111  0.059  0.059  0.048  0.241  0.080  0.075  0.042  0.020       50
  6:     0.059  0.080  0.038  0.042  0.114  0.071  0.043  0.053  0.224  0.072  0.083  0.076  0.046       49
  7:     0.056  0.070  0.057  0.057  0.084  0.115  0.066  0.068  0.161  0.038  0.146  0.039  0.044       43
  8:     0.139  0.046  0.055  0.073  0.045  0.060  0.026  0.028  0.327  0.033  0.070  0.051  0.048       46
  9:     0.040  0.059  0.046  0.071  0.052  0.278  0.088  0.119  0.044  0.059  0.055  0.043  0.046       60
 10:     0.084  0.091  0.035  0.059  0.104  0.112  0.051  0.054  0.146  0.063  0.080  0.042  0.078       38
 11:     0.146  0.060  0.057  0.056  0.099  0.056  0.025  0.059  0.244  0.039  0.052  0.060  0.047       50
 12:     0.098  0.067  0.072  0.041  0.097  0.215  0.048  0.068  0.078  0.043  0.076  0.031  0.067       48
 13:     0.053  0.097  0.061  0.037  0.084  0.185  0.044  0.083  0.107  0.060  0.034  0.088  0.066       50
 14:     0.055  0.053  0.051  0.050  0.066  0.102  0.047  0.052  0.060  0.048  0.045  0.058  0.312       57
 15:     0.037  0.095  0.035  0.036  0.070  0.171  0.079  0.093  0.079  0.062  0.037  0.075  0.130       48
 16:     0.030  0.038  0.034  0.027  0.036  0.057  0.029  0.040  0.028  0.056  0.032  0.022  0.571       48
 17:     0.027  0.086  0.072  0.036  0.041  0.209  0.046  0.111  0.068  0.063  0.086  0.058  0.098       50
 18:     0.068  0.093  0.126  0.061  0.095  0.048  0.035  0.071  0.151  0.048  0.085  0.059  0.057       44
 19:     0.101  0.068  0.047  0.065  0.113  0.210  0.031  0.114  0.085  0.033  0.030  0.049  0.054       50
 20:     0.090  0.061  0.025  0.076  0.046  0.071  0.043  0.045  0.382  0.031  0.057  0.028  0.044       50
 21:     0.015  0.052  0.049  0.030  0.057  0.032  0.041  0.060  0.032  0.030  0.024  0.024  0.553       48
 22:     0.088  0.046  0.045  0.030  0.126  0.175  0.041  0.048  0.101  0.051  0.079  0.080  0.089       50
 23:     0.058  0.071  0.079  0.067  0.115  0.054  0.067  0.083  0.187  0.058  0.051  0.073  0.038       49
 24:     0.071  0.042  0.031  0.061  0.126  0.202  0.035  0.057  0.084  0.084  0.072  0.070  0.064       50
 25:     0.061  0.096  0.067  0.056  0.120  0.050  0.041  0.037  0.252  0.099  0.059  0.038  0.024       50
 26:     0.101  0.090  0.048  0.072  0.097  0.081  0.062  0.081  0.127  0.055  0.049  0.064  0.073       50
 27:     0.032  0.102  0.050  0.051  0.095  0.088  0.049  0.037  0.041  0.050  0.068  0.059  0.277       55
 28:     0.058  0.084  0.053  0.057  0.059  0.197  0.050  0.068  0.072  0.031  0.052  0.055  0.165       50
 29:     0.072  0.072  0.050  0.061  0.093  0.056  0.057  0.100  0.110  0.054  0.132  0.093  0.048      108
 30:     0.058  0.066  0.044  0.099  0.067  0.083  0.044  0.108  0.087  0.062  0.142  0.089  0.049      109
 31:     0.078  0.069  0.058  0.040  0.083  0.089  0.041  0.073  0.276  0.066  0.047  0.042  0.038       49
 32:     0.082  0.069  0.063  0.091  0.118  0.202  0.028  0.063  0.073  0.035  0.072  0.052  0.053       50
 33:     0.077  0.142  0.057  0.044  0.061  0.212  0.111  0.036  0.050  0.091  0.028  0.043  0.048       50
 34:     0.039  0.109  0.071  0.061  0.132  0.109  0.042  0.051  0.052  0.061  0.026  0.078  0.170       50
 35:     0.041  0.080  0.037  0.071  0.050  0.222  0.040  0.104  0.079  0.031  0.025  0.111  0.109       50
 36:     0.057  0.065  0.047  0.051  0.065  0.184  0.027  0.108  0.154  0.044  0.062  0.093  0.044       39
 37:     0.090  0.067  0.082  0.071  0.114  0.084  0.055  0.085  0.165  0.055  0.044  0.035  0.052       47
 38:     0.061  0.033  0.043  0.081  0.161  0.081  0.059  0.071  0.132  0.099  0.068  0.066  0.046       67
 39:     0.163  0.036  0.046  0.026  0.082  0.192  0.036  0.137  0.084  0.051  0.064  0.041  0.042       34
 40:     0.118  0.100  0.056  0.054  0.080  0.054  0.082  0.063  0.198  0.042  0.047  0.043  0.063       58
 41:     0.057  0.109  0.048  0.035  0.121  0.159  0.061  0.070  0.130  0.043  0.046  0.059  0.062       86
 42:     0.090  0.087  0.073  0.088  0.139  0.075  0.023  0.067  0.158  0.051  0.060  0.047  0.041       44
 43:     0.113  0.055  0.068  0.049  0.056  0.037  0.035  0.027  0.411  0.032  0.058  0.025  0.033       44
 44:     0.054  0.088  0.039  0.065  0.071  0.114  0.055  0.035  0.035  0.047  0.068  0.083  0.246       50
 45:     0.095  0.068  0.055  0.026  0.098  0.076  0.050  0.057  0.169  0.072  0.130  0.046  0.059       35
 46:     0.059  0.051  0.078  0.093  0.053  0.217  0.041  0.102  0.063  0.024  0.060  0.062  0.099       50
 47:     0.071  0.061  0.079  0.040  0.077  0.201  0.031  0.106  0.066  0.050  0.118  0.031  0.069       36
 48:     0.062  0.091  0.041  0.052  0.083  0.153  0.025  0.070  0.046  0.060  0.045  0.061  0.210       53
 49:     0.047  0.081  0.042  0.041  0.047  0.054  0.032  0.030  0.060  0.051  0.048  0.037  0.431       57
 50:     0.060  0.125  0.040  0.057  0.109  0.059  0.036  0.042  0.073  0.089  0.045  0.044  0.220       49
 51:     0.064  0.091  0.039  0.079  0.060  0.244  0.101  0.073  0.042  0.022  0.023  0.073  0.088       42
 52:     0.053  0.074  0.058  0.090  0.133  0.081  0.053  0.051  0.198  0.057  0.070  0.028  0.054       50
 53:     0.097  0.037  0.013  0.072  0.048  0.061  0.062  0.033  0.094  0.053  0.312  0.070  0.050       50
 54:     0.067  0.062  0.037  0.050  0.099  0.053  0.050  0.192  0.053  0.041  0.166  0.076  0.054       44
 55:     0.086  0.078  0.051  0.079  0.095  0.081  0.037  0.092  0.110  0.044  0.106  0.091  0.051       50
 56:     0.028  0.035  0.025  0.025  0.020  0.015  0.038  0.028  0.027  0.011  0.673  0.029  0.045       30
 57:     0.061  0.112  0.048  0.082  0.128  0.087  0.034  0.115  0.067  0.051  0.086  0.072  0.056       50
 58:     0.061  0.058  0.046  0.076  0.120  0.116  0.037  0.065  0.103  0.041  0.140  0.099  0.036       50
 59:     0.091  0.065  0.023  0.059  0.045  0.047  0.055  0.116  0.093  0.035  0.216  0.118  0.036       33
 60:     0.056  0.050  0.042  0.074  0.130  0.064  0.043  0.186  0.190  0.035  0.083  0.036  0.013        9
 61:     0.041  0.080  0.029  0.090  0.117  0.052  0.041  0.114  0.098  0.056  0.174  0.076  0.033       50
 62:     0.042  0.044  0.052  0.094  0.052  0.189  0.026  0.099  0.047  0.022  0.267  0.041  0.025       32
 63:     0.045  0.038  0.041  0.115  0.103  0.080  0.029  0.069  0.094  0.057  0.213  0.058  0.060       50
 64:     0.055  0.049  0.051  0.079  0.067  0.047  0.043  0.089  0.063  0.040  0.330  0.058  0.029       50
 65:     0.021  0.046  0.031  0.032  0.020  0.019  0.026  0.042  0.031  0.047  0.557  0.069  0.059       29
 66:     0.059  0.066  0.072  0.089  0.075  0.084  0.044  0.098  0.157  0.018  0.123  0.077  0.038       50
 67:     0.044  0.078  0.134  0.049  0.111  0.073  0.062  0.065  0.091  0.032  0.178  0.060  0.022       31
 68:     0.048  0.081  0.109  0.079  0.081  0.106  0.032  0.122  0.076  0.053  0.139  0.048  0.026       27
 69:     0.101  0.037  0.064  0.100  0.083  0.072  0.037  0.133  0.070  0.031  0.089  0.133  0.051       20
 70:     0.075  0.075  0.044  0.056  0.043  0.060  0.052  0.132  0.093  0.056  0.191  0.093  0.031       50
 71:     0.070  0.082  0.069  0.029  0.117  0.096  0.029  0.080  0.227  0.035  0.048  0.062  0.057       50
 72:     0.073  0.056  0.040  0.052  0.102  0.062  0.044  0.085  0.044  0.042  0.273  0.087  0.040       37
 73:     0.067  0.106  0.056  0.043  0.057  0.073  0.034  0.046  0.052  0.065  0.025  0.062  0.314       81
 74:     0.020  0.169  0.096  0.070  0.069  0.063  0.050  0.034  0.037  0.269  0.026  0.044  0.053       50
 75:     0.059  0.094  0.131  0.052  0.092  0.034  0.041  0.101  0.088  0.092  0.080  0.089  0.047       50
 76:     0.081  0.111  0.083  0.075  0.119  0.070  0.041  0.041  0.060  0.134  0.054  0.058  0.072       89
 77:     0.058  0.108  0.191  0.064  0.149  0.040  0.073  0.103  0.032  0.067  0.022  0.048  0.046      100
 78:     0.046  0.075  0.060  0.053  0.067  0.061  0.054  0.037  0.031  0.070  0.028  0.041  0.377       94
 79:     0.062  0.108  0.066  0.035  0.111  0.164  0.048  0.037  0.092  0.110  0.047  0.045  0.076      100
 80:     0.019  0.158  0.112  0.029  0.100  0.057  0.042  0.025  0.030  0.262  0.042  0.055  0.070       50
 81:     0.115  0.101  0.080  0.047  0.140  0.048  0.056  0.069  0.061  0.151  0.037  0.063  0.030      100
 82:     0.099  0.107  0.128  0.065  0.104  0.066  0.038  0.092  0.053  0.064  0.082  0.050  0.052       98
 83:     0.028  0.039  0.565  0.044  0.045  0.018  0.046  0.033  0.057  0.031  0.047  0.026  0.022       50
 84:     0.054  0.040  0.039  0.030  0.029  0.049  0.034  0.029  0.049  0.057  0.027  0.025  0.538       99
 85:     0.083  0.086  0.139  0.097  0.101  0.072  0.073  0.071  0.054  0.056  0.061  0.062  0.044       99
 86:     0.047  0.471  0.063  0.030  0.036  0.029  0.038  0.062  0.033  0.103  0.022  0.020  0.046      100
 87:     0.079  0.071  0.119  0.050  0.038  0.027  0.082  0.058  0.077  0.282  0.036  0.045  0.036      100
 88:     0.059  0.096  0.090  0.056  0.076  0.046  0.045  0.065  0.033  0.280  0.036  0.059  0.057      100
 89:     0.095  0.133  0.103  0.058  0.062  0.072  0.069  0.062  0.067  0.082  0.060  0.076  0.064       99
 90:     0.060  0.140  0.050  0.038  0.079  0.036  0.067  0.031  0.056  0.216  0.067  0.062  0.099       48
 91:     0.048  0.082  0.021  0.073  0.078  0.141  0.020  0.055  0.038  0.054  0.034  0.031  0.326       28
 92:     0.016  0.122  0.056  0.044  0.090  0.064  0.080  0.050  0.048  0.269  0.048  0.044  0.068       50
 93:     0.045  0.060  0.041  0.042  0.077  0.024  0.045  0.029  0.032  0.458  0.035  0.040  0.074      100
 94:     0.050  0.125  0.118  0.084  0.080  0.079  0.022  0.028  0.046  0.248  0.045  0.034  0.043       50
 95:     0.040  0.050  0.065  0.048  0.058  0.121  0.056  0.059  0.053  0.039  0.074  0.043  0.293       41
 96:     0.067  0.114  0.090  0.094  0.080  0.054  0.068  0.053  0.059  0.183  0.047  0.059  0.032       81
 97:     0.073  0.112  0.104  0.063  0.099  0.051  0.060  0.063  0.023  0.250  0.039  0.025  0.037       50
 98:     0.049  0.041  0.466  0.060  0.049  0.034  0.036  0.026  0.042  0.041  0.070  0.050  0.036      100
 99:     0.047  0.084  0.088  0.075  0.101  0.066  0.050  0.054  0.103  0.119  0.060  0.096  0.057       89
100:     0.195  0.063  0.136  0.094  0.041  0.064  0.056  0.069  0.053  0.086  0.046  0.043  0.052       98
101:     0.056  0.066  0.106  0.057  0.114  0.069  0.053  0.071  0.086  0.131  0.038  0.052  0.102      100
102:     0.024  0.012  0.020  0.020  0.018  0.013  0.817  0.013  0.011  0.020  0.014  0.009  0.008       95
103:     0.037  0.136  0.165  0.054  0.075  0.098  0.029  0.110  0.119  0.046  0.061  0.034  0.037       50
104:     0.046  0.077  0.199  0.028  0.081  0.049  0.041  0.051  0.054  0.192  0.035  0.066  0.081       70
105:     0.052  0.055  0.044  0.034  0.092  0.070  0.058  0.060  0.047  0.084  0.041  0.060  0.304      100
106:     0.074  0.073  0.140  0.036  0.044  0.056  0.063  0.063  0.074  0.218  0.050  0.060  0.050       50
107:     0.065  0.111  0.230  0.047  0.076  0.050  0.069  0.044  0.067  0.083  0.056  0.044  0.058      100
108:     0.034  0.102  0.060  0.080  0.047  0.032  0.030  0.017  0.315  0.124  0.038  0.055  0.068       50
109:     0.042  0.103  0.080  0.083  0.121  0.068  0.057  0.069  0.062  0.105  0.067  0.083  0.060      100
110:     0.040  0.054  0.060  0.044  0.050  0.104  0.055  0.061  0.062  0.057  0.033  0.044  0.337       41
111:     0.049  0.064  0.061  0.045  0.058  0.147  0.042  0.044  0.041  0.079  0.026  0.046  0.298      100
112:     0.036  0.098  0.054  0.099  0.137  0.049  0.032  0.044  0.098  0.166  0.087  0.042  0.058       50
113:     0.024  0.082  0.313  0.051  0.055  0.040  0.073  0.054  0.044  0.128  0.075  0.031  0.029       97
114:     0.038  0.064  0.051  0.065  0.083  0.087  0.064  0.044  0.049  0.061  0.051  0.060  0.283      100
115:     0.047  0.056  0.106  0.046  0.052  0.040  0.066  0.043  0.045  0.334  0.038  0.044  0.083       49
116:     0.049  0.099  0.099  0.057  0.070  0.067  0.064  0.060  0.048  0.201  0.040  0.070  0.075      100
117:     0.059  0.074  0.178  0.074  0.124  0.081  0.051  0.040  0.035  0.076  0.031  0.077  0.099       50
118:     0.049  0.149  0.105  0.079  0.158  0.051  0.038  0.035  0.085  0.095  0.051  0.047  0.059      100
119:     0.086  0.103  0.112  0.072  0.089  0.053  0.067  0.051  0.042  0.118  0.078  0.068  0.061       90
120:     0.079  0.071  0.044  0.072  0.099  0.066  0.027  0.136  0.121  0.053  0.094  0.072  0.066       70
121:     0.149  0.072  0.032  0.306  0.035  0.078  0.034  0.111  0.028  0.044  0.051  0.030  0.029       82
122:     0.022  0.022  0.022  0.016  0.026  0.029  0.019  0.722  0.020  0.027  0.017  0.027  0.032       66
123:     0.659  0.038  0.021  0.022  0.009  0.005  0.017  0.058  0.012  0.062  0.040  0.031  0.025       28
124:     0.040  0.069  0.025  0.017  0.041  0.054  0.014  0.083  0.033  0.033  0.037  0.541  0.013       44
125:     0.067  0.045  0.031  0.041  0.033  0.087  0.026  0.079  0.029  0.025  0.052  0.462  0.023       60
126:     0.047  0.031  0.028  0.048  0.054  0.045  0.025  0.083  0.032  0.028  0.049  0.496  0.036       83
127:     0.042  0.073  0.039  0.050  0.040  0.031  0.050  0.074  0.033  0.047  0.056  0.413  0.053       49
128:     0.041  0.031  0.037  0.048  0.037  0.079  0.045  0.040  0.036  0.032  0.055  0.497  0.023       84
129:     0.021  0.115  0.038  0.052  0.062  0.097  0.071  0.061  0.059  0.038  0.132  0.222  0.033       53
130:     0.067  0.058  0.025  0.030  0.035  0.040  0.028  0.074  0.048  0.035  0.097  0.437  0.025       58
131:     0.059  0.052  0.030  0.080  0.075  0.065  0.032  0.067  0.042  0.048  0.059  0.366  0.023       78
132:     0.078  0.072  0.034  0.062  0.086  0.032  0.033  0.070  0.055  0.024  0.079  0.350  0.024       59
133:     0.048  0.092  0.042  0.031  0.035  0.051  0.035  0.122  0.056  0.031  0.077  0.354  0.026       41
134:     0.072  0.040  0.052  0.062  0.064  0.052  0.099  0.077  0.029  0.078  0.034  0.307  0.034       42
135:     0.075  0.085  0.065  0.022  0.092  0.017  0.064  0.072  0.065  0.029  0.220  0.158  0.038       30
136:     0.067  0.048  0.038  0.070  0.076  0.055  0.052  0.086  0.075  0.037  0.126  0.257  0.014       53
137:     0.068  0.084  0.069  0.065  0.131  0.066  0.046  0.046  0.207  0.070  0.061  0.040  0.047       58
138:     0.068  0.094  0.069  0.096  0.101  0.068  0.029  0.073  0.151  0.061  0.092  0.049  0.048       84
139:     0.077  0.039  0.041  0.497  0.033  0.036  0.030  0.055  0.049  0.027  0.046  0.040  0.030       81
140:     0.797  0.010  0.016  0.013  0.005  0.013  0.022  0.033  0.017  0.012  0.023  0.024  0.014       30
141:     0.250  0.047  0.091  0.391  0.016  0.024  0.011  0.054  0.021  0.027  0.034  0.021  0.011       37
142:     0.061  0.046  0.040  0.333  0.067  0.048  0.031  0.100  0.044  0.032  0.135  0.037  0.027       46
143:     0.056  0.065  0.047  0.444  0.041  0.018  0.054  0.097  0.045  0.028  0.048  0.025  0.033       55
144:     0.070  0.073  0.055  0.084  0.108  0.057  0.045  0.031  0.040  0.031  0.330  0.057  0.019       52
145:     0.122  0.060  0.032  0.102  0.049  0.045  0.032  0.086  0.102  0.033  0.263  0.048  0.025       73
146:     0.078  0.084  0.047  0.054  0.096  0.042  0.058  0.110  0.103  0.058  0.179  0.060  0.031       73
147:     0.080  0.086  0.055  0.066  0.043  0.038  0.038  0.042  0.081  0.041  0.364  0.040  0.027       53
148:     0.078  0.079  0.076  0.096  0.079  0.045  0.034  0.063  0.062  0.052  0.253  0.056  0.026       52
149:     0.119  0.047  0.073  0.065  0.054  0.045  0.065  0.115  0.166  0.037  0.148  0.050  0.015       44
150:     0.092  0.059  0.048  0.076  0.083  0.054  0.051  0.090  0.062  0.038  0.241  0.053  0.053       80
151:     0.074  0.128  0.058  0.070  0.065  0.056  0.044  0.086  0.085  0.038  0.209  0.062  0.024       49
152:     0.054  0.109  0.054  0.026  0.123  0.072  0.042  0.049  0.195  0.092  0.065  0.069  0.052       34
153:     0.084  0.094  0.073  0.066  0.113  0.058  0.043  0.099  0.058  0.073  0.088  0.114  0.037      100
--------------------------------------------

 Rep#:   Lambda   Alpha      F1    F2    F3    F4    F5    F6    F7    F8    F9    F10    F11    F12    F13     D1,2  D1,3  D1,4  D1,5  D1,6  D1,7  D1,8  D1,9  D1,10  D1,11  D1,12  D1,13  D2,3  D2,4  D2,5  D2,6  D2,7  D2,8  D2,9  D2,10  D2,11  D2,12  D2,13  D3,4  D3,5  D3,6  D3,7  D3,8  D3,9  D3,10  D3,11  D3,12  D3,13  D4,5  D4,6  D4,7  D4,8  D4,9  D4,10  D4,11  D4,12  D4,13  D5,6  D5,7  D5,8  D5,9  D5,10  D5,11  D5,12  D5,13  D6,7  D6,8  D6,9  D6,10  D6,11  D6,12  D6,13  D7,8  D7,9  D7,10  D7,11  D7,12  D7,13  D8,9  D8,10  D8,11  D8,12  D8,13  D9,10  D9,11  D9,12  D9,13  D10,11  D10,12  D10,13  D11,12  D11,13  D12,13    Ln Like 
 1000:    1.00    0.184    0.061 0.012 0.037 0.064 0.004 0.027 0.145 0.047 0.019 0.042 0.036 0.045 0.056    0.038 0.050 0.039 0.028 0.054 0.089 0.043 0.033 0.069 0.038 0.050 0.088 0.029 0.040 0.010 0.030 0.072 0.031 0.022 0.035 0.043 0.044 0.057 0.048 0.023 0.050 0.077 0.049 0.031 0.037 0.046 0.066 0.072 0.034 0.059 0.089 0.047 0.037 0.071 0.035 0.063 0.101 0.021 0.063 0.030 0.013 0.033 0.030 0.037 0.050 0.083 0.045 0.039 0.054 0.057 0.053 0.043 0.077 0.079 0.089 0.082 0.093 0.119 0.049 0.059 0.044 0.039 0.082 0.055 0.031 0.054 0.069 0.071 0.074 0.060 0.047 0.100 0.094   --  
 2000:    1.00    0.129    0.041 0.023 0.027 0.038 0.010 0.039 0.152 0.030 0.023 0.029 0.034 0.033 0.052    0.036 0.043 0.030 0.028 0.049 0.080 0.030 0.033 0.047 0.032 0.039 0.072 0.023 0.034 0.020 0.036 0.081 0.033 0.027 0.028 0.034 0.048 0.051 0.046 0.029 0.043 0.075 0.038 0.030 0.030 0.037 0.059 0.062 0.033 0.051 0.084 0.038 0.032 0.061 0.025 0.053 0.084 0.031 0.071 0.020 0.015 0.033 0.027 0.034 0.046 0.080 0.033 0.043 0.042 0.048 0.056 0.041 0.071 0.082 0.086 0.074 0.087 0.113 0.029 0.041 0.031 0.028 0.057 0.049 0.022 0.040 0.062 0.055 0.059 0.043 0.041 0.078 0.080   --  
 3000:    1.00    0.106    0.039 0.017 0.022 0.039 0.016 0.028 0.128 0.028 0.020 0.026 0.022 0.032 0.045    0.032 0.037 0.028 0.031 0.047 0.085 0.027 0.029 0.042 0.028 0.036 0.068 0.023 0.027 0.026 0.035 0.087 0.037 0.022 0.029 0.029 0.048 0.053 0.035 0.033 0.039 0.076 0.035 0.026 0.024 0.031 0.051 0.057 0.035 0.044 0.083 0.031 0.028 0.049 0.025 0.046 0.075 0.029 0.084 0.026 0.016 0.035 0.030 0.035 0.041 0.087 0.030 0.034 0.040 0.045 0.043 0.038 0.076 0.084 0.084 0.080 0.091 0.117 0.029 0.037 0.029 0.024 0.057 0.040 0.021 0.038 0.049 0.047 0.051 0.045 0.034 0.071 0.071   --  
 4000:    1.00    0.101    0.034 0.018 0.021 0.041 0.021 0.022 0.116 0.031 0.018 0.029 0.023 0.033 0.046    0.031 0.037 0.032 0.031 0.038 0.075 0.027 0.025 0.041 0.028 0.033 0.061 0.018 0.029 0.027 0.032 0.078 0.034 0.020 0.028 0.026 0.044 0.050 0.038 0.034 0.034 0.070 0.036 0.025 0.023 0.033 0.056 0.048 0.043 0.044 0.077 0.037 0.029 0.053 0.025 0.052 0.075 0.027 0.078 0.028 0.019 0.038 0.034 0.035 0.036 0.072 0.028 0.032 0.035 0.039 0.040 0.037 0.068 0.074 0.071 0.071 0.082 0.103 0.025 0.036 0.026 0.025 0.059 0.040 0.016 0.033 0.053 0.046 0.051 0.041 0.032 0.069 0.071   --  
 5000:    1.00    0.090    0.027 0.018 0.019 0.035 0.017 0.026 0.132 0.027 0.018 0.021 0.031 0.034 0.039    0.025 0.028 0.026 0.028 0.032 0.081 0.024 0.021 0.027 0.029 0.034 0.050 0.019 0.030 0.028 0.032 0.087 0.037 0.018 0.023 0.032 0.048 0.045 0.034 0.035 0.029 0.077 0.035 0.023 0.019 0.031 0.050 0.045 0.038 0.040 0.084 0.029 0.027 0.042 0.022 0.041 0.066 0.028 0.089 0.029 0.021 0.034 0.035 0.039 0.036 0.084 0.028 0.032 0.031 0.042 0.045 0.031 0.077 0.085 0.084 0.082 0.096 0.113 0.031 0.035 0.028 0.024 0.054 0.032 0.022 0.040 0.048 0.040 0.045 0.036 0.035 0.068 0.066   --  
 6000:    1.00    0.079    0.023 0.016 0.018 0.035 0.020 0.021 0.155 0.022 0.016 0.024 0.024 0.028 0.040    0.024 0.027 0.027 0.028 0.031 0.088 0.021 0.022 0.029 0.027 0.028 0.044 0.017 0.027 0.029 0.030 0.092 0.030 0.015 0.027 0.024 0.041 0.042 0.034 0.034 0.030 0.085 0.030 0.020 0.022 0.029 0.045 0.041 0.040 0.037 0.091 0.029 0.024 0.047 0.021 0.040 0.062 0.025 0.097 0.029 0.021 0.036 0.035 0.032 0.032 0.088 0.024 0.029 0.032 0.036 0.036 0.031 0.077 0.090 0.089 0.083 0.092 0.110 0.025 0.033 0.024 0.025 0.047 0.037 0.016 0.034 0.044 0.043 0.044 0.033 0.030 0.058 0.056   --  
 7000:    1.00    0.076    0.024 0.017 0.020 0.030 0.020 0.024 0.179 0.021 0.017 0.022 0.021 0.022 0.033    0.022 0.024 0.025 0.029 0.030 0.084 0.021 0.020 0.028 0.027 0.028 0.048 0.020 0.024 0.027 0.028 0.091 0.031 0.016 0.026 0.025 0.040 0.045 0.034 0.033 0.031 0.082 0.029 0.020 0.018 0.030 0.042 0.043 0.040 0.038 0.089 0.030 0.025 0.044 0.021 0.043 0.066 0.029 0.094 0.029 0.020 0.037 0.036 0.034 0.035 0.087 0.025 0.028 0.030 0.037 0.039 0.031 0.079 0.087 0.087 0.087 0.099 0.109 0.025 0.033 0.025 0.022 0.047 0.033 0.021 0.034 0.044 0.041 0.044 0.034 0.029 0.065 0.059   --  
 8000:    1.00    0.070    0.020 0.014 0.019 0.030 0.024 0.023 0.186 0.018 0.020 0.021 0.021 0.028 0.037    0.019 0.023 0.023 0.028 0.026 0.077 0.018 0.018 0.025 0.021 0.028 0.042 0.019 0.025 0.029 0.027 0.087 0.028 0.018 0.023 0.024 0.043 0.041 0.034 0.030 0.030 0.078 0.027 0.021 0.018 0.031 0.043 0.038 0.036 0.032 0.077 0.024 0.026 0.042 0.018 0.039 0.059 0.025 0.089 0.023 0.019 0.036 0.029 0.033 0.036 0.077 0.021 0.028 0.028 0.031 0.036 0.028 0.071 0.084 0.082 0.075 0.087 0.106 0.023 0.029 0.018 0.021 0.045 0.032 0.018 0.035 0.044 0.036 0.043 0.032 0.027 0.058 0.058   --  
 9000:    1.00    0.067    0.026 0.020 0.022 0.031 0.017 0.023 0.130 0.021 0.018 0.018 0.024 0.024 0.040    0.023 0.024 0.024 0.026 0.029 0.079 0.019 0.020 0.027 0.023 0.026 0.048 0.018 0.027 0.026 0.030 0.086 0.029 0.016 0.024 0.020 0.041 0.045 0.034 0.027 0.028 0.080 0.028 0.018 0.019 0.029 0.043 0.040 0.037 0.035 0.086 0.028 0.026 0.044 0.021 0.039 0.066 0.027 0.092 0.023 0.018 0.030 0.027 0.032 0.035 0.082 0.024 0.028 0.030 0.037 0.041 0.030 0.074 0.084 0.082 0.079 0.087 0.111 0.021 0.031 0.021 0.022 0.046 0.031 0.015 0.030 0.045 0.039 0.042 0.030 0.028 0.060 0.062   --  

--------------------------------------------
Proportion of membership of each pre-defined
 population in each of the 13 clusters

Given    Inferred Clusters                                                                             Number of
 Pop       1      2      3      4      5      6      7      8      9     10     11     12     13      Individuals

  1:     0.008  0.042  0.014  0.063  0.055  0.496  0.029  0.118  0.043  0.033  0.065  0.012  0.023       45
  2:     0.008  0.032  0.022  0.007  0.022  0.007  0.008  0.005  0.007  0.007  0.007  0.019  0.848       50
  3:     0.044  0.028  0.071  0.053  0.167  0.322  0.037  0.086  0.029  0.025  0.049  0.005  0.085       48
  4:     0.018  0.033  0.055  0.042  0.238  0.186  0.010  0.123  0.057  0.043  0.063  0.045  0.085       50
  5:     0.055  0.130  0.044  0.020  0.113  0.065  0.031  0.067  0.291  0.062  0.060  0.017  0.045       50
  6:     0.023  0.071  0.026  0.025  0.059  0.163  0.019  0.030  0.304  0.024  0.074  0.117  0.065       49
  7:     0.049  0.072  0.017  0.040  0.104  0.100  0.047  0.064  0.315  0.049  0.053  0.048  0.041       43
  8:     0.109  0.034  0.028  0.115  0.031  0.017  0.010  0.022  0.476  0.031  0.068  0.031  0.028       46
  9:     0.038  0.026  0.018  0.018  0.058  0.661  0.017  0.033  0.034  0.028  0.020  0.021  0.028       60
 10:     0.090  0.081  0.068  0.053  0.123  0.097  0.027  0.107  0.175  0.045  0.053  0.012  0.069       38
 11:     0.079  0.044  0.018  0.056  0.086  0.050  0.011  0.069  0.449  0.044  0.070  0.019  0.005       50
 12:     0.016  0.064  0.017  0.030  0.578  0.029  0.015  0.027  0.061  0.030  0.075  0.032  0.027       48
 13:     0.075  0.044  0.036  0.034  0.140  0.166  0.019  0.097  0.116  0.080  0.068  0.060  0.064       50
 14:     0.072  0.027  0.052  0.041  0.116  0.082  0.026  0.040  0.033  0.046  0.015  0.039  0.411       57
 15:     0.024  0.023  0.068  0.034  0.028  0.502  0.026  0.053  0.037  0.019  0.036  0.052  0.098       48
 16:     0.031  0.020  0.005  0.006  0.010  0.033  0.009  0.014  0.024  0.011  0.013  0.050  0.773       48
 17:     0.067  0.027  0.053  0.026  0.085  0.197  0.061  0.223  0.061  0.035  0.049  0.020  0.095       50
 18:     0.047  0.046  0.053  0.054  0.021  0.031  0.013  0.083  0.331  0.080  0.081  0.117  0.042       44
 19:     0.019  0.030  0.022  0.020  0.678  0.029  0.007  0.026  0.045  0.033  0.044  0.032  0.013       50
 20:     0.087  0.023  0.043  0.061  0.057  0.025  0.001  0.038  0.518  0.027  0.056  0.020  0.044       50
 21:     0.022  0.034  0.006  0.024  0.019  0.007  0.019  0.033  0.018  0.045  0.006  0.011  0.758       48
 22:     0.030  0.044  0.072  0.014  0.366  0.064  0.021  0.063  0.102  0.040  0.049  0.011  0.125       50
 23:     0.058  0.042  0.073  0.012  0.113  0.081  0.013  0.090  0.358  0.031  0.047  0.050  0.034       49
 24:     0.016  0.011  0.010  0.029  0.581  0.040  0.004  0.050  0.059  0.032  0.038  0.075  0.055       50
 25:     0.076  0.169  0.030  0.061  0.106  0.069  0.013  0.035  0.276  0.050  0.029  0.032  0.052       50
 26:     0.037  0.035  0.110  0.076  0.058  0.124  0.029  0.095  0.254  0.057  0.050  0.028  0.046       50
 27:     0.048  0.062  0.153  0.037  0.023  0.042  0.020  0.062  0.008  0.050  0.036  0.098  0.360       55
 28:     0.038  0.018  0.030  0.039  0.010  0.475  0.020  0.040  0.017  0.027  0.018  0.046  0.221       50
 29:     0.070  0.079  0.040  0.056  0.089  0.061  0.026  0.154  0.087  0.023  0.205  0.087  0.023      108
 30:     0.095  0.034  0.049  0.055  0.076  0.066  0.027  0.147  0.101  0.030  0.209  0.085  0.025      109
 31:     0.022  0.068  0.061  0.037  0.070  0.049  0.026  0.047  0.466  0.037  0.046  0.042  0.028       49
 32:     0.047  0.082  0.044  0.072  0.167  0.152  0.030  0.083  0.156  0.025  0.060  0.064  0.018       50
 33:     0.030  0.012  0.046  0.020  0.009  0.659  0.037  0.047  0.025  0.025  0.034  0.016  0.041       50
 34:     0.066  0.059  0.145  0.046  0.017  0.152  0.033  0.091  0.018  0.097  0.024  0.040  0.212       50
 35:     0.097  0.044  0.038  0.040  0.114  0.303  0.011  0.062  0.044  0.010  0.040  0.092  0.106       50
 36:     0.019  0.023  0.036  0.069  0.458  0.064  0.012  0.073  0.076  0.028  0.054  0.059  0.030       39
 37:     0.087  0.141  0.040  0.065  0.112  0.034  0.027  0.072  0.186  0.070  0.055  0.056  0.055       47
 38:     0.022  0.061  0.059  0.055  0.096  0.085  0.042  0.070  0.266  0.079  0.043  0.084  0.037       67
 39:     0.037  0.036  0.014  0.018  0.659  0.033  0.031  0.029  0.030  0.045  0.039  0.009  0.021       34
 40:     0.032  0.102  0.054  0.030  0.103  0.057  0.027  0.045  0.386  0.037  0.058  0.031  0.037       58
 41:     0.029  0.070  0.048  0.043  0.139  0.117  0.026  0.097  0.209  0.060  0.073  0.051  0.039       86
 42:     0.048  0.091  0.050  0.085  0.071  0.071  0.013  0.036  0.239  0.065  0.123  0.062  0.044       44
 43:     0.068  0.056  0.032  0.035  0.051  0.046  0.018  0.026  0.531  0.018  0.042  0.030  0.047       44
 44:     0.050  0.079  0.068  0.052  0.048  0.131  0.020  0.060  0.023  0.048  0.025  0.042  0.354       50
 45:     0.043  0.086  0.030  0.029  0.077  0.063  0.010  0.051  0.280  0.047  0.165  0.066  0.051       35
 46:     0.040  0.071  0.027  0.081  0.175  0.140  0.032  0.110  0.056  0.070  0.055  0.050  0.092       50
 47:     0.044  0.024  0.032  0.008  0.556  0.075  0.009  0.049  0.028  0.019  0.033  0.068  0.055       36
 48:     0.095  0.019  0.044  0.044  0.137  0.237  0.008  0.050  0.030  0.122  0.021  0.040  0.153       53
 49:     0.009  0.007  0.073  0.023  0.035  0.066  0.009  0.023  0.106  0.014  0.037  0.026  0.572       57
 50:     0.070  0.032  0.098  0.046  0.041  0.293  0.010  0.016  0.047  0.083  0.033  0.041  0.191       49
 51:     0.031  0.024  0.044  0.057  0.084  0.404  0.067  0.032  0.044  0.039  0.030  0.083  0.063       42
 52:     0.041  0.054  0.068  0.054  0.066  0.061  0.015  0.029  0.491  0.042  0.036  0.015  0.029       50
 53:     0.051  0.057  0.030  0.068  0.039  0.042  0.013  0.023  0.084  0.025  0.458  0.069  0.041       50
 54:     0.064  0.042  0.020  0.103  0.030  0.049  0.024  0.248  0.043  0.036  0.250  0.076  0.015       44
 55:     0.059  0.050  0.035  0.078  0.051  0.085  0.024  0.102  0.186  0.014  0.177  0.110  0.027       50
 56:     0.012  0.004  0.014  0.012  0.002  0.025  0.018  0.019  0.007  0.027  0.832  0.028  0.001       30
 57:     0.052  0.022  0.038  0.102  0.136  0.077  0.015  0.173  0.074  0.061  0.120  0.093  0.037       50
 58:     0.037  0.080  0.045  0.090  0.110  0.097  0.023  0.099  0.074  0.049  0.168  0.114  0.016       50
 59:     0.022  0.017  0.057  0.088  0.026  0.024  0.041  0.161  0.140  0.017  0.284  0.094  0.029       33
 60:     0.109  0.017  0.119  0.035  0.085  0.048  0.001  0.210  0.210  0.012  0.093  0.012  0.048        9
 61:     0.020  0.031  0.031  0.077  0.058  0.089  0.030  0.241  0.087  0.024  0.220  0.078  0.013       50
 62:     0.035  0.028  0.008  0.032  0.094  0.107  0.008  0.076  0.115  0.015  0.354  0.122  0.006       32
 63:     0.036  0.073  0.018  0.087  0.032  0.063  0.015  0.153  0.068  0.047  0.288  0.092  0.028       50
 64:     0.043  0.051  0.034  0.021  0.039  0.022  0.032  0.044  0.090  0.044  0.524  0.040  0.016       50
 65:     0.033  0.022  0.009  0.006  0.009  0.018  0.024  0.023  0.035  0.010  0.731  0.055  0.024       29
 66:     0.083  0.069  0.026  0.048  0.023  0.068  0.016  0.174  0.104  0.021  0.218  0.121  0.029       50
 67:     0.013  0.121  0.078  0.179  0.055  0.039  0.034  0.043  0.046  0.013  0.343  0.030  0.006       31
 68:     0.022  0.053  0.058  0.098  0.050  0.012  0.041  0.136  0.074  0.038  0.261  0.118  0.039       27
 69:     0.073  0.031  0.028  0.047  0.095  0.104  0.011  0.124  0.147  0.062  0.126  0.147  0.006       20
 70:     0.075  0.034  0.028  0.072  0.099  0.085  0.024  0.209  0.105  0.029  0.174  0.061  0.006       50
 71:     0.042  0.038  0.052  0.051  0.131  0.039  0.020  0.075  0.386  0.012  0.062  0.027  0.067       50
 72:     0.027  0.064  0.012  0.048  0.028  0.068  0.018  0.257  0.045  0.030  0.347  0.029  0.027       37
 73:     0.053  0.017  0.042  0.042  0.061  0.092  0.018  0.057  0.029  0.085  0.021  0.041  0.441       81
 74:     0.031  0.045  0.061  0.009  0.046  0.019  0.032  0.021  0.026  0.543  0.034  0.084  0.048       50
 75:     0.081  0.117  0.057  0.027  0.135  0.024  0.016  0.103  0.089  0.128  0.147  0.040  0.036       50
 76:     0.066  0.191  0.159  0.068  0.051  0.056  0.032  0.051  0.070  0.164  0.017  0.036  0.038       89
 77:     0.523  0.063  0.049  0.027  0.023  0.056  0.026  0.083  0.030  0.030  0.022  0.037  0.031      100
 78:     0.020  0.047  0.066  0.026  0.015  0.084  0.023  0.052  0.023  0.094  0.020  0.026  0.504       94
 79:     0.054  0.088  0.054  0.033  0.441  0.035  0.036  0.025  0.044  0.096  0.016  0.025  0.054      100
 80:     0.026  0.092  0.110  0.018  0.016  0.105  0.016  0.018  0.014  0.469  0.054  0.014  0.048       50
 81:     0.069  0.049  0.078  0.033  0.082  0.064  0.017  0.049  0.047  0.372  0.046  0.068  0.026      100
 82:     0.145  0.153  0.071  0.034  0.044  0.063  0.047  0.119  0.089  0.065  0.074  0.057  0.038       98
 83:     0.081  0.539  0.103  0.016  0.016  0.028  0.043  0.030  0.034  0.075  0.009  0.013  0.013       50
 84:     0.013  0.040  0.051  0.028  0.026  0.039  0.008  0.027  0.013  0.023  0.016  0.010  0.707       99
 85:     0.056  0.176  0.085  0.127  0.064  0.053  0.023  0.118  0.067  0.092  0.036  0.062  0.041       99
 86:     0.070  0.058  0.535  0.031  0.018  0.030  0.023  0.040  0.044  0.053  0.023  0.031  0.044      100
 87:     0.048  0.037  0.527  0.018  0.062  0.039  0.035  0.033  0.025  0.098  0.035  0.023  0.019      100
 88:     0.065  0.146  0.066  0.040  0.034  0.045  0.013  0.033  0.039  0.394  0.019  0.059  0.049      100
 89:     0.134  0.111  0.097  0.037  0.049  0.089  0.066  0.071  0.049  0.136  0.056  0.068  0.039       99
 90:     0.037  0.075  0.134  0.012  0.076  0.022  0.027  0.037  0.073  0.311  0.075  0.047  0.073       48
 91:     0.014  0.027  0.036  0.065  0.085  0.127  0.029  0.061  0.017  0.031  0.041  0.047  0.419       28
 92:     0.019  0.070  0.054  0.035  0.032  0.044  0.045  0.066  0.026  0.482  0.022  0.036  0.069       50
 93:     0.021  0.036  0.049  0.027  0.023  0.035  0.020  0.024  0.045  0.558  0.051  0.030  0.081      100
 94:     0.017  0.134  0.096  0.038  0.025  0.080  0.019  0.043  0.048  0.432  0.033  0.016  0.020       50
 95:     0.037  0.007  0.047  0.047  0.075  0.097  0.027  0.067  0.079  0.039  0.027  0.040  0.411       41
 96:     0.041  0.104  0.080  0.077  0.047  0.053  0.021  0.068  0.060  0.276  0.048  0.075  0.048       81
 97:     0.047  0.154  0.041  0.023  0.056  0.031  0.041  0.080  0.056  0.368  0.027  0.032  0.044       50
 98:     0.036  0.607  0.060  0.036  0.032  0.010  0.023  0.041  0.034  0.029  0.043  0.026  0.022      100
 99:     0.082  0.202  0.072  0.056  0.062  0.064  0.038  0.069  0.073  0.109  0.035  0.092  0.047       89
100:     0.667  0.039  0.033  0.026  0.041  0.023  0.018  0.035  0.032  0.015  0.030  0.020  0.021       98
101:     0.107  0.071  0.110  0.059  0.063  0.108  0.031  0.050  0.036  0.208  0.019  0.039  0.098      100
102:     0.010  0.014  0.010  0.009  0.008  0.012  0.890  0.007  0.006  0.008  0.003  0.010  0.013       95
103:     0.102  0.301  0.101  0.035  0.006  0.100  0.006  0.085  0.054  0.046  0.051  0.066  0.048       50
104:     0.049  0.047  0.486  0.019  0.028  0.019  0.020  0.045  0.026  0.140  0.011  0.043  0.067       70
105:     0.060  0.026  0.041  0.027  0.043  0.093  0.030  0.058  0.047  0.066  0.012  0.050  0.446      100
106:     0.081  0.128  0.120  0.038  0.033  0.038  0.043  0.024  0.030  0.330  0.053  0.046  0.035       50
107:     0.027  0.041  0.650  0.037  0.045  0.026  0.011  0.024  0.014  0.040  0.033  0.021  0.031      100
108:     0.014  0.776  0.008  0.027  0.011  0.013  0.004  0.018  0.046  0.019  0.023  0.008  0.035       50
109:     0.078  0.083  0.129  0.026  0.055  0.031  0.031  0.130  0.127  0.113  0.060  0.080  0.056      100
110:     0.014  0.035  0.018  0.023  0.105  0.136  0.018  0.013  0.028  0.030  0.028  0.045  0.507       41
111:     0.063  0.031  0.063  0.026  0.049  0.141  0.021  0.055  0.024  0.063  0.016  0.048  0.401      100
112:     0.062  0.461  0.063  0.039  0.028  0.029  0.015  0.018  0.050  0.122  0.073  0.013  0.026       50
113:     0.037  0.062  0.603  0.035  0.015  0.035  0.024  0.028  0.049  0.040  0.029  0.008  0.035       97
114:     0.056  0.045  0.073  0.054  0.035  0.118  0.045  0.053  0.029  0.047  0.013  0.055  0.376      100
115:     0.041  0.068  0.080  0.016  0.054  0.070  0.019  0.061  0.012  0.416  0.052  0.034  0.078       49
116:     0.059  0.108  0.083  0.029  0.057  0.059  0.013  0.052  0.051  0.372  0.037  0.038  0.042      100
117:     0.075  0.229  0.138  0.068  0.062  0.081  0.032  0.031  0.057  0.070  0.058  0.042  0.058       50
118:     0.054  0.425  0.082  0.039  0.027  0.045  0.015  0.050  0.061  0.110  0.035  0.027  0.029      100
119:     0.158  0.067  0.105  0.043  0.053  0.096  0.030  0.034  0.052  0.124  0.092  0.083  0.063       90
120:     0.082  0.093  0.036  0.067  0.093  0.090  0.018  0.120  0.109  0.072  0.081  0.084  0.056       70
121:     0.049  0.030  0.015  0.643  0.051  0.014  0.030  0.036  0.031  0.020  0.040  0.025  0.017       82
122:     0.026  0.012  0.022  0.013  0.012  0.004  0.015  0.846  0.008  0.008  0.006  0.014  0.014       66
123:     0.828  0.012  0.004  0.009  0.008  0.003  0.011  0.052  0.010  0.032  0.004  0.021  0.006       28
124:     0.021  0.027  0.005  0.011  0.054  0.018  0.007  0.009  0.019  0.023  0.033  0.717  0.054       44
125:     0.043  0.012  0.018  0.022  0.051  0.054  0.014  0.053  0.020  0.011  0.027  0.646  0.028       60
126:     0.019  0.017  0.023  0.018  0.019  0.034  0.011  0.070  0.032  0.029  0.027  0.679  0.022       83
127:     0.034  0.026  0.016  0.033  0.018  0.030  0.034  0.029  0.013  0.009  0.020  0.703  0.035       49
128:     0.025  0.018  0.011  0.010  0.012  0.018  0.017  0.041  0.026  0.012  0.048  0.752  0.011       84
129:     0.006  0.013  0.054  0.048  0.070  0.071  0.037  0.016  0.130  0.025  0.118  0.395  0.018       53
130:     0.032  0.014  0.049  0.009  0.030  0.023  0.019  0.081  0.090  0.035  0.070  0.534  0.012       58
131:     0.051  0.023  0.028  0.041  0.050  0.036  0.019  0.081  0.037  0.030  0.087  0.494  0.023       78
132:     0.035  0.034  0.071  0.097  0.059  0.025  0.006  0.054  0.039  0.024  0.060  0.487  0.008       59
133:     0.060  0.016  0.009  0.028  0.072  0.056  0.006  0.078  0.059  0.042  0.142  0.420  0.012       41
134:     0.061  0.053  0.067  0.089  0.066  0.033  0.045  0.055  0.022  0.085  0.108  0.287  0.029       42
135:     0.070  0.069  0.061  0.047  0.062  0.079  0.022  0.035  0.035  0.032  0.227  0.254  0.008       30
136:     0.014  0.050  0.043  0.048  0.019  0.028  0.045  0.185  0.082  0.032  0.155  0.276  0.023       53
137:     0.074  0.148  0.047  0.054  0.059  0.089  0.040  0.028  0.247  0.055  0.054  0.039  0.065       58
138:     0.107  0.085  0.029  0.049  0.096  0.063  0.011  0.132  0.209  0.025  0.113  0.047  0.034       84
