This is a job step 11


----------------------------------------------------
STRUCTURE by Pritchard, Stephens and Donnelly (2000)
     and Falush, Stephens and Pritchard (2003)
       Code by Pritchard, Falush and Hubisz
             Version 2.3.4 (Jul 2012)
----------------------------------------------------


Reading file "/global/home/hpc3579/Salmon-Project/STRUCTURE/mainparamsfiles/mainparamsbigfile".
datafile is
/global/home/hpc3579/Salmon-Project/FileConversions/bigfilestruc.str
Reading file "/global/home/hpc3579/Salmon-Project/STRUCTURE/extraparams_bigfile".
Note: RANDOMIZE is set to 1. The random number generator will be initialized using the system clock, ignoring any specified value of SEED.
Reading file "/global/home/hpc3579/Salmon-Project/FileConversions/bigfilestruc.str".


Data file "/global/home/hpc3579/Salmon-Project/FileConversions/bigfilestruc.str" (truncated) --

Ind:   Label Pop : Genotype_data . . . .
  1: QC-ANG-01    1  :110 167 287 296 254 146 173  . . . . 291
  1: QC-ANG-01    1  :110 179 295 312 358 210 175  . . . . 315
  2: QC-ANG-11    1  :130 171 291 312 322 210 193  . . . . 283
  2: QC-ANG-11    1  :130 175 303 336 338 242 199  . . . . 303
  3: QC-ANG-12    1  :106 175 279 312 278 198 171  . . . . 315
  3: QC-ANG-12    1  :130 191 307 372 342 210 201  . . . . 319
  4: QC-ANG-13    1  :128 159 291 320 314 214 159  . . . . 287
  4: QC-ANG-13    1  :128 167 295 344 326 254 201  . . . . 315

      *******   

9141: US-NA11574  153  :122 203 283 312 254 198 173  . . . . 303
9141: US-NA11574  153  :128 203 303 340 290 206 173  . . . . 307
9142: US-NA11575  153  :122 167 283 300 254 214 173  . . . . 295
9142: US-NA11575  153  :128 167 303 336 290 298 173  . . . . 339

Number of alleles per locus: min=15; ave=39.8; max=91


--------------------------------------

Finished initialization; starting MCMC 
1000000 iterations + 100000 burnin


--------------------------------------------
Proportion of membership of each pre-defined
 population in each of the 11 clusters

Given    Inferred Clusters                                                               Number of
 Pop       1      2      3      4      5      6      7      8      9     10     11      Individuals

  1:     0.039  0.042  0.073  0.423  0.055  0.092  0.041  0.035  0.047  0.063  0.089       45
  2:     0.020  0.768  0.028  0.018  0.029  0.035  0.019  0.013  0.023  0.022  0.025       50
  3:     0.047  0.119  0.075  0.325  0.107  0.050  0.075  0.046  0.084  0.047  0.026       48
  4:     0.034  0.118  0.047  0.191  0.115  0.083  0.090  0.111  0.062  0.052  0.097       50
  5:     0.128  0.039  0.048  0.152  0.087  0.212  0.038  0.079  0.077  0.069  0.071       50
  6:     0.113  0.051  0.023  0.066  0.148  0.221  0.102  0.033  0.066  0.056  0.120       49
  7:     0.085  0.035  0.099  0.105  0.195  0.144  0.045  0.111  0.080  0.026  0.076       43
  8:     0.059  0.045  0.015  0.060  0.093  0.403  0.061  0.094  0.045  0.047  0.078       46
  9:     0.039  0.031  0.048  0.659  0.021  0.017  0.017  0.056  0.027  0.037  0.049       60
 10:     0.106  0.048  0.085  0.161  0.152  0.113  0.046  0.080  0.074  0.074  0.061       38
 11:     0.049  0.064  0.040  0.095  0.072  0.291  0.065  0.146  0.027  0.052  0.100       50
 12:     0.052  0.107  0.044  0.169  0.126  0.091  0.053  0.130  0.057  0.041  0.130       48
 13:     0.056  0.099  0.059  0.212  0.098  0.073  0.091  0.048  0.114  0.106  0.044       50
 14:     0.055  0.369  0.060  0.106  0.092  0.044  0.056  0.075  0.052  0.054  0.038       57
 15:     0.100  0.155  0.071  0.343  0.059  0.049  0.071  0.031  0.052  0.041  0.028       48
 16:     0.028  0.741  0.019  0.034  0.040  0.024  0.016  0.016  0.029  0.027  0.025       48
 17:     0.034  0.160  0.054  0.275  0.081  0.036  0.098  0.066  0.094  0.040  0.063       50
 18:     0.060  0.054  0.027  0.092  0.139  0.213  0.060  0.074  0.081  0.100  0.101       44
 19:     0.071  0.048  0.018  0.164  0.188  0.103  0.060  0.117  0.065  0.054  0.113       50
 20:     0.051  0.041  0.031  0.036  0.058  0.502  0.021  0.097  0.063  0.032  0.069       50
 21:     0.035  0.680  0.034  0.046  0.041  0.022  0.039  0.030  0.029  0.019  0.025       48
 22:     0.055  0.121  0.027  0.047  0.283  0.094  0.079  0.086  0.071  0.056  0.080       50
 23:     0.102  0.042  0.030  0.102  0.199  0.136  0.053  0.107  0.055  0.063  0.110       49
 24:     0.029  0.053  0.020  0.169  0.248  0.124  0.076  0.094  0.061  0.073  0.054       50
 25:     0.105  0.046  0.040  0.096  0.191  0.177  0.039  0.093  0.024  0.098  0.091       50
 26:     0.092  0.095  0.087  0.081  0.141  0.148  0.049  0.078  0.094  0.067  0.067       50
 27:     0.075  0.342  0.063  0.051  0.066  0.069  0.095  0.029  0.112  0.049  0.049       55
 28:     0.077  0.199  0.048  0.321  0.047  0.044  0.040  0.072  0.068  0.050  0.035       50
 29:     0.066  0.032  0.045  0.098  0.193  0.073  0.097  0.094  0.075  0.038  0.188      108
 30:     0.052  0.065  0.058  0.083  0.123  0.140  0.073  0.102  0.092  0.065  0.148      109
 31:     0.079  0.035  0.074  0.091  0.154  0.206  0.050  0.102  0.047  0.084  0.076       49
 32:     0.076  0.049  0.050  0.176  0.276  0.087  0.088  0.062  0.061  0.027  0.048       50
 33:     0.082  0.044  0.101  0.435  0.039  0.061  0.020  0.053  0.054  0.075  0.036       50
 34:     0.071  0.214  0.049  0.116  0.077  0.055  0.085  0.043  0.177  0.079  0.034       50
 35:     0.079  0.072  0.067  0.311  0.064  0.050  0.110  0.056  0.125  0.044  0.023       50
 36:     0.052  0.061  0.021  0.125  0.201  0.149  0.129  0.115  0.035  0.045  0.068       39
 37:     0.098  0.054  0.041  0.105  0.154  0.155  0.056  0.074  0.129  0.054  0.081       47
 38:     0.076  0.046  0.031  0.077  0.243  0.214  0.077  0.087  0.046  0.050  0.054       67
 39:     0.055  0.078  0.043  0.123  0.244  0.086  0.033  0.227  0.033  0.045  0.033       34
 40:     0.093  0.056  0.054  0.082  0.126  0.201  0.039  0.119  0.057  0.090  0.083       58
 41:     0.082  0.052  0.058  0.082  0.283  0.085  0.064  0.087  0.078  0.059  0.069       86
 42:     0.081  0.057  0.039  0.095  0.129  0.159  0.101  0.103  0.074  0.064  0.096       44
 43:     0.038  0.019  0.041  0.047  0.075  0.493  0.061  0.091  0.045  0.040  0.050       44
 44:     0.081  0.360  0.059  0.113  0.057  0.047  0.029  0.050  0.042  0.112  0.049       50
 45:     0.039  0.051  0.057  0.073  0.168  0.232  0.049  0.088  0.082  0.053  0.107       35
 46:     0.073  0.069  0.056  0.239  0.109  0.116  0.069  0.089  0.083  0.063  0.034       50
 47:     0.046  0.086  0.026  0.183  0.151  0.060  0.072  0.088  0.063  0.097  0.128       36
 48:     0.045  0.215  0.024  0.131  0.120  0.059  0.093  0.065  0.085  0.113  0.049       53
 49:     0.052  0.541  0.028  0.042  0.038  0.097  0.046  0.037  0.030  0.054  0.036       57
 50:     0.122  0.196  0.031  0.163  0.087  0.044  0.082  0.062  0.095  0.076  0.041       49
 51:     0.049  0.066  0.073  0.332  0.134  0.060  0.089  0.087  0.049  0.034  0.029       42
 52:     0.070  0.055  0.039  0.075  0.183  0.258  0.029  0.092  0.033  0.069  0.096       50
 53:     0.100  0.039  0.045  0.080  0.075  0.121  0.072  0.056  0.057  0.024  0.332       50
 54:     0.047  0.032  0.065  0.104  0.110  0.075  0.110  0.071  0.117  0.048  0.223       44
 55:     0.036  0.033  0.047  0.072  0.116  0.146  0.116  0.099  0.080  0.040  0.216       50
 56:     0.019  0.016  0.048  0.031  0.030  0.042  0.042  0.046  0.018  0.020  0.687       30
 57:     0.065  0.025  0.065  0.075  0.163  0.105  0.121  0.112  0.120  0.048  0.102       50
 58:     0.063  0.026  0.059  0.119  0.168  0.106  0.136  0.095  0.040  0.024  0.165       50
 59:     0.073  0.022  0.086  0.077  0.059  0.193  0.095  0.045  0.108  0.015  0.227       33
 60:     0.019  0.081  0.068  0.048  0.173  0.220  0.018  0.159  0.016  0.030  0.170        9
 61:     0.084  0.040  0.081  0.079  0.144  0.089  0.091  0.080  0.098  0.049  0.167       50
 62:     0.059  0.025  0.030  0.059  0.105  0.098  0.157  0.103  0.081  0.045  0.236       32
 63:     0.084  0.039  0.066  0.113  0.104  0.102  0.136  0.058  0.065  0.050  0.182       50
 64:     0.057  0.020  0.054  0.018  0.050  0.207  0.041  0.060  0.033  0.041  0.419       50
 65:     0.042  0.045  0.075  0.078  0.030  0.041  0.049  0.019  0.024  0.013  0.586       29
 66:     0.071  0.044  0.044  0.086  0.112  0.146  0.102  0.090  0.132  0.021  0.153       50
 67:     0.067  0.034  0.065  0.052  0.084  0.117  0.064  0.101  0.079  0.060  0.276       31
 68:     0.057  0.041  0.054  0.068  0.139  0.113  0.102  0.095  0.119  0.022  0.190       27
 69:     0.079  0.084  0.021  0.081  0.040  0.155  0.084  0.137  0.109  0.059  0.149       20
 70:     0.052  0.032  0.031  0.082  0.074  0.144  0.107  0.080  0.082  0.061  0.255       50
 71:     0.045  0.044  0.029  0.050  0.379  0.118  0.046  0.138  0.043  0.039  0.070       50
 72:     0.085  0.039  0.014  0.110  0.026  0.099  0.083  0.067  0.082  0.064  0.331       37
 73:     0.054  0.355  0.047  0.098  0.100  0.028  0.065  0.068  0.075  0.073  0.038       81
 74:     0.107  0.052  0.042  0.055  0.075  0.032  0.063  0.057  0.077  0.387  0.053       50
 75:     0.162  0.060  0.050  0.043  0.118  0.144  0.065  0.106  0.096  0.053  0.102       50
 76:     0.150  0.053  0.055  0.118  0.085  0.079  0.072  0.086  0.083  0.156  0.063       89
 77:     0.165  0.052  0.062  0.059  0.049  0.048  0.075  0.056  0.312  0.080  0.041      100
 78:     0.043  0.423  0.060  0.066  0.052  0.060  0.039  0.049  0.092  0.081  0.035       94
 79:     0.111  0.047  0.051  0.061  0.349  0.047  0.065  0.061  0.053  0.110  0.044      100
 80:     0.134  0.066  0.043  0.060  0.071  0.043  0.033  0.018  0.124  0.378  0.029       50
 81:     0.063  0.037  0.046  0.076  0.131  0.045  0.092  0.131  0.068  0.272  0.039      100
 82:     0.137  0.036  0.072  0.087  0.115  0.070  0.049  0.117  0.109  0.087  0.121       98
 83:     0.600  0.032  0.063  0.063  0.019  0.029  0.024  0.027  0.037  0.071  0.034       50
 84:     0.044  0.602  0.028  0.056  0.062  0.039  0.032  0.035  0.031  0.039  0.031       99
 85:     0.158  0.037  0.067  0.100  0.128  0.113  0.053  0.090  0.127  0.056  0.070       99
 86:     0.074  0.064  0.062  0.059  0.049  0.053  0.046  0.061  0.373  0.134  0.025      100
 87:     0.084  0.045  0.077  0.057  0.042  0.098  0.042  0.080  0.103  0.336  0.038      100
 88:     0.147  0.071  0.054  0.046  0.104  0.059  0.061  0.040  0.065  0.318  0.036      100
 89:     0.137  0.066  0.095  0.111  0.070  0.065  0.095  0.093  0.091  0.115  0.061       99
 90:     0.099  0.081  0.037  0.042  0.071  0.069  0.051  0.038  0.094  0.356  0.061       48
 91:     0.030  0.415  0.031  0.096  0.083  0.069  0.016  0.102  0.056  0.067  0.035       28
 92:     0.107  0.112  0.097  0.026  0.053  0.078  0.060  0.045  0.096  0.303  0.023       50
 93:     0.044  0.080  0.049  0.036  0.056  0.043  0.049  0.050  0.036  0.511  0.045      100
 94:     0.167  0.070  0.047  0.082  0.076  0.066  0.043  0.039  0.044  0.289  0.076       50
 95:     0.040  0.335  0.046  0.145  0.061  0.061  0.043  0.072  0.113  0.049  0.036       41
 96:     0.165  0.071  0.065  0.060  0.055  0.061  0.050  0.104  0.127  0.197  0.047       81
 97:     0.154  0.075  0.067  0.109  0.077  0.051  0.036  0.057  0.084  0.253  0.037       50
 98:     0.479  0.027  0.052  0.051  0.056  0.051  0.042  0.087  0.040  0.035  0.080      100
 99:     0.157  0.059  0.048  0.072  0.050  0.093  0.117  0.077  0.077  0.156  0.097       89
100:     0.113  0.050  0.086  0.045  0.053  0.067  0.039  0.274  0.123  0.079  0.070       98
101:     0.125  0.101  0.051  0.079  0.094  0.065  0.083  0.068  0.094  0.171  0.070      100
102:     0.013  0.011  0.880  0.010  0.014  0.010  0.013  0.011  0.011  0.012  0.015       95
103:     0.315  0.036  0.017  0.095  0.096  0.074  0.062  0.079  0.083  0.070  0.075       50
104:     0.154  0.065  0.063  0.058  0.058  0.055  0.052  0.056  0.091  0.319  0.030       70
105:     0.049  0.404  0.036  0.090  0.059  0.060  0.056  0.055  0.082  0.072  0.037      100
106:     0.155  0.048  0.084  0.065  0.062  0.053  0.067  0.064  0.071  0.303  0.029       50
107:     0.119  0.070  0.073  0.047  0.053  0.054  0.045  0.060  0.267  0.176  0.035      100
108:     0.677  0.040  0.016  0.033  0.049  0.046  0.016  0.038  0.021  0.033  0.031       50
109:     0.187  0.058  0.054  0.099  0.111  0.066  0.103  0.043  0.087  0.098  0.094      100
110:     0.049  0.440  0.036  0.112  0.057  0.028  0.074  0.048  0.052  0.043  0.061       41
111:     0.083  0.390  0.061  0.095  0.061  0.045  0.052  0.041  0.068  0.061  0.044      100
112:     0.387  0.053  0.027  0.070  0.037  0.089  0.037  0.051  0.045  0.148  0.055       50
113:     0.122  0.046  0.104  0.043  0.075  0.059  0.025  0.061  0.122  0.283  0.060       97
114:     0.084  0.299  0.082  0.132  0.067  0.062  0.057  0.053  0.082  0.050  0.032      100
115:     0.069  0.090  0.050  0.049  0.077  0.038  0.051  0.045  0.125  0.361  0.044       49
116:     0.123  0.080  0.056  0.069  0.075  0.071  0.047  0.052  0.092  0.268  0.067      100
117:     0.265  0.086  0.038  0.080  0.059  0.064  0.066  0.102  0.083  0.108  0.050       50
118:     0.339  0.068  0.027  0.061  0.092  0.056  0.074  0.035  0.070  0.127  0.051      100
119:     0.109  0.056  0.078  0.085  0.060  0.091  0.100  0.114  0.093  0.141  0.073       90
120:     0.103  0.073  0.035  0.122  0.151  0.098  0.064  0.082  0.121  0.072  0.080       70
121:     0.041  0.020  0.050  0.052  0.046  0.037  0.018  0.619  0.037  0.027  0.052       82
122:     0.019  0.028  0.034  0.041  0.031  0.042  0.033  0.045  0.670  0.015  0.041       66
123:     0.006  0.037  0.026  0.021  0.038  0.017  0.020  0.728  0.038  0.060  0.010       28
124:     0.034  0.061  0.013  0.035  0.022  0.041  0.620  0.053  0.053  0.033  0.035       44
125:     0.036  0.072  0.031  0.042  0.035  0.017  0.578  0.080  0.045  0.026  0.038       60
126:     0.039  0.023  0.023  0.037  0.040  0.024  0.610  0.043  0.078  0.030  0.052       83
127:     0.029  0.029  0.020  0.051  0.033  0.040  0.619  0.032  0.052  0.050  0.044       49
128:     0.033  0.021  0.041  0.045  0.057  0.039  0.598  0.041  0.044  0.023  0.057       84
129:     0.044  0.054  0.106  0.042  0.129  0.115  0.315  0.031  0.042  0.029  0.093       53
130:     0.044  0.026  0.043  0.056  0.052  0.033  0.388  0.064  0.078  0.041  0.175       58
131:     0.044  0.032  0.044  0.039  0.046  0.035  0.489  0.093  0.047  0.039  0.092       78
132:     0.033  0.032  0.034  0.048  0.060  0.051  0.447  0.103  0.046  0.064  0.082       59
133:     0.025  0.029  0.051  0.065  0.050  0.055  0.479  0.036  0.111  0.058  0.041       41
134:     0.070  0.044  0.089  0.047  0.078  0.023  0.298  0.112  0.110  0.054  0.074       42
135:     0.058  0.021  0.056  0.060  0.067  0.051  0.216  0.097  0.083  0.026  0.265       30
136:     0.045  0.027  0.051  0.075  0.095  0.077  0.216  0.075  0.079  0.058  0.200       53
137:     0.134  0.074  0.050  0.085  0.112  0.225  0.032  0.072  0.081  0.082  0.053       58
138:     0.064  0.039  0.062  0.052  0.269  0.141  0.081  0.072  0.122  0.035  0.064       84
139:     0.055  0.037  0.052  0.048  0.025  0.470  0.044  0.117  0.052  0.022  0.078       81
140:     0.021  0.015  0.008  0.017  0.024  0.020  0.012  0.820  0.028  0.008  0.029       30
141:     0.084  0.015  0.020  0.049  0.059  0.023  0.051  0.589  0.032  0.025  0.053       37
142:     0.024  0.024  0.036  0.066  0.072  0.268  0.070  0.190  0.061  0.046  0.145       46
143:     0.038  0.020  0.047  0.032  0.060  0.104  0.019  0.069  0.223  0.028  0.358       55
144:     0.056  0.023  0.030  0.032  0.093  0.085  0.095  0.072  0.052  0.042  0.420       52
145:     0.073  0.036  0.036  0.039  0.078  0.121  0.040  0.089  0.040  0.032  0.415       73
146:     0.074  0.038  0.069  0.127  0.058  0.096  0.050  0.070  0.077  0.064  0.278       73
147:     0.092  0.034  0.034  0.050  0.037  0.135  0.043  0.092  0.081  0.041  0.360       53
148:     0.065  0.029  0.018  0.080  0.050  0.127  0.049  0.097  0.067  0.027  0.392       52
149:     0.049  0.019  0.036  0.049  0.107  0.156  0.073  0.106  0.036  0.072  0.297       44
150:     0.086  0.044  0.070  0.052  0.064  0.099  0.072  0.084  0.069  0.035  0.324       80
151:     0.073  0.033  0.044  0.039  0.072  0.110  0.051  0.141  0.062  0.036  0.340       49
152:     0.080  0.062  0.042  0.081  0.150  0.180  0.080  0.071  0.082  0.124  0.048       34
153:     0.075  0.029  0.064  0.084  0.150  0.071  0.111  0.107  0.135  0.085  0.088      100
--------------------------------------------

 Rep#:   Lambda   Alpha      F1    F2    F3    F4    F5    F6    F7    F8    F9    F10    F11     D1,2  D1,3  D1,4  D1,5  D1,6  D1,7  D1,8  D1,9  D1,10  D1,11  D2,3  D2,4  D2,5  D2,6  D2,7  D2,8  D2,9  D2,10  D2,11  D3,4  D3,5  D3,6  D3,7  D3,8  D3,9  D3,10  D3,11  D4,5  D4,6  D4,7  D4,8  D4,9  D4,10  D4,11  D5,6  D5,7  D5,8  D5,9  D5,10  D5,11  D6,7  D6,8  D6,9  D6,10  D6,11  D7,8  D7,9  D7,10  D7,11  D8,9  D8,10  D8,11  D9,10  D9,11  D10,11    Ln Like 
 1000:    1.00    0.150    0.016 0.052 0.089 0.023 0.012 0.025 0.032 0.026 0.017 0.025 0.027    0.053 0.065 0.034 0.026 0.021 0.054 0.030 0.031 0.024 0.029 0.093 0.039 0.039 0.060 0.072 0.063 0.050 0.045 0.075 0.063 0.063 0.066 0.076 0.068 0.058 0.063 0.068 0.024 0.035 0.044 0.036 0.029 0.039 0.044 0.020 0.029 0.025 0.021 0.032 0.028 0.043 0.022 0.028 0.040 0.019 0.039 0.031 0.056 0.038 0.026 0.043 0.026 0.031 0.034 0.047   --  
 2000:    1.00    0.116    0.018 0.048 0.112 0.021 0.017 0.022 0.027 0.026 0.016 0.020 0.024    0.052 0.069 0.035 0.032 0.023 0.051 0.031 0.032 0.022 0.027 0.091 0.033 0.039 0.053 0.065 0.063 0.042 0.037 0.068 0.065 0.068 0.066 0.074 0.070 0.058 0.064 0.064 0.023 0.031 0.039 0.036 0.023 0.033 0.037 0.020 0.028 0.027 0.021 0.032 0.027 0.036 0.021 0.024 0.031 0.017 0.035 0.026 0.045 0.031 0.024 0.038 0.025 0.024 0.028 0.039   --  
 3000:    1.00    0.103    0.017 0.038 0.108 0.021 0.018 0.019 0.029 0.028 0.015 0.021 0.023    0.044 0.069 0.030 0.033 0.020 0.049 0.025 0.028 0.016 0.028 0.091 0.030 0.036 0.045 0.063 0.054 0.042 0.035 0.062 0.065 0.074 0.068 0.082 0.066 0.059 0.065 0.068 0.024 0.027 0.036 0.028 0.022 0.030 0.034 0.019 0.031 0.026 0.024 0.031 0.031 0.039 0.018 0.025 0.027 0.019 0.036 0.026 0.046 0.035 0.021 0.031 0.022 0.023 0.029 0.038   --  
 4000:    1.00    0.091    0.014 0.029 0.114 0.021 0.015 0.016 0.027 0.025 0.015 0.021 0.019    0.037 0.077 0.025 0.029 0.020 0.044 0.027 0.027 0.014 0.026 0.096 0.029 0.032 0.046 0.058 0.052 0.043 0.035 0.058 0.071 0.081 0.076 0.080 0.076 0.069 0.074 0.075 0.021 0.026 0.033 0.028 0.022 0.028 0.030 0.022 0.031 0.028 0.024 0.031 0.030 0.033 0.018 0.024 0.027 0.016 0.034 0.022 0.045 0.029 0.022 0.033 0.023 0.027 0.028 0.036   --  
 5000:    1.00    0.083    0.016 0.030 0.127 0.017 0.017 0.017 0.028 0.026 0.016 0.020 0.020    0.036 0.075 0.026 0.027 0.021 0.043 0.028 0.025 0.014 0.028 0.093 0.028 0.030 0.042 0.057 0.051 0.040 0.033 0.056 0.070 0.079 0.076 0.086 0.078 0.071 0.068 0.073 0.020 0.023 0.034 0.027 0.021 0.026 0.030 0.016 0.030 0.026 0.023 0.026 0.027 0.032 0.018 0.021 0.023 0.015 0.035 0.022 0.041 0.030 0.020 0.030 0.022 0.022 0.024 0.031   --  
 6000:    1.00    0.075    0.015 0.032 0.104 0.014 0.016 0.017 0.021 0.028 0.017 0.017 0.018    0.035 0.071 0.024 0.024 0.020 0.037 0.028 0.024 0.012 0.026 0.095 0.028 0.032 0.044 0.054 0.056 0.042 0.034 0.055 0.069 0.080 0.074 0.080 0.078 0.069 0.070 0.073 0.020 0.026 0.031 0.031 0.021 0.026 0.029 0.018 0.025 0.026 0.021 0.024 0.026 0.030 0.018 0.021 0.023 0.015 0.029 0.018 0.037 0.024 0.020 0.032 0.019 0.023 0.022 0.029   --  
 7000:    1.00    0.073    0.014 0.028 0.147 0.012 0.012 0.016 0.022 0.023 0.013 0.019 0.019    0.033 0.070 0.021 0.024 0.020 0.041 0.028 0.023 0.011 0.025 0.086 0.024 0.030 0.042 0.054 0.052 0.037 0.029 0.053 0.064 0.074 0.069 0.079 0.076 0.062 0.064 0.067 0.017 0.022 0.031 0.028 0.017 0.021 0.024 0.015 0.026 0.026 0.019 0.023 0.023 0.032 0.020 0.020 0.022 0.014 0.031 0.019 0.037 0.025 0.019 0.030 0.019 0.019 0.019 0.028   --  
 8000:    1.00    0.070    0.015 0.031 0.128 0.012 0.016 0.018 0.021 0.025 0.014 0.017 0.017    0.034 0.082 0.022 0.028 0.021 0.039 0.028 0.024 0.010 0.027 0.107 0.027 0.030 0.044 0.054 0.055 0.040 0.031 0.055 0.079 0.090 0.084 0.090 0.085 0.072 0.077 0.080 0.021 0.024 0.028 0.029 0.018 0.022 0.028 0.019 0.025 0.029 0.023 0.024 0.027 0.029 0.019 0.021 0.021 0.015 0.030 0.019 0.038 0.026 0.020 0.031 0.020 0.022 0.023 0.029   --  
 9000:    1.00    0.069    0.015 0.029 0.104 0.018 0.012 0.016 0.024 0.023 0.016 0.017 0.015    0.032 0.072 0.024 0.025 0.019 0.040 0.027 0.022 0.011 0.026 0.095 0.025 0.026 0.041 0.053 0.051 0.038 0.032 0.054 0.071 0.075 0.070 0.080 0.073 0.066 0.068 0.068 0.019 0.023 0.034 0.029 0.021 0.025 0.029 0.016 0.030 0.027 0.020 0.022 0.026 0.031 0.017 0.021 0.020 0.014 0.032 0.020 0.040 0.024 0.021 0.030 0.019 0.021 0.023 0.029   --  

--------------------------------------------
Proportion of membership of each pre-defined
 population in each of the 11 clusters

Given    Inferred Clusters                                                               Number of
 Pop       1      2      3      4      5      6      7      8      9     10     11      Individuals

  1:     0.040  0.021  0.024  0.703  0.061  0.044  0.044  0.020  0.016  0.011  0.016       45
  2:     0.029  0.872  0.012  0.007  0.003  0.010  0.016  0.012  0.016  0.006  0.018       50
  3:     0.061  0.084  0.028  0.372  0.160  0.019  0.078  0.025  0.104  0.021  0.048       48
  4:     0.056  0.063  0.027  0.268  0.224  0.060  0.082  0.054  0.076  0.049  0.042       50
  5:     0.081  0.049  0.036  0.093  0.094  0.302  0.038  0.092  0.068  0.093  0.055       50
  6:     0.078  0.084  0.014  0.134  0.098  0.301  0.088  0.048  0.054  0.035  0.066       49
  7:     0.044  0.040  0.064  0.108  0.159  0.159  0.102  0.035  0.078  0.074  0.137       43
  8:     0.015  0.035  0.027  0.039  0.085  0.499  0.044  0.119  0.056  0.020  0.061       46
  9:     0.014  0.007  0.043  0.725  0.050  0.014  0.014  0.020  0.060  0.027  0.027       60
 10:     0.043  0.025  0.033  0.137  0.264  0.153  0.038  0.115  0.087  0.040  0.066       38
 11:     0.037  0.027  0.028  0.054  0.149  0.378  0.024  0.118  0.075  0.026  0.085       50
 12:     0.014  0.068  0.025  0.062  0.475  0.062  0.044  0.066  0.033  0.038  0.112       48
 13:     0.060  0.062  0.018  0.228  0.139  0.146  0.073  0.078  0.066  0.078  0.051       50
 14:     0.028  0.492  0.023  0.084  0.098  0.030  0.058  0.040  0.055  0.054  0.038       57
 15:     0.045  0.119  0.019  0.484  0.035  0.052  0.065  0.031  0.080  0.058  0.011       48
 16:     0.012  0.840  0.011  0.020  0.018  0.016  0.009  0.019  0.018  0.027  0.010       48
 17:     0.067  0.032  0.014  0.409  0.047  0.050  0.059  0.049  0.159  0.042  0.073       50
 18:     0.077  0.020  0.012  0.101  0.074  0.317  0.091  0.076  0.062  0.084  0.086       44
 19:     0.020  0.019  0.013  0.057  0.603  0.042  0.052  0.050  0.035  0.027  0.080       50
 20:     0.023  0.027  0.012  0.030  0.025  0.557  0.018  0.082  0.058  0.052  0.115       50
 21:     0.009  0.769  0.016  0.037  0.025  0.036  0.025  0.021  0.028  0.016  0.018       48
 22:     0.076  0.130  0.036  0.118  0.278  0.099  0.060  0.054  0.042  0.047  0.059       50
 23:     0.044  0.045  0.033  0.096  0.157  0.270  0.055  0.058  0.062  0.085  0.097       49
 24:     0.027  0.029  0.014  0.088  0.549  0.073  0.051  0.029  0.044  0.047  0.049       50
 25:     0.059  0.053  0.024  0.081  0.131  0.339  0.052  0.082  0.068  0.045  0.067       50
 26:     0.074  0.097  0.029  0.070  0.070  0.322  0.030  0.108  0.063  0.055  0.082       50
 27:     0.076  0.454  0.024  0.050  0.086  0.047  0.059  0.028  0.050  0.095  0.032       55
 28:     0.066  0.192  0.042  0.437  0.015  0.024  0.084  0.044  0.049  0.023  0.024       50
 29:     0.038  0.036  0.027  0.077  0.100  0.172  0.094  0.077  0.081  0.043  0.254      108
 30:     0.070  0.042  0.043  0.092  0.092  0.151  0.125  0.059  0.097  0.059  0.171      109
 31:     0.087  0.013  0.005  0.079  0.148  0.410  0.042  0.040  0.054  0.058  0.063       49
 32:     0.047  0.051  0.020  0.298  0.199  0.097  0.052  0.046  0.066  0.019  0.105       50
 33:     0.069  0.084  0.029  0.534  0.016  0.036  0.049  0.036  0.065  0.062  0.020       50
 34:     0.129  0.288  0.022  0.100  0.026  0.046  0.064  0.090  0.115  0.101  0.018       50
 35:     0.088  0.095  0.017  0.268  0.180  0.049  0.048  0.091  0.126  0.027  0.010       50
 36:     0.023  0.031  0.006  0.080  0.541  0.139  0.029  0.037  0.042  0.030  0.040       39
 37:     0.080  0.069  0.029  0.082  0.128  0.188  0.066  0.080  0.147  0.069  0.062       47
 38:     0.023  0.021  0.024  0.084  0.201  0.312  0.078  0.062  0.072  0.083  0.041       67
 39:     0.006  0.046  0.006  0.039  0.693  0.001  0.047  0.039  0.084  0.023  0.015       34
 40:     0.079  0.029  0.040  0.055  0.132  0.379  0.037  0.038  0.061  0.057  0.094       58
 41:     0.096  0.063  0.021  0.100  0.173  0.178  0.063  0.109  0.058  0.063  0.075       86
 42:     0.066  0.027  0.027  0.104  0.074  0.274  0.095  0.098  0.056  0.059  0.119       44
 43:     0.015  0.012  0.006  0.007  0.126  0.550  0.025  0.079  0.041  0.042  0.097       44
 44:     0.069  0.503  0.011  0.112  0.024  0.052  0.034  0.084  0.047  0.045  0.021       50
 45:     0.066  0.011  0.026  0.130  0.126  0.274  0.063  0.069  0.019  0.053  0.164       35
 46:     0.074  0.058  0.019  0.301  0.167  0.093  0.059  0.063  0.041  0.073  0.052       50
 47:     0.020  0.004  0.015  0.065  0.626  0.027  0.024  0.080  0.085  0.017  0.036       36
 48:     0.044  0.172  0.013  0.239  0.109  0.050  0.053  0.078  0.141  0.066  0.036       53
 49:     0.023  0.693  0.006  0.039  0.041  0.072  0.029  0.019  0.011  0.042  0.024       57
 50:     0.067  0.327  0.010  0.161  0.081  0.035  0.057  0.091  0.054  0.065  0.051       49
 51:     0.006  0.024  0.065  0.553  0.123  0.047  0.034  0.050  0.024  0.050  0.022       42
 52:     0.110  0.033  0.017  0.066  0.093  0.444  0.015  0.049  0.036  0.084  0.054       50
 53:     0.034  0.049  0.008  0.024  0.067  0.082  0.074  0.072  0.050  0.034  0.506       50
 54:     0.033  0.034  0.017  0.158  0.039  0.084  0.133  0.027  0.173  0.051  0.252       44
 55:     0.011  0.030  0.011  0.110  0.073  0.161  0.075  0.104  0.185  0.024  0.216       50
 56:     0.026  0.014  0.018  0.005  0.010  0.066  0.019  0.036  0.029  0.018  0.757       30
 57:     0.050  0.042  0.015  0.159  0.172  0.068  0.090  0.073  0.143  0.041  0.146       50
 58:     0.056  0.028  0.020  0.100  0.169  0.072  0.099  0.068  0.090  0.053  0.245       50
 59:     0.028  0.010  0.033  0.100  0.074  0.186  0.113  0.124  0.105  0.033  0.195       33
 60:     0.001  0.021  0.010  0.105  0.001  0.375  0.037  0.038  0.185  0.000  0.227        9
 61:     0.031  0.014  0.040  0.140  0.136  0.129  0.063  0.078  0.138  0.035  0.195       50
 62:     0.039  0.017  0.011  0.143  0.015  0.106  0.156  0.098  0.067  0.045  0.304       32
 63:     0.044  0.032  0.020  0.153  0.073  0.150  0.093  0.018  0.066  0.022  0.331       50
 64:     0.032  0.020  0.019  0.032  0.030  0.159  0.048  0.069  0.015  0.067  0.508       50
 65:     0.034  0.023  0.027  0.025  0.021  0.001  0.019  0.007  0.039  0.015  0.790       29
 66:     0.050  0.021  0.024  0.136  0.078  0.149  0.087  0.089  0.112  0.022  0.232       50
 67:     0.016  0.030  0.047  0.031  0.095  0.085  0.011  0.122  0.055  0.049  0.458       31
 68:     0.038  0.029  0.074  0.055  0.073  0.143  0.116  0.123  0.096  0.031  0.221       27
 69:     0.011  0.018  0.015  0.135  0.063  0.200  0.126  0.118  0.137  0.042  0.136       20
 70:     0.034  0.034  0.014  0.075  0.061  0.206  0.066  0.061  0.108  0.054  0.287       50
 71:     0.058  0.045  0.004  0.087  0.260  0.199  0.030  0.115  0.079  0.040  0.082       50
 72:     0.008  0.035  0.033  0.082  0.085  0.069  0.061  0.025  0.101  0.043  0.459       37
 73:     0.064  0.473  0.024  0.087  0.067  0.022  0.053  0.047  0.082  0.061  0.021       81
 74:     0.357  0.065  0.042  0.010  0.042  0.053  0.037  0.016  0.067  0.293  0.017       50
 75:     0.121  0.012  0.034  0.033  0.150  0.117  0.047  0.100  0.181  0.083  0.122       50
 76:     0.255  0.051  0.039  0.074  0.107  0.068  0.059  0.048  0.097  0.170  0.032       89
 77:     0.041  0.021  0.030  0.017  0.027  0.028  0.044  0.066  0.653  0.041  0.032      100
 78:     0.064  0.549  0.035  0.065  0.049  0.038  0.023  0.036  0.046  0.067  0.026       94
 79:     0.074  0.080  0.041  0.035  0.541  0.053  0.024  0.030  0.048  0.059  0.016      100
 80:     0.307  0.070  0.024  0.033  0.058  0.063  0.058  0.010  0.075  0.285  0.017       50
 81:     0.133  0.034  0.056  0.066  0.151  0.067  0.090  0.072  0.083  0.210  0.037      100
 82:     0.139  0.032  0.033  0.095  0.089  0.059  0.065  0.126  0.165  0.100  0.097       98
 83:     0.681  0.018  0.027  0.026  0.020  0.023  0.017  0.100  0.040  0.011  0.038       50
 84:     0.052  0.687  0.021  0.048  0.038  0.017  0.016  0.008  0.040  0.058  0.014       99
 85:     0.156  0.040  0.027  0.072  0.076  0.088  0.063  0.140  0.145  0.117  0.076       99
 86:     0.035  0.040  0.028  0.063  0.042  0.055  0.034  0.014  0.081  0.588  0.021      100
 87:     0.044  0.030  0.039  0.026  0.052  0.046  0.036  0.069  0.029  0.605  0.024      100
 88:     0.525  0.052  0.023  0.034  0.052  0.025  0.041  0.044  0.072  0.104  0.028      100
 89:     0.190  0.063  0.051  0.120  0.042  0.056  0.085  0.089  0.104  0.152  0.050       99
 90:     0.138  0.099  0.016  0.049  0.083  0.102  0.074  0.015  0.063  0.302  0.060       48
 91:     0.043  0.432  0.020  0.225  0.038  0.049  0.013  0.032  0.018  0.080  0.049       28
 92:     0.292  0.097  0.091  0.073  0.047  0.034  0.049  0.008  0.061  0.195  0.052       50
 93:     0.113  0.129  0.018  0.027  0.055  0.048  0.035  0.025  0.068  0.437  0.044      100
 94:     0.483  0.054  0.032  0.089  0.062  0.044  0.024  0.046  0.063  0.084  0.019       50
 95:     0.048  0.408  0.038  0.211  0.075  0.037  0.024  0.031  0.066  0.039  0.023       41
 96:     0.193  0.053  0.044  0.057  0.037  0.075  0.038  0.118  0.072  0.246  0.067       81
 97:     0.430  0.044  0.032  0.083  0.080  0.013  0.027  0.031  0.055  0.170  0.034       50
 98:     0.408  0.032  0.020  0.057  0.055  0.061  0.045  0.112  0.064  0.084  0.063      100
 99:     0.252  0.054  0.022  0.100  0.080  0.077  0.115  0.053  0.106  0.057  0.084       89
100:     0.062  0.039  0.030  0.050  0.039  0.041  0.024  0.325  0.231  0.105  0.056       98
101:     0.143  0.094  0.038  0.107  0.120  0.021  0.058  0.055  0.141  0.171  0.052      100
102:     0.004  0.006  0.921  0.009  0.005  0.004  0.014  0.011  0.011  0.009  0.006       95
103:     0.194  0.020  0.015  0.094  0.106  0.098  0.055  0.120  0.170  0.061  0.068       50
104:     0.118  0.053  0.038  0.052  0.067  0.039  0.009  0.044  0.034  0.520  0.026       70
105:     0.064  0.467  0.029  0.119  0.042  0.033  0.033  0.042  0.078  0.076  0.017      100
106:     0.390  0.096  0.060  0.046  0.017  0.066  0.053  0.093  0.035  0.119  0.024       50
107:     0.047  0.030  0.034  0.036  0.030  0.067  0.038  0.046  0.043  0.590  0.041      100
108:     0.680  0.022  0.014  0.035  0.047  0.042  0.008  0.032  0.022  0.028  0.070       50
109:     0.202  0.052  0.027  0.077  0.078  0.145  0.070  0.035  0.120  0.100  0.092      100
110:     0.031  0.569  0.046  0.093  0.042  0.013  0.028  0.034  0.073  0.031  0.041       41
111:     0.076  0.438  0.031  0.111  0.067  0.032  0.035  0.032  0.102  0.059  0.018      100
112:     0.408  0.098  0.038  0.030  0.079  0.041  0.026  0.064  0.036  0.082  0.098       50
113:     0.050  0.025  0.073  0.061  0.032  0.032  0.017  0.028  0.045  0.624  0.013       97
114:     0.045  0.416  0.065  0.111  0.050  0.057  0.038  0.031  0.043  0.089  0.055      100
115:     0.304  0.120  0.026  0.061  0.042  0.022  0.027  0.027  0.052  0.287  0.033       49
116:     0.301  0.084  0.031  0.067  0.076  0.059  0.043  0.055  0.084  0.159  0.041      100
117:     0.208  0.136  0.023  0.095  0.052  0.066  0.046  0.131  0.055  0.141  0.046       50
118:     0.515  0.042  0.015  0.032  0.088  0.053  0.053  0.049  0.037  0.087  0.028      100
119:     0.248  0.058  0.032  0.119  0.066  0.057  0.061  0.134  0.079  0.068  0.076       90
120:     0.088  0.037  0.021  0.112  0.139  0.171  0.105  0.085  0.136  0.023  0.085       70
121:     0.005  0.007  0.015  0.032  0.035  0.019  0.008  0.790  0.026  0.021  0.041       82
122:     0.003  0.022  0.012  0.014  0.046  0.041  0.007  0.005  0.832  0.009  0.009       66
123:     0.018  0.024  0.012  0.018  0.028  0.024  0.019  0.679  0.169  0.007  0.002       28
124:     0.028  0.032  0.011  0.057  0.042  0.007  0.752  0.020  0.024  0.015  0.011       44
125:     0.055  0.022  0.008  0.095  0.047  0.022  0.630  0.059  0.029  0.016  0.017       60
126:     0.031  0.015  0.010  0.022  0.020  0.011  0.736  0.006  0.090  0.017  0.042       83
127:     0.021  0.070  0.017  0.055  0.038  0.009  0.702  0.009  0.023  0.037  0.019       49
128:     0.015  0.011  0.016  0.037  0.019  0.024  0.795  0.015  0.038  0.014  0.015       84
129:     0.036  0.042  0.035  0.034  0.066  0.091  0.481  0.039  0.011  0.053  0.114       53
130:     0.024  0.013  0.018  0.036  0.006  0.047  0.673  0.021  0.028  0.040  0.095       58
131:     0.013  0.018  0.034  0.049  0.055  0.034  0.536  0.058  0.046  0.045  0.113       78
132:     0.031  0.017  0.011  0.047  0.090  0.034  0.521  0.123  0.046  0.027  0.053       59
133:     0.014  0.024  0.018  0.054  0.175  0.057  0.497  0.044  0.026  0.034  0.058       41
134:     0.052  0.023  0.078  0.007  0.063  0.034  0.433  0.035  0.080  0.070  0.123       42
135:     0.027  0.012  0.019  0.016  0.060  0.082  0.354  0.062  0.048  0.008  0.313       30
136:     0.016  0.007  0.038  0.081  0.052  0.062  0.315  0.076  0.048  0.033  0.272       53
137:     0.141  0.034  0.041  0.054  0.107  0.284  0.058  0.044  0.054  0.126  0.056       58
138:     0.062  0.047  0.034  0.090  0.142  0.214  0.063  0.047  0.143  0.052  0.107       84
139:     0.020  0.017  0.023  0.063  0.033  0.356  0.059  0.211  0.080  0.014  0.123       81
140:     0.002  0.015  0.004  0.011  0.001  0.009  0.019  0.908  0.010  0.012  0.009       30
141:     0.017  0.004  0.006  0.038  0.009  0.037  0.016  0.786  0.015  0.044  0.028       37
142:     0.018  0.018  0.013  0.048  0.010  0.223  0.018  0.296  0.134  0.042  0.179       46
143:     0.015  0.020  0.024  0.014  0.038  0.048  0.041  0.086  0.193  0.040  0.481       55
144:     0.023  0.014  0.019  0.050  0.030  0.037  0.092  0.169  0.041  0.013  0.512       52
145:     0.031  0.015  0.019  0.063  0.087  0.086  0.012  0.056  0.070  0.020  0.541       73
146:     0.047  0.016  0.028  0.087  0.078  0.085  0.087  0.071  0.093  0.036  0.372       73
147:     0.015  0.027  0.010  0.028  0.041  0.065  0.081  0.070  0.052  0.055  0.557       53
148:     0.056  0.016  0.019  0.079  0.060  0.045  0.051  0.091  0.017  0.032  0.534       52
149:     0.048  0.003  0.020  0.034  0.074  0.200  0.081  0.066  0.046  0.038  0.389       44
150:     0.035  0.025  0.032  0.053  0.065  0.136  0.092  0.086  0.089  0.040  0.348       80
151:     0.042  0.026  0.013  0.107  0.018  0.101  0.062  0.184  0.077  0.022  0.349       49
152:     0.099  0.042  0.017  0.078  0.085  0.320  0.024  0.100  0.076  0.079  0.078       34
153:     0.121  0.030  0.029  0.094  0.133  0.054  0.100  0.048  0.260  0.073  0.058      100
--------------------------------------------

 Rep#:   Lambda   Alpha      F1    F2    F3    F4    F5    F6    F7    F8    F9    F10    F11     D1,2  D1,3  D1,4  D1,5  D1,6  D1,7  D1,8  D1,9  D1,10  D1,11  D2,3  D2,4  D2,5  D2,6  D2,7  D2,8  D2,9  D2,10  D2,11  D3,4  D3,5  D3,6  D3,7  D3,8  D3,9  D3,10  D3,11  D4,5  D4,6  D4,7  D4,8  D4,9  D4,10  D4,11  D5,6  D5,7  D5,8  D5,9  D5,10  D5,11  D6,7  D6,8  D6,9  D6,10  D6,11  D7,8  D7,9  D7,10  D7,11  D8,9  D8,10  D8,11  D9,10  D9,11  D10,11    Ln Like 
10000:    1.00    0.065    0.014 0.034 0.115 0.016 0.013 0.015 0.021 0.027 0.013 0.019 0.016    0.033 0.073 0.021 0.023 0.018 0.036 0.025 0.020 0.011 0.022 0.095 0.030 0.029 0.041 0.056 0.055 0.038 0.032 0.054 0.069 0.080 0.075 0.085 0.079 0.069 0.069 0.073 0.018 0.021 0.029 0.029 0.018 0.024 0.026 0.014 0.025 0.024 0.019 0.022 0.024 0.027 0.016 0.018 0.020 0.012 0.032 0.021 0.040 0.027 0.020 0.029 0.019 0.020 0.022 0.028   --  
11000:    1.00    0.064    0.011 0.030 0.139 0.018 0.013 0.012 0.025 0.026 0.014 0.019 0.017    0.033 0.083 0.021 0.024 0.017 0.038 0.024 0.020 0.011 0.023 0.105 0.028 0.029 0.040 0.057 0.050 0.036 0.031 0.053 0.079 0.087 0.082 0.092 0.084 0.078 0.081 0.079 0.018 0.022 0.030 0.027 0.016 0.025 0.026 0.015 0.027 0.025 0.018 0.023 0.024 0.030 0.017 0.019 0.019 0.014 0.032 0.018 0.041 0.025 0.020 0.029 0.018 0.020 0.020 0.029   --  
12000:    1.00    0.063    0.015 0.028 0.118 0.016 0.013 0.015 0.026 0.026 0.014 0.017 0.019    0.033 0.081 0.023 0.026 0.018 0.038 0.025 0.019 0.012 0.025 0.104 0.025 0.029 0.040 0.053 0.050 0.036 0.032 0.052 0.080 0.088 0.082 0.092 0.083 0.072 0.077 0.076 0.020 0.025 0.030 0.029 0.018 0.025 0.028 0.017 0.027 0.026 0.020 0.022 0.025 0.030 0.018 0.019 0.017 0.014 0.030 0.021 0.037 0.024 0.019 0.028 0.020 0.018 0.020 0.027   --  
13000:    1.00    0.061    0.012 0.027 0.142 0.014 0.010 0.018 0.024 0.021 0.013 0.015 0.017    0.029 0.073 0.021 0.024 0.020 0.037 0.024 0.021 0.010 0.025 0.093 0.023 0.026 0.039 0.052 0.045 0.035 0.028 0.049 0.071 0.081 0.074 0.084 0.077 0.069 0.069 0.072 0.018 0.022 0.031 0.027 0.018 0.021 0.026 0.016 0.027 0.024 0.020 0.022 0.026 0.028 0.016 0.017 0.020 0.014 0.028 0.017 0.036 0.024 0.018 0.027 0.018 0.019 0.021 0.026   --  
14000:    1.00    0.058    0.015 0.027 0.123 0.012 0.012 0.015 0.020 0.024 0.014 0.016 0.021    0.032 0.077 0.022 0.023 0.019 0.037 0.023 0.021 0.010 0.024 0.098 0.023 0.027 0.038 0.049 0.046 0.033 0.028 0.050 0.074 0.081 0.080 0.086 0.083 0.071 0.075 0.079 0.018 0.023 0.029 0.026 0.017 0.022 0.028 0.015 0.023 0.023 0.019 0.022 0.022 0.029 0.016 0.019 0.021 0.015 0.028 0.020 0.037 0.025 0.019 0.027 0.018 0.019 0.023 0.029   --  
15000:    1.00    0.058    0.013 0.029 0.116 0.014 0.013 0.014 0.025 0.020 0.012 0.017 0.017    0.031 0.076 0.022 0.023 0.019 0.036 0.021 0.023 0.010 0.024 0.097 0.024 0.029 0.040 0.052 0.045 0.036 0.031 0.050 0.073 0.084 0.078 0.089 0.079 0.072 0.072 0.074 0.018 0.023 0.029 0.026 0.018 0.022 0.028 0.016 0.023 0.023 0.018 0.021 0.023 0.030 0.016 0.020 0.019 0.013 0.030 0.018 0.035 0.024 0.020 0.024 0.017 0.020 0.023 0.026   --  
16000:    1.00    0.059    0.014 0.024 0.138 0.016 0.011 0.015 0.023 0.021 0.010 0.015 0.016    0.031 0.078 0.021 0.023 0.017 0.036 0.023 0.018 0.010 0.023 0.100 0.024 0.027 0.036 0.048 0.045 0.032 0.028 0.049 0.073 0.084 0.080 0.089 0.079 0.071 0.077 0.075 0.019 0.023 0.030 0.026 0.016 0.023 0.027 0.015 0.024 0.021 0.017 0.022 0.021 0.028 0.014 0.017 0.020 0.012 0.027 0.018 0.037 0.025 0.017 0.028 0.017 0.019 0.020 0.027   --  
17000:    1.00    0.058    0.015 0.027 0.127 0.016 0.012 0.014 0.023 0.020 0.010 0.019 0.017    0.031 0.091 0.022 0.023 0.019 0.037 0.025 0.021 0.011 0.023 0.109 0.023 0.028 0.038 0.051 0.048 0.036 0.029 0.050 0.085 0.091 0.091 0.094 0.090 0.079 0.082 0.084 0.019 0.022 0.030 0.026 0.018 0.022 0.027 0.016 0.024 0.021 0.016 0.021 0.022 0.031 0.014 0.019 0.020 0.013 0.027 0.018 0.037 0.024 0.016 0.028 0.017 0.020 0.018 0.026   --  
