This is a job step 12


----------------------------------------------------
STRUCTURE by Pritchard, Stephens and Donnelly (2000)
     and Falush, Stephens and Pritchard (2003)
       Code by Pritchard, Falush and Hubisz
             Version 2.3.4 (Jul 2012)
----------------------------------------------------


Reading file "/global/home/hpc3579/Salmon-Project/STRUCTURE/mainparamsfiles/mainparamsbigfile".
datafile is
/global/home/hpc3579/Salmon-Project/FileConversions/bigfilestruc.str
Reading file "/global/home/hpc3579/Salmon-Project/STRUCTURE/extraparams_bigfile".
Note: RANDOMIZE is set to 1. The random number generator will be initialized using the system clock, ignoring any specified value of SEED.
Reading file "/global/home/hpc3579/Salmon-Project/FileConversions/bigfilestruc.str".


Data file "/global/home/hpc3579/Salmon-Project/FileConversions/bigfilestruc.str" (truncated) --

Ind:   Label Pop : Genotype_data . . . .
  1: QC-ANG-01    1  :110 167 287 296 254 146 173  . . . . 291
  1: QC-ANG-01    1  :110 179 295 312 358 210 175  . . . . 315
  2: QC-ANG-11    1  :130 171 291 312 322 210 193  . . . . 283
  2: QC-ANG-11    1  :130 175 303 336 338 242 199  . . . . 303
  3: QC-ANG-12    1  :106 175 279 312 278 198 171  . . . . 315
  3: QC-ANG-12    1  :130 191 307 372 342 210 201  . . . . 319
  4: QC-ANG-13    1  :128 159 291 320 314 214 159  . . . . 287
  4: QC-ANG-13    1  :128 167 295 344 326 254 201  . . . . 315

      *******   

9141: US-NA11574  153  :122 203 283 312 254 198 173  . . . . 303
9141: US-NA11574  153  :128 203 303 340 290 206 173  . . . . 307
9142: US-NA11575  153  :122 167 283 300 254 214 173  . . . . 295
9142: US-NA11575  153  :128 167 303 336 290 298 173  . . . . 339

Number of alleles per locus: min=15; ave=39.8; max=91


--------------------------------------

Finished initialization; starting MCMC 
1000000 iterations + 100000 burnin


--------------------------------------------
Proportion of membership of each pre-defined
 population in each of the 12 clusters

Given    Inferred Clusters                                                                      Number of
 Pop       1      2      3      4      5      6      7      8      9     10     11     12      Individuals

  1:     0.106  0.048  0.057  0.058  0.072  0.048  0.046  0.070  0.382  0.029  0.027  0.057       45
  2:     0.015  0.014  0.060  0.023  0.702  0.021  0.024  0.025  0.047  0.017  0.022  0.029       50
  3:     0.085  0.028  0.076  0.081  0.081  0.039  0.114  0.045  0.297  0.053  0.042  0.059       48
  4:     0.180  0.059  0.053  0.044  0.102  0.044  0.066  0.079  0.234  0.047  0.040  0.052       50
  5:     0.061  0.063  0.124  0.040  0.025  0.053  0.094  0.082  0.104  0.185  0.107  0.061       50
  6:     0.060  0.060  0.148  0.059  0.076  0.044  0.156  0.061  0.103  0.118  0.045  0.067       49
  7:     0.047  0.131  0.134  0.041  0.045  0.073  0.092  0.074  0.085  0.173  0.055  0.050       43
  8:     0.028  0.096  0.066  0.052  0.047  0.034  0.055  0.056  0.051  0.412  0.052  0.051       46
  9:     0.073  0.056  0.027  0.051  0.044  0.058  0.040  0.049  0.472  0.038  0.054  0.038       60
 10:     0.052  0.088  0.141  0.069  0.056  0.076  0.116  0.059  0.128  0.088  0.051  0.074       38
 11:     0.048  0.090  0.053  0.109  0.053  0.033  0.094  0.038  0.088  0.309  0.040  0.046       50
 12:     0.043  0.146  0.130  0.076  0.066  0.058  0.047  0.052  0.182  0.117  0.040  0.043       48
 13:     0.079  0.079  0.060  0.092  0.076  0.067  0.105  0.049  0.201  0.054  0.060  0.077       50
 14:     0.062  0.042  0.064  0.033  0.360  0.056  0.067  0.035  0.101  0.064  0.034  0.083       57
 15:     0.075  0.035  0.091  0.042  0.135  0.077  0.119  0.064  0.265  0.027  0.028  0.041       48
 16:     0.033  0.046  0.053  0.027  0.609  0.032  0.035  0.022  0.053  0.032  0.021  0.037       48
 17:     0.111  0.073  0.058  0.051  0.091  0.050  0.077  0.074  0.219  0.056  0.064  0.076       50
 18:     0.088  0.126  0.114  0.055  0.058  0.035  0.056  0.094  0.051  0.139  0.106  0.077       44
 19:     0.089  0.051  0.078  0.041  0.037  0.018  0.130  0.045  0.268  0.094  0.103  0.046       50
 20:     0.099  0.053  0.053  0.048  0.047  0.038  0.072  0.038  0.058  0.389  0.053  0.052       50
 21:     0.034  0.034  0.059  0.044  0.564  0.048  0.043  0.046  0.062  0.024  0.021  0.020       48
 22:     0.061  0.108  0.120  0.042  0.098  0.048  0.092  0.065  0.142  0.086  0.074  0.065       50
 23:     0.099  0.069  0.072  0.053  0.068  0.040  0.125  0.052  0.102  0.186  0.061  0.074       49
 24:     0.058  0.077  0.063  0.066  0.097  0.039  0.156  0.086  0.162  0.132  0.050  0.014       50
 25:     0.057  0.091  0.185  0.067  0.057  0.064  0.121  0.065  0.074  0.122  0.034  0.064       50
 26:     0.073  0.048  0.093  0.108  0.076  0.040  0.125  0.047  0.090  0.204  0.044  0.052       50
 27:     0.098  0.043  0.046  0.057  0.230  0.042  0.118  0.063  0.098  0.050  0.074  0.083       55
 28:     0.040  0.038  0.070  0.068  0.200  0.048  0.082  0.067  0.267  0.053  0.038  0.030       50
 29:     0.129  0.175  0.068  0.087  0.035  0.047  0.112  0.078  0.066  0.092  0.072  0.040      108
 30:     0.104  0.156  0.087  0.087  0.049  0.046  0.127  0.077  0.077  0.078  0.060  0.053      109
 31:     0.065  0.103  0.122  0.028  0.033  0.048  0.211  0.032  0.097  0.169  0.063  0.027       49
 32:     0.081  0.061  0.069  0.074  0.040  0.046  0.198  0.067  0.214  0.054  0.048  0.047       50
 33:     0.056  0.050  0.095  0.071  0.070  0.097  0.036  0.033  0.317  0.058  0.073  0.044       50
 34:     0.070  0.041  0.089  0.071  0.240  0.039  0.091  0.070  0.099  0.018  0.071  0.101       50
 35:     0.082  0.020  0.069  0.056  0.125  0.037  0.108  0.103  0.214  0.065  0.059  0.061       50
 36:     0.047  0.086  0.058  0.058  0.042  0.027  0.049  0.100  0.218  0.231  0.029  0.056       39
 37:     0.065  0.054  0.114  0.071  0.070  0.022  0.105  0.054  0.143  0.157  0.074  0.071       47
 38:     0.049  0.064  0.189  0.062  0.043  0.068  0.123  0.080  0.105  0.074  0.074  0.070       67
 39:     0.107  0.058  0.037  0.072  0.067  0.058  0.102  0.052  0.263  0.111  0.034  0.039       34
 40:     0.041  0.114  0.136  0.072  0.045  0.078  0.105  0.045  0.069  0.160  0.072  0.061       58
 41:     0.055  0.080  0.158  0.046  0.078  0.062  0.132  0.059  0.127  0.083  0.062  0.057       86
 42:     0.096  0.083  0.073  0.065  0.064  0.050  0.127  0.084  0.088  0.130  0.083  0.057       44
 43:     0.068  0.064  0.064  0.044  0.053  0.047  0.057  0.039  0.044  0.412  0.046  0.062       44
 44:     0.056  0.046  0.069  0.060  0.326  0.063  0.062  0.057  0.087  0.050  0.078  0.046       50
 45:     0.067  0.110  0.069  0.048  0.061  0.030  0.100  0.075  0.081  0.177  0.113  0.068       35
 46:     0.104  0.038  0.056  0.072  0.093  0.043  0.079  0.053  0.286  0.062  0.052  0.063       50
 47:     0.087  0.086  0.062  0.031  0.084  0.029  0.070  0.023  0.271  0.121  0.059  0.078       36
 48:     0.056  0.034  0.073  0.070  0.181  0.026  0.095  0.065  0.179  0.056  0.087  0.079       53
 49:     0.038  0.037  0.057  0.022  0.513  0.011  0.044  0.039  0.074  0.055  0.037  0.073       57
 50:     0.037  0.040  0.143  0.072  0.167  0.043  0.089  0.053  0.122  0.056  0.102  0.077       49
 51:     0.056  0.019  0.038  0.056  0.081  0.095  0.076  0.079  0.359  0.040  0.054  0.046       42
 52:     0.052  0.068  0.073  0.050  0.043  0.054  0.181  0.042  0.106  0.160  0.064  0.108       50
 53:     0.098  0.324  0.063  0.056  0.030  0.035  0.061  0.069  0.082  0.079  0.052  0.050       50
 54:     0.262  0.115  0.046  0.093  0.035  0.039  0.104  0.070  0.073  0.086  0.036  0.041       44
 55:     0.095  0.191  0.050  0.052  0.036  0.055  0.157  0.066  0.090  0.099  0.053  0.054       50
 56:     0.025  0.646  0.037  0.011  0.041  0.043  0.031  0.049  0.035  0.025  0.041  0.017       30
 57:     0.103  0.099  0.140  0.073  0.037  0.032  0.100  0.040  0.113  0.136  0.079  0.048       50
 58:     0.072  0.200  0.089  0.068  0.052  0.038  0.088  0.090  0.130  0.084  0.047  0.041       50
 59:     0.112  0.205  0.097  0.111  0.034  0.055  0.071  0.130  0.070  0.077  0.014  0.025       33
 60:     0.270  0.184  0.100  0.043  0.028  0.043  0.005  0.054  0.033  0.115  0.058  0.067        9
 61:     0.177  0.124  0.076  0.069  0.054  0.056  0.087  0.098  0.103  0.091  0.033  0.030       50
 62:     0.105  0.225  0.041  0.120  0.034  0.051  0.049  0.116  0.137  0.059  0.047  0.016       32
 63:     0.119  0.239  0.086  0.078  0.018  0.053  0.078  0.099  0.087  0.047  0.052  0.044       50
 64:     0.039  0.422  0.043  0.055  0.014  0.047  0.039  0.049  0.042  0.108  0.063  0.080       50
 65:     0.021  0.609  0.032  0.027  0.031  0.038  0.038  0.062  0.038  0.021  0.044  0.039       29
 66:     0.143  0.187  0.047  0.040  0.035  0.045  0.162  0.097  0.083  0.106  0.019  0.036       50
 67:     0.078  0.202  0.046  0.118  0.036  0.078  0.089  0.056  0.058  0.147  0.062  0.030       31
 68:     0.143  0.132  0.058  0.130  0.035  0.028  0.054  0.136  0.067  0.088  0.051  0.077       27
 69:     0.094  0.112  0.083  0.093  0.049  0.041  0.097  0.086  0.126  0.099  0.034  0.086       20
 70:     0.182  0.150  0.056  0.069  0.027  0.035  0.094  0.100  0.086  0.095  0.043  0.063       50
 71:     0.082  0.100  0.089  0.062  0.068  0.036  0.208  0.075  0.054  0.109  0.060  0.058       50
 72:     0.107  0.263  0.075  0.051  0.030  0.059  0.065  0.086  0.118  0.044  0.074  0.028       37
 73:     0.041  0.032  0.032  0.055  0.338  0.044  0.080  0.060  0.105  0.071  0.054  0.087       81
 74:     0.030  0.051  0.064  0.050  0.071  0.051  0.065  0.084  0.075  0.043  0.157  0.258       50
 75:     0.059  0.099  0.145  0.065  0.025  0.039  0.147  0.093  0.052  0.071  0.060  0.146       50
 76:     0.048  0.041  0.134  0.062  0.075  0.045  0.106  0.055  0.066  0.052  0.114  0.201       89
 77:     0.096  0.043  0.052  0.057  0.037  0.084  0.282  0.087  0.040  0.031  0.098  0.094      100
 78:     0.056  0.034  0.069  0.048  0.381  0.063  0.062  0.043  0.043  0.049  0.068  0.084       94
 79:     0.045  0.062  0.246  0.066  0.084  0.065  0.093  0.040  0.098  0.070  0.080  0.052      100
 80:     0.036  0.021  0.070  0.028  0.077  0.046  0.136  0.051  0.050  0.040  0.109  0.337       50
 81:     0.052  0.063  0.043  0.068  0.054  0.047  0.125  0.082  0.053  0.127  0.085  0.201      100
 82:     0.133  0.098  0.106  0.071  0.037  0.035  0.116  0.086  0.080  0.051  0.092  0.095       98
 83:     0.026  0.047  0.034  0.025  0.034  0.057  0.073  0.018  0.015  0.051  0.046  0.574       50
 84:     0.038  0.034  0.043  0.032  0.555  0.022  0.041  0.027  0.049  0.047  0.062  0.050       99
 85:     0.094  0.070  0.118  0.083  0.060  0.068  0.062  0.078  0.061  0.086  0.091  0.129       99
 86:     0.079  0.042  0.048  0.055  0.058  0.045  0.070  0.056  0.053  0.055  0.361  0.079      100
 87:     0.046  0.031  0.064  0.052  0.041  0.089  0.049  0.053  0.033  0.070  0.419  0.051      100
 88:     0.055  0.043  0.084  0.051  0.051  0.040  0.095  0.065  0.052  0.031  0.084  0.347      100
 89:     0.065  0.062  0.087  0.095  0.058  0.086  0.057  0.097  0.069  0.088  0.091  0.145       99
 90:     0.038  0.074  0.054  0.029  0.072  0.051  0.056  0.067  0.058  0.077  0.245  0.179       48
 91:     0.037  0.050  0.035  0.079  0.319  0.045  0.048  0.046  0.177  0.040  0.057  0.067       28
 92:     0.037  0.030  0.056  0.068  0.064  0.142  0.079  0.051  0.049  0.018  0.164  0.241       50
 93:     0.056  0.034  0.058  0.024  0.074  0.052  0.063  0.050  0.055  0.073  0.342  0.121      100
 94:     0.059  0.033  0.062  0.070  0.027  0.045  0.058  0.038  0.102  0.046  0.075  0.384       50
 95:     0.081  0.042  0.068  0.057  0.298  0.089  0.059  0.043  0.118  0.049  0.054  0.043       41
 96:     0.069  0.071  0.175  0.090  0.039  0.039  0.070  0.040  0.062  0.070  0.163  0.113       81
 97:     0.062  0.027  0.063  0.051  0.035  0.065  0.084  0.034  0.068  0.046  0.041  0.424       50
 98:     0.043  0.077  0.116  0.122  0.043  0.044  0.058  0.055  0.037  0.084  0.082  0.239      100
 99:     0.047  0.054  0.107  0.106  0.052  0.056  0.112  0.103  0.048  0.060  0.072  0.183       89
100:     0.110  0.090  0.065  0.122  0.065  0.059  0.073  0.058  0.046  0.103  0.087  0.124       98
101:     0.084  0.035  0.089  0.105  0.104  0.053  0.109  0.064  0.086  0.036  0.120  0.115      100
102:     0.016  0.012  0.011  0.013  0.017  0.842  0.015  0.012  0.008  0.017  0.024  0.011       95
103:     0.062  0.068  0.149  0.132  0.037  0.032  0.092  0.063  0.053  0.095  0.104  0.112       50
104:     0.054  0.029  0.100  0.042  0.062  0.041  0.099  0.070  0.053  0.047  0.216  0.186       70
105:     0.059  0.027  0.057  0.057  0.350  0.047  0.085  0.047  0.075  0.041  0.065  0.089      100
106:     0.028  0.047  0.067  0.058  0.052  0.080  0.097  0.050  0.055  0.039  0.083  0.345       50
107:     0.035  0.051  0.066  0.053  0.058  0.063  0.063  0.040  0.041  0.062  0.404  0.063      100
108:     0.019  0.069  0.584  0.071  0.039  0.020  0.025  0.033  0.022  0.027  0.061  0.032       50
109:     0.104  0.067  0.074  0.060  0.043  0.070  0.148  0.116  0.064  0.039  0.076  0.140      100
110:     0.066  0.032  0.035  0.053  0.378  0.060  0.087  0.048  0.114  0.027  0.051  0.049       41
111:     0.063  0.042  0.078  0.058  0.322  0.050  0.058  0.052  0.076  0.047  0.076  0.078      100
112:     0.032  0.049  0.403  0.080  0.045  0.026  0.043  0.047  0.045  0.029  0.090  0.111       50
113:     0.036  0.056  0.099  0.058  0.052  0.047  0.055  0.042  0.027  0.038  0.387  0.104       97
114:     0.051  0.047  0.077  0.069  0.269  0.079  0.088  0.049  0.076  0.037  0.110  0.047      100
115:     0.042  0.047  0.079  0.082  0.063  0.058  0.063  0.039  0.076  0.061  0.169  0.221       49
116:     0.044  0.037  0.099  0.068  0.077  0.067  0.083  0.076  0.059  0.060  0.111  0.217      100
117:     0.075  0.053  0.087  0.052  0.109  0.051  0.122  0.060  0.063  0.066  0.099  0.164       50
118:     0.051  0.042  0.412  0.055  0.051  0.039  0.059  0.042  0.031  0.043  0.067  0.108      100
119:     0.092  0.057  0.094  0.078  0.066  0.095  0.060  0.102  0.074  0.085  0.068  0.130       90
120:     0.112  0.096  0.124  0.091  0.069  0.048  0.147  0.062  0.095  0.070  0.042  0.044       70
121:     0.051  0.032  0.027  0.561  0.033  0.045  0.043  0.028  0.037  0.083  0.036  0.024       82
122:     0.726  0.025  0.025  0.020  0.042  0.025  0.022  0.013  0.029  0.021  0.026  0.024       66
123:     0.060  0.024  0.042  0.031  0.016  0.025  0.028  0.039  0.015  0.603  0.045  0.072       28
124:     0.035  0.024  0.040  0.011  0.033  0.022  0.060  0.613  0.043  0.039  0.042  0.039       44
125:     0.051  0.041  0.057  0.024  0.055  0.025  0.053  0.476  0.085  0.046  0.036  0.051       60
126:     0.070  0.041  0.041  0.044  0.032  0.027  0.049  0.540  0.040  0.056  0.029  0.029       83
127:     0.059  0.060  0.026  0.022  0.025  0.062  0.063  0.516  0.080  0.019  0.025  0.043       49
128:     0.040  0.056  0.053  0.034  0.028  0.047  0.041  0.561  0.036  0.041  0.032  0.032       84
129:     0.098  0.114  0.102  0.075  0.045  0.070  0.056  0.221  0.077  0.046  0.062  0.034       53
130:     0.091  0.087  0.041  0.023  0.016  0.033  0.035  0.434  0.060  0.088  0.054  0.038       58
131:     0.102  0.065  0.029  0.048  0.036  0.066  0.045  0.385  0.068  0.069  0.050  0.036       78
132:     0.107  0.061  0.052  0.069  0.034  0.042  0.069  0.374  0.032  0.073  0.055  0.032       59
133:     0.113  0.106  0.058  0.036  0.048  0.050  0.049  0.364  0.050  0.053  0.034  0.039       41
134:     0.114  0.044  0.034  0.078  0.042  0.109  0.102  0.286  0.047  0.045  0.047  0.051       42
135:     0.089  0.285  0.027  0.048  0.026  0.060  0.091  0.237  0.028  0.022  0.044  0.044       30
136:     0.108  0.165  0.047  0.059  0.036  0.063  0.091  0.188  0.071  0.057  0.056  0.058       53
137:     0.049  0.083  0.132  0.061  0.060  0.066  0.117  0.032  0.057  0.192  0.090  0.061       58
138:     0.128  0.073  0.058  0.042  0.047  0.032  0.273  0.069  0.086  0.092  0.030  0.069       84
139:     0.079  0.042  0.033  0.503  0.031  0.041  0.055  0.035  0.057  0.068  0.025  0.031       81
140:     0.019  0.018  0.026  0.018  0.031  0.004  0.016  0.053  0.017  0.743  0.034  0.022       30
141:     0.035  0.025  0.020  0.595  0.010  0.008  0.026  0.027  0.034  0.160  0.038  0.023       37
142:     0.090  0.189  0.035  0.285  0.017  0.037  0.056  0.060  0.039  0.103  0.044  0.046       46
143:     0.363  0.130  0.031  0.136  0.036  0.052  0.045  0.049  0.039  0.055  0.046  0.019       55
144:     0.066  0.382  0.047  0.067  0.033  0.037  0.102  0.077  0.041  0.057  0.051  0.040       52
145:     0.094  0.353  0.058  0.088  0.025  0.047  0.077  0.029  0.047  0.086  0.058  0.038       73
146:     0.131  0.235  0.052  0.070  0.039  0.075  0.065  0.072  0.086  0.074  0.058  0.043       73
147:     0.085  0.358  0.047  0.074  0.035  0.051  0.074  0.036  0.049  0.117  0.034  0.039       53
148:     0.088  0.379  0.096  0.072  0.023  0.025  0.064  0.060  0.057  0.058  0.050  0.030       52
149:     0.104  0.230  0.081  0.076  0.021  0.036  0.057  0.076  0.061  0.138  0.054  0.067       44
150:     0.094  0.285  0.056  0.076  0.039  0.041  0.097  0.063  0.051  0.082  0.063  0.054       80
151:     0.074  0.204  0.071  0.062  0.050  0.069  0.100  0.065  0.088  0.104  0.056  0.056       49
152:     0.044  0.055  0.223  0.063  0.041  0.023  0.101  0.041  0.081  0.163  0.093  0.073       34
153:     0.072  0.092  0.077  0.064  0.029  0.041  0.219  0.103  0.077  0.061  0.081  0.084      100
--------------------------------------------

 Rep#:   Lambda   Alpha      F1    F2    F3    F4    F5    F6    F7    F8    F9    F10    F11    F12     D1,2  D1,3  D1,4  D1,5  D1,6  D1,7  D1,8  D1,9  D1,10  D1,11  D1,12  D2,3  D2,4  D2,5  D2,6  D2,7  D2,8  D2,9  D2,10  D2,11  D2,12  D3,4  D3,5  D3,6  D3,7  D3,8  D3,9  D3,10  D3,11  D3,12  D4,5  D4,6  D4,7  D4,8  D4,9  D4,10  D4,11  D4,12  D5,6  D5,7  D5,8  D5,9  D5,10  D5,11  D5,12  D6,7  D6,8  D6,9  D6,10  D6,11  D6,12  D7,8  D7,9  D7,10  D7,11  D7,12  D8,9  D8,10  D8,11  D8,12  D9,10  D9,11  D9,12  D10,11  D10,12  D11,12    Ln Like 
 1000:    1.00    0.174    0.032 0.040 0.013 0.043 0.063 0.136 0.005 0.046 0.021 0.041 0.033 0.030    0.035 0.041 0.041 0.074 0.076 0.023 0.037 0.036 0.039 0.046 0.054 0.032 0.033 0.087 0.080 0.026 0.045 0.047 0.023 0.046 0.052 0.029 0.053 0.079 0.014 0.055 0.033 0.027 0.023 0.029 0.084 0.084 0.032 0.060 0.050 0.030 0.045 0.056 0.117 0.050 0.091 0.038 0.071 0.052 0.060 0.069 0.096 0.081 0.085 0.076 0.086 0.032 0.024 0.021 0.023 0.028 0.048 0.047 0.061 0.065 0.044 0.039 0.044 0.039 0.048 0.021   --  
 2000:    1.00    0.112    0.028 0.028 0.013 0.032 0.044 0.132 0.010 0.031 0.025 0.025 0.025 0.018    0.026 0.029 0.031 0.054 0.069 0.020 0.023 0.031 0.027 0.033 0.036 0.028 0.026 0.071 0.076 0.027 0.033 0.043 0.019 0.037 0.038 0.024 0.043 0.073 0.014 0.040 0.029 0.020 0.019 0.019 0.067 0.077 0.028 0.044 0.040 0.026 0.037 0.040 0.099 0.039 0.064 0.035 0.055 0.044 0.045 0.070 0.077 0.074 0.079 0.066 0.073 0.025 0.023 0.017 0.024 0.027 0.039 0.033 0.044 0.048 0.036 0.033 0.033 0.031 0.035 0.016   --  
 3000:    1.00    0.099    0.024 0.025 0.013 0.033 0.039 0.121 0.009 0.029 0.023 0.024 0.021 0.022    0.027 0.029 0.030 0.051 0.069 0.016 0.023 0.026 0.027 0.032 0.035 0.028 0.024 0.067 0.072 0.021 0.033 0.038 0.019 0.034 0.038 0.027 0.040 0.074 0.016 0.042 0.026 0.020 0.019 0.020 0.069 0.078 0.028 0.043 0.040 0.023 0.038 0.043 0.102 0.040 0.066 0.031 0.051 0.043 0.042 0.066 0.080 0.071 0.076 0.069 0.071 0.023 0.021 0.016 0.021 0.022 0.041 0.036 0.045 0.047 0.032 0.033 0.032 0.028 0.033 0.013   --  
 4000:    1.00    0.090    0.016 0.018 0.012 0.030 0.039 0.130 0.009 0.030 0.026 0.022 0.021 0.017    0.024 0.028 0.029 0.049 0.074 0.016 0.023 0.026 0.025 0.029 0.028 0.026 0.022 0.062 0.089 0.024 0.033 0.037 0.018 0.035 0.032 0.024 0.035 0.085 0.015 0.042 0.025 0.018 0.019 0.019 0.062 0.087 0.027 0.044 0.038 0.019 0.038 0.039 0.106 0.036 0.063 0.031 0.048 0.039 0.037 0.078 0.094 0.083 0.091 0.084 0.086 0.025 0.022 0.015 0.022 0.024 0.040 0.035 0.046 0.047 0.032 0.033 0.030 0.029 0.034 0.014   --  
 5000:    1.00    0.083    0.027 0.020 0.011 0.026 0.036 0.125 0.011 0.030 0.020 0.023 0.020 0.021    0.027 0.029 0.026 0.047 0.067 0.019 0.022 0.026 0.027 0.029 0.031 0.025 0.022 0.059 0.071 0.023 0.025 0.037 0.018 0.034 0.031 0.021 0.036 0.077 0.016 0.036 0.026 0.017 0.018 0.019 0.058 0.075 0.025 0.036 0.035 0.020 0.033 0.036 0.102 0.036 0.059 0.029 0.047 0.039 0.040 0.072 0.080 0.075 0.080 0.066 0.069 0.023 0.022 0.016 0.023 0.027 0.037 0.030 0.041 0.040 0.032 0.030 0.028 0.026 0.032 0.014   --  
 6000:    1.00    0.078    0.024 0.024 0.012 0.028 0.032 0.117 0.011 0.025 0.017 0.025 0.018 0.018    0.026 0.032 0.024 0.052 0.070 0.023 0.024 0.027 0.034 0.031 0.030 0.027 0.021 0.063 0.073 0.025 0.028 0.033 0.022 0.032 0.029 0.020 0.037 0.076 0.017 0.038 0.024 0.018 0.019 0.019 0.055 0.073 0.024 0.036 0.031 0.020 0.031 0.033 0.099 0.038 0.058 0.029 0.051 0.036 0.040 0.077 0.084 0.074 0.083 0.070 0.071 0.024 0.021 0.019 0.026 0.028 0.032 0.039 0.040 0.040 0.034 0.026 0.026 0.028 0.031 0.013   --  
 7000:    1.00    0.072    0.022 0.021 0.010 0.029 0.032 0.123 0.013 0.027 0.019 0.025 0.020 0.017    0.024 0.024 0.026 0.042 0.075 0.022 0.025 0.025 0.031 0.027 0.025 0.022 0.022 0.055 0.081 0.022 0.028 0.029 0.017 0.030 0.030 0.019 0.034 0.087 0.018 0.035 0.023 0.017 0.014 0.016 0.052 0.085 0.027 0.040 0.031 0.020 0.030 0.033 0.107 0.033 0.056 0.025 0.049 0.034 0.034 0.089 0.097 0.084 0.093 0.079 0.082 0.025 0.021 0.019 0.026 0.028 0.036 0.035 0.042 0.042 0.034 0.028 0.026 0.027 0.033 0.012   --  
 8000:    1.00    0.068    0.020 0.023 0.011 0.024 0.031 0.146 0.014 0.027 0.021 0.019 0.019 0.019    0.026 0.025 0.026 0.045 0.075 0.021 0.022 0.026 0.029 0.028 0.029 0.024 0.019 0.058 0.081 0.026 0.029 0.034 0.018 0.030 0.029 0.024 0.032 0.081 0.019 0.035 0.023 0.016 0.015 0.015 0.058 0.083 0.029 0.037 0.033 0.020 0.031 0.032 0.102 0.033 0.058 0.029 0.048 0.034 0.035 0.085 0.091 0.081 0.091 0.077 0.077 0.024 0.023 0.019 0.026 0.029 0.038 0.034 0.043 0.041 0.033 0.029 0.027 0.025 0.031 0.013   --  
 9000:    1.00    0.066    0.021 0.019 0.015 0.022 0.029 0.147 0.012 0.025 0.020 0.020 0.015 0.019    0.026 0.026 0.025 0.040 0.071 0.021 0.027 0.024 0.027 0.025 0.026 0.024 0.017 0.054 0.072 0.022 0.028 0.032 0.016 0.028 0.028 0.021 0.035 0.081 0.020 0.038 0.026 0.015 0.015 0.018 0.054 0.074 0.024 0.036 0.032 0.017 0.027 0.032 0.096 0.032 0.058 0.026 0.047 0.035 0.034 0.075 0.085 0.076 0.080 0.072 0.076 0.027 0.020 0.017 0.024 0.027 0.036 0.033 0.041 0.043 0.031 0.028 0.027 0.023 0.029 0.011   --  

--------------------------------------------
Proportion of membership of each pre-defined
 population in each of the 12 clusters

Given    Inferred Clusters                                                                      Number of
 Pop       1      2      3      4      5      6      7      8      9     10     11     12      Individuals

  1:     0.012  0.096  0.019  0.027  0.026  0.046  0.094  0.045  0.519  0.035  0.022  0.059       45
  2:     0.029  0.009  0.031  0.013  0.840  0.005  0.009  0.033  0.011  0.011  0.006  0.004       50
  3:     0.116  0.036  0.049  0.010  0.087  0.031  0.108  0.040  0.416  0.036  0.040  0.032       48
  4:     0.040  0.112  0.038  0.070  0.071  0.031  0.187  0.072  0.234  0.043  0.062  0.039       50
  5:     0.041  0.038  0.080  0.062  0.032  0.037  0.104  0.019  0.119  0.355  0.075  0.039       50
  6:     0.043  0.073  0.202  0.020  0.038  0.014  0.032  0.089  0.163  0.236  0.017  0.075       49
  7:     0.047  0.155  0.070  0.018  0.033  0.050  0.226  0.071  0.063  0.153  0.032  0.082       43
  8:     0.038  0.044  0.030  0.044  0.014  0.019  0.031  0.024  0.035  0.663  0.027  0.030       46
  9:     0.047  0.038  0.049  0.046  0.023  0.038  0.050  0.017  0.659  0.008  0.016  0.007       60
 10:     0.120  0.045  0.154  0.073  0.043  0.037  0.124  0.043  0.128  0.086  0.051  0.098       38
 11:     0.053  0.056  0.069  0.072  0.021  0.014  0.197  0.035  0.066  0.326  0.042  0.050       50
 12:     0.032  0.094  0.039  0.077  0.056  0.025  0.557  0.022  0.038  0.032  0.006  0.022       48
 13:     0.057  0.081  0.038  0.020  0.033  0.024  0.179  0.047  0.303  0.059  0.070  0.087       50
 14:     0.043  0.030  0.044  0.026  0.493  0.013  0.067  0.043  0.069  0.025  0.072  0.076       57
 15:     0.071  0.025  0.104  0.043  0.096  0.030  0.008  0.022  0.516  0.019  0.013  0.054       48
 16:     0.008  0.010  0.038  0.018  0.830  0.009  0.020  0.010  0.022  0.005  0.018  0.011       48
 17:     0.069  0.105  0.039  0.017  0.099  0.026  0.107  0.023  0.318  0.065  0.072  0.060       50
 18:     0.028  0.068  0.031  0.050  0.070  0.008  0.108  0.078  0.096  0.290  0.062  0.111       44
 19:     0.043  0.054  0.031  0.058  0.019  0.012  0.514  0.040  0.066  0.091  0.042  0.031       50
 20:     0.012  0.052  0.015  0.048  0.024  0.006  0.064  0.030  0.032  0.649  0.053  0.016       50
 21:     0.029  0.019  0.059  0.015  0.738  0.028  0.012  0.011  0.041  0.021  0.013  0.014       48
 22:     0.054  0.087  0.120  0.022  0.107  0.019  0.328  0.028  0.085  0.020  0.079  0.050       50
 23:     0.049  0.091  0.080  0.031  0.016  0.022  0.250  0.034  0.114  0.170  0.082  0.062       49
 24:     0.056  0.047  0.056  0.023  0.061  0.002  0.466  0.034  0.100  0.038  0.072  0.046       50
 25:     0.035  0.082  0.149  0.071  0.029  0.028  0.168  0.063  0.116  0.142  0.040  0.077       50
 26:     0.052  0.067  0.030  0.071  0.069  0.050  0.132  0.060  0.068  0.223  0.068  0.112       50
 27:     0.059  0.021  0.092  0.015  0.385  0.013  0.082  0.083  0.045  0.035  0.087  0.083       55
 28:     0.033  0.023  0.117  0.008  0.207  0.028  0.011  0.037  0.407  0.055  0.041  0.033       50
 29:     0.084  0.163  0.064  0.107  0.024  0.022  0.161  0.093  0.097  0.088  0.059  0.040      108
 30:     0.073  0.206  0.050  0.130  0.019  0.030  0.133  0.086  0.129  0.058  0.041  0.045      109
 31:     0.067  0.067  0.169  0.075  0.023  0.023  0.143  0.017  0.078  0.270  0.045  0.022       49
 32:     0.087  0.024  0.065  0.076  0.060  0.029  0.173  0.051  0.268  0.068  0.071  0.029       50
 33:     0.033  0.004  0.045  0.012  0.027  0.060  0.020  0.038  0.550  0.035  0.135  0.042       50
 34:     0.061  0.016  0.194  0.079  0.232  0.029  0.010  0.058  0.111  0.021  0.112  0.078       50
 35:     0.098  0.023  0.080  0.033  0.120  0.036  0.092  0.028  0.348  0.069  0.046  0.026       50
 36:     0.042  0.035  0.027  0.037  0.014  0.022  0.542  0.045  0.122  0.055  0.028  0.033       39
 37:     0.093  0.043  0.163  0.063  0.057  0.029  0.101  0.042  0.104  0.221  0.047  0.035       47
 38:     0.061  0.051  0.217  0.031  0.018  0.020  0.131  0.054  0.177  0.145  0.061  0.035       67
 39:     0.056  0.036  0.022  0.065  0.037  0.018  0.564  0.037  0.060  0.026  0.017  0.062       34
 40:     0.031  0.056  0.166  0.056  0.052  0.027  0.206  0.048  0.063  0.206  0.052  0.037       58
 41:     0.044  0.050  0.139  0.048  0.057  0.023  0.182  0.047  0.130  0.117  0.097  0.067       86
 42:     0.022  0.102  0.127  0.051  0.048  0.026  0.143  0.072  0.113  0.166  0.046  0.086       44
 43:     0.041  0.053  0.020  0.016  0.033  0.010  0.028  0.014  0.015  0.729  0.021  0.018       44
 44:     0.054  0.031  0.066  0.083  0.309  0.022  0.038  0.056  0.085  0.049  0.062  0.145       50
 45:     0.023  0.075  0.036  0.065  0.016  0.045  0.104  0.114  0.123  0.243  0.067  0.089       35
 46:     0.057  0.029  0.030  0.079  0.123  0.008  0.190  0.052  0.292  0.066  0.042  0.032       50
 47:     0.012  0.024  0.070  0.068  0.021  0.005  0.434  0.039  0.199  0.040  0.055  0.035       36
 48:     0.094  0.028  0.088  0.044  0.211  0.012  0.106  0.049  0.202  0.045  0.065  0.058       53
 49:     0.013  0.026  0.033  0.031  0.591  0.003  0.027  0.028  0.070  0.064  0.084  0.029       57
 50:     0.034  0.025  0.140  0.040  0.274  0.009  0.038  0.024  0.201  0.055  0.064  0.098       49
 51:     0.022  0.030  0.024  0.026  0.012  0.083  0.115  0.074  0.468  0.063  0.057  0.025       42
 52:     0.048  0.079  0.051  0.069  0.051  0.016  0.098  0.029  0.140  0.277  0.048  0.096       50
 53:     0.052  0.441  0.029  0.051  0.023  0.012  0.092  0.088  0.037  0.084  0.034  0.057       50
 54:     0.059  0.272  0.026  0.089  0.031  0.038  0.090  0.150  0.127  0.057  0.042  0.017       44
 55:     0.095  0.162  0.045  0.029  0.045  0.010  0.130  0.128  0.067  0.149  0.068  0.072       50
 56:     0.028  0.834  0.037  0.011  0.012  0.010  0.001  0.005  0.033  0.018  0.008  0.003       30
 57:     0.034  0.151  0.056  0.137  0.016  0.031  0.234  0.054  0.127  0.057  0.066  0.036       50
 58:     0.079  0.167  0.116  0.058  0.031  0.038  0.136  0.105  0.098  0.118  0.009  0.046       50
 59:     0.112  0.186  0.020  0.108  0.027  0.054  0.131  0.168  0.051  0.085  0.024  0.034       33
 60:     0.198  0.115  0.020  0.082  0.159  0.032  0.036  0.064  0.024  0.207  0.012  0.050        9
 61:     0.087  0.125  0.032  0.078  0.028  0.044  0.299  0.096  0.076  0.057  0.040  0.036       50
 62:     0.045  0.335  0.041  0.083  0.006  0.009  0.092  0.066  0.217  0.023  0.070  0.014       32
 63:     0.073  0.281  0.082  0.086  0.012  0.026  0.083  0.127  0.128  0.064  0.019  0.018       50
 64:     0.049  0.541  0.032  0.067  0.018  0.021  0.095  0.025  0.011  0.092  0.029  0.020       50
 65:     0.024  0.782  0.028  0.025  0.028  0.014  0.020  0.019  0.016  0.023  0.014  0.008       29
 66:     0.144  0.162  0.066  0.053  0.034  0.029  0.116  0.086  0.147  0.093  0.034  0.038       50
 67:     0.042  0.391  0.044  0.161  0.035  0.025  0.074  0.010  0.112  0.069  0.011  0.027       31
 68:     0.080  0.291  0.059  0.111  0.035  0.030  0.066  0.047  0.064  0.116  0.025  0.078       27
 69:     0.184  0.118  0.044  0.135  0.008  0.003  0.105  0.185  0.041  0.110  0.054  0.011       20
 70:     0.110  0.239  0.012  0.051  0.026  0.020  0.169  0.112  0.061  0.112  0.035  0.052       50
 71:     0.015  0.091  0.142  0.051  0.070  0.019  0.219  0.033  0.082  0.194  0.046  0.038       50
 72:     0.068  0.446  0.034  0.048  0.035  0.015  0.054  0.080  0.108  0.028  0.060  0.023       37
 73:     0.030  0.018  0.077  0.021  0.477  0.038  0.061  0.060  0.078  0.025  0.038  0.077       81
 74:     0.080  0.055  0.028  0.023  0.056  0.025  0.016  0.041  0.019  0.041  0.165  0.451       50
 75:     0.111  0.119  0.088  0.062  0.024  0.020  0.139  0.097  0.014  0.097  0.087  0.141       50
 76:     0.081  0.027  0.224  0.045  0.036  0.023  0.045  0.035  0.101  0.074  0.145  0.165       89
 77:     0.525  0.027  0.039  0.047  0.027  0.026  0.041  0.043  0.052  0.033  0.070  0.070      100
 78:     0.034  0.025  0.057  0.036  0.525  0.018  0.025  0.029  0.061  0.014  0.050  0.125       94
 79:     0.042  0.017  0.512  0.051  0.060  0.025  0.069  0.032  0.041  0.057  0.047  0.048      100
 80:     0.013  0.027  0.047  0.023  0.049  0.020  0.036  0.047  0.071  0.025  0.137  0.506       50
 81:     0.061  0.043  0.053  0.038  0.024  0.044  0.151  0.058  0.047  0.059  0.185  0.239      100
 82:     0.163  0.083  0.083  0.068  0.034  0.033  0.074  0.065  0.086  0.086  0.082  0.142       98
 83:     0.030  0.040  0.040  0.016  0.021  0.025  0.009  0.014  0.055  0.026  0.016  0.709       50
 84:     0.029  0.024  0.035  0.024  0.678  0.010  0.013  0.024  0.038  0.029  0.071  0.026       99
 85:     0.096  0.079  0.140  0.096  0.030  0.024  0.048  0.076  0.065  0.085  0.115  0.146       99
 86:     0.057  0.020  0.072  0.027  0.030  0.020  0.023  0.030  0.061  0.027  0.575  0.058      100
 87:     0.019  0.023  0.105  0.052  0.021  0.034  0.022  0.018  0.032  0.045  0.560  0.071      100
 88:     0.049  0.017  0.062  0.018  0.042  0.016  0.034  0.036  0.051  0.030  0.091  0.553      100
 89:     0.111  0.040  0.130  0.076  0.056  0.041  0.040  0.056  0.111  0.091  0.082  0.166       99
 90:     0.055  0.021  0.026  0.034  0.080  0.020  0.094  0.061  0.035  0.042  0.358  0.175       48
 91:     0.006  0.039  0.076  0.040  0.396  0.007  0.051  0.049  0.173  0.043  0.097  0.025       28
 92:     0.069  0.018  0.083  0.045  0.087  0.063  0.029  0.034  0.044  0.016  0.063  0.450       50
 93:     0.046  0.047  0.033  0.029  0.093  0.022  0.048  0.027  0.032  0.048  0.444  0.131      100
 94:     0.060  0.007  0.078  0.043  0.028  0.015  0.069  0.034  0.081  0.052  0.111  0.423       50
 95:     0.060  0.019  0.028  0.075  0.373  0.034  0.067  0.058  0.124  0.056  0.070  0.035       41
 96:     0.044  0.075  0.206  0.083  0.053  0.023  0.039  0.038  0.066  0.064  0.155  0.152       81
 97:     0.053  0.033  0.048  0.052  0.075  0.018  0.035  0.016  0.042  0.014  0.090  0.522       50
 98:     0.050  0.049  0.123  0.153  0.036  0.014  0.063  0.049  0.040  0.080  0.062  0.281      100
 99:     0.082  0.049  0.152  0.074  0.041  0.018  0.058  0.083  0.076  0.068  0.042  0.257       89
100:     0.384  0.054  0.037  0.070  0.037  0.037  0.023  0.037  0.046  0.094  0.091  0.091       98
101:     0.079  0.030  0.105  0.093  0.128  0.030  0.061  0.072  0.101  0.059  0.100  0.141      100
102:     0.005  0.005  0.003  0.009  0.007  0.923  0.012  0.005  0.013  0.005  0.006  0.006       95
103:     0.085  0.049  0.270  0.065  0.036  0.010  0.072  0.071  0.101  0.074  0.132  0.035       50
104:     0.034  0.032  0.050  0.050  0.079  0.025  0.043  0.045  0.021  0.033  0.506  0.081       70
105:     0.050  0.015  0.074  0.035  0.517  0.029  0.015  0.050  0.044  0.026  0.058  0.085      100
106:     0.034  0.044  0.079  0.056  0.044  0.018  0.019  0.064  0.083  0.046  0.053  0.461       50
107:     0.033  0.038  0.052  0.044  0.021  0.020  0.024  0.025  0.032  0.021  0.642  0.049      100
108:     0.016  0.008  0.783  0.041  0.017  0.008  0.009  0.004  0.036  0.032  0.031  0.015       50
109:     0.091  0.057  0.120  0.036  0.026  0.011  0.071  0.064  0.092  0.101  0.096  0.236      100
110:     0.031  0.025  0.033  0.008  0.507  0.028  0.045  0.057  0.117  0.042  0.032  0.075       41
111:     0.071  0.026  0.050  0.031  0.408  0.021  0.042  0.070  0.124  0.051  0.050  0.056      100
112:     0.045  0.025  0.401  0.068  0.042  0.013  0.033  0.012  0.024  0.077  0.089  0.172       50
113:     0.019  0.034  0.078  0.027  0.032  0.013  0.038  0.015  0.032  0.017  0.623  0.071       97
114:     0.079  0.025  0.082  0.049  0.355  0.039  0.023  0.038  0.128  0.037  0.069  0.076      100
115:     0.080  0.023  0.071  0.025  0.072  0.020  0.011  0.065  0.074  0.021  0.198  0.340       49
116:     0.047  0.044  0.071  0.027  0.056  0.024  0.066  0.040  0.056  0.026  0.150  0.393      100
117:     0.025  0.044  0.078  0.088  0.094  0.027  0.084  0.102  0.065  0.052  0.158  0.184       50
118:     0.034  0.036  0.478  0.063  0.043  0.012  0.028  0.048  0.021  0.025  0.066  0.145      100
119:     0.081  0.071  0.083  0.057  0.065  0.027  0.039  0.082  0.078  0.096  0.092  0.228       90
120:     0.093  0.095  0.078  0.082  0.060  0.022  0.189  0.102  0.059  0.105  0.065  0.048       70
121:     0.019  0.027  0.019  0.728  0.013  0.015  0.029  0.023  0.022  0.071  0.018  0.016       82
122:     0.826  0.009  0.032  0.019  0.016  0.005  0.024  0.011  0.026  0.009  0.014  0.008       66
123:     0.858  0.005  0.002  0.019  0.017  0.014  0.010  0.004  0.020  0.007  0.023  0.020       28
124:     0.021  0.015  0.044  0.020  0.036  0.006  0.042  0.694  0.053  0.032  0.022  0.015       44
125:     0.024  0.017  0.025  0.026  0.038  0.007  0.045  0.727  0.040  0.016  0.009  0.025       60
126:     0.067  0.033  0.023  0.022  0.017  0.009  0.030  0.706  0.038  0.019  0.008  0.027       83
127:     0.013  0.032  0.044  0.053  0.031  0.028  0.029  0.695  0.016  0.023  0.016  0.021       49
128:     0.045  0.020  0.030  0.018  0.012  0.012  0.054  0.711  0.033  0.028  0.014  0.023       84
129:     0.009  0.115  0.075  0.045  0.026  0.044  0.054  0.438  0.061  0.050  0.065  0.019       53
130:     0.073  0.059  0.002  0.042  0.005  0.019  0.039  0.610  0.030  0.042  0.034  0.042       58
131:     0.081  0.064  0.026  0.037  0.017  0.032  0.058  0.490  0.066  0.035  0.070  0.025       78
132:     0.060  0.074  0.022  0.083  0.028  0.008  0.080  0.485  0.050  0.044  0.044  0.022       59
133:     0.063  0.067  0.028  0.051  0.024  0.029  0.086  0.540  0.019  0.058  0.022  0.014       41
134:     0.101  0.100  0.048  0.042  0.030  0.040  0.076  0.307  0.041  0.079  0.086  0.050       42
135:     0.129  0.281  0.046  0.042  0.014  0.017  0.037  0.285  0.038  0.057  0.008  0.047       30
136:     0.055  0.188  0.044  0.072  0.014  0.037  0.071  0.286  0.067  0.075  0.046  0.046       53
137:     0.038  0.053  0.156  0.065  0.058  0.040  0.198  0.038  0.065  0.175  0.051  0.064       58
138:     0.155  0.065  0.098  0.054  0.029  0.024  0.309  0.050  0.067  0.085  0.034  0.031       84
139:     0.029  0.036  0.015  0.667  0.019  0.023  0.018  0.066  0.026  0.068  0.014  0.020       81
140:     0.007  0.016  0.008  0.008  0.002  0.002  0.007  0.017  0.005  0.916  0.011  0.002       30
141:     0.028  0.025  0.006  0.659  0.012  0.008  0.034  0.024  0.023  0.157  0.011  0.010       37
142:     0.038  0.181  0.026  0.507  0.003  0.016  0.036  0.042  0.031  0.062  0.031  0.027       46
143:     0.144  0.426  0.036  0.141  0.017  0.055  0.024  0.010  0.045  0.030  0.048  0.024       55
144:     0.054  0.538  0.028  0.058  0.022  0.015  0.062  0.069  0.038  0.060  0.024  0.032       52
145:     0.049  0.544  0.051  0.066  0.010  0.017  0.053  0.039  0.011  0.090  0.041  0.030       73
146:     0.127  0.328  0.040  0.041  0.040  0.039  0.094  0.046  0.108  0.073  0.045  0.019       73
147:     0.027  0.395  0.027  0.081  0.008  0.026  0.101  0.060  0.017  0.150  0.056  0.053       53
148:     0.026  0.496  0.046  0.081  0.016  0.019  0.063  0.089  0.031  0.091  0.028  0.014       52
149:     0.036  0.450  0.056  0.048  0.013  0.025  0.093  0.025  0.024  0.142  0.038  0.050       44
150:     0.103  0.381  0.043  0.078  0.041  0.024  0.081  0.061  0.025  0.084  0.051  0.026       80
151:     0.087  0.307  0.049  0.046  0.023  0.021  0.092  0.106  0.078  0.104  0.023  0.064       49
152:     0.062  0.042  0.220  0.066  0.044  0.028  0.081  0.049  0.138  0.133  0.061  0.077       34
153:     0.205  0.064  0.080  0.098  0.028  0.037  0.145  0.066  0.083  0.054  0.067  0.075      100
--------------------------------------------

 Rep#:   Lambda   Alpha      F1    F2    F3    F4    F5    F6    F7    F8    F9    F10    F11    F12     D1,2  D1,3  D1,4  D1,5  D1,6  D1,7  D1,8  D1,9  D1,10  D1,11  D1,12  D2,3  D2,4  D2,5  D2,6  D2,7  D2,8  D2,9  D2,10  D2,11  D2,12  D3,4  D3,5  D3,6  D3,7  D3,8  D3,9  D3,10  D3,11  D3,12  D4,5  D4,6  D4,7  D4,8  D4,9  D4,10  D4,11  D4,12  D5,6  D5,7  D5,8  D5,9  D5,10  D5,11  D5,12  D6,7  D6,8  D6,9  D6,10  D6,11  D6,12  D7,8  D7,9  D7,10  D7,11  D7,12  D8,9  D8,10  D8,11  D8,12  D9,10  D9,11  D9,12  D10,11  D10,12  D11,12    Ln Like 
10000:    1.00    0.064    0.021 0.020 0.011 0.025 0.033 0.194 0.014 0.024 0.017 0.017 0.016 0.017    0.023 0.024 0.026 0.043 0.074 0.023 0.022 0.022 0.026 0.023 0.024 0.022 0.019 0.055 0.082 0.022 0.030 0.030 0.016 0.027 0.027 0.020 0.032 0.088 0.016 0.034 0.020 0.015 0.015 0.015 0.057 0.086 0.025 0.041 0.032 0.018 0.029 0.034 0.108 0.035 0.058 0.028 0.047 0.035 0.034 0.089 0.092 0.084 0.092 0.083 0.086 0.025 0.020 0.016 0.025 0.030 0.031 0.032 0.039 0.039 0.027 0.025 0.024 0.022 0.028 0.012   --  
