This is a job step 4


----------------------------------------------------
STRUCTURE by Pritchard, Stephens and Donnelly (2000)
     and Falush, Stephens and Pritchard (2003)
       Code by Pritchard, Falush and Hubisz
             Version 2.3.4 (Jul 2012)
----------------------------------------------------


Reading file "/global/home/hpc3579/Salmon-Project/STRUCTURE/mainparamsfiles/mainparamsbigfile".
datafile is
/global/home/hpc3579/Salmon-Project/FileConversions/bigfilestruc.str
Reading file "/global/home/hpc3579/Salmon-Project/STRUCTURE/extraparams_bigfile".
Note: RANDOMIZE is set to 1. The random number generator will be initialized using the system clock, ignoring any specified value of SEED.
Reading file "/global/home/hpc3579/Salmon-Project/FileConversions/bigfilestruc.str".


Data file "/global/home/hpc3579/Salmon-Project/FileConversions/bigfilestruc.str" (truncated) --

Ind:   Label Pop : Genotype_data . . . .
  1: QC-ANG-01    1  :110 167 287 296 254 146 173  . . . . 291
  1: QC-ANG-01    1  :110 179 295 312 358 210 175  . . . . 315
  2: QC-ANG-11    1  :130 171 291 312 322 210 193  . . . . 283
  2: QC-ANG-11    1  :130 175 303 336 338 242 199  . . . . 303
  3: QC-ANG-12    1  :106 175 279 312 278 198 171  . . . . 315
  3: QC-ANG-12    1  :130 191 307 372 342 210 201  . . . . 319
  4: QC-ANG-13    1  :128 159 291 320 314 214 159  . . . . 287
  4: QC-ANG-13    1  :128 167 295 344 326 254 201  . . . . 315

      *******   

9141: US-NA11574  153  :122 203 283 312 254 198 173  . . . . 303
9141: US-NA11574  153  :128 203 303 340 290 206 173  . . . . 307
9142: US-NA11575  153  :122 167 283 300 254 214 173  . . . . 295
9142: US-NA11575  153  :128 167 303 336 290 298 173  . . . . 339

Number of alleles per locus: min=15; ave=39.8; max=91


--------------------------------------

Finished initialization; starting MCMC 
1000000 iterations + 100000 burnin


--------------------------------------------
Proportion of membership of each pre-defined
 population in each of the 4 clusters

Given    Inferred Clusters              Number of
 Pop       1      2      3      4      Individuals

  1:     0.128  0.258  0.354  0.259       45
  2:     0.037  0.893  0.028  0.043       50
  3:     0.155  0.464  0.137  0.244       48
  4:     0.120  0.320  0.143  0.418       50
  5:     0.196  0.136  0.432  0.236       50
  6:     0.254  0.192  0.331  0.222       49
  7:     0.145  0.117  0.394  0.343       43
  8:     0.147  0.112  0.565  0.176       46
  9:     0.195  0.276  0.368  0.161       60
 10:     0.200  0.222  0.285  0.292       38
 11:     0.093  0.207  0.484  0.216       50
 12:     0.164  0.130  0.384  0.322       48
 13:     0.247  0.250  0.258  0.245       50
 14:     0.117  0.626  0.101  0.156       57
 15:     0.149  0.517  0.150  0.184       48
 16:     0.057  0.849  0.044  0.049       48
 17:     0.163  0.328  0.178  0.331       50
 18:     0.212  0.152  0.340  0.296       44
 19:     0.127  0.128  0.233  0.512       50
 20:     0.137  0.097  0.664  0.101       50
 21:     0.043  0.865  0.041  0.051       48
 22:     0.144  0.261  0.168  0.427       50
 23:     0.200  0.131  0.364  0.305       49
 24:     0.120  0.227  0.228  0.425       50
 25:     0.233  0.091  0.434  0.242       50
 26:     0.135  0.289  0.359  0.217       50
 27:     0.162  0.600  0.083  0.155       55
 28:     0.136  0.662  0.098  0.103       50
 29:     0.134  0.098  0.458  0.310      108
 30:     0.115  0.131  0.360  0.394      109
 31:     0.209  0.102  0.408  0.281       49
 32:     0.109  0.246  0.330  0.315       50
 33:     0.287  0.387  0.193  0.133       50
 34:     0.205  0.563  0.071  0.162       50
 35:     0.157  0.471  0.136  0.236       50
 36:     0.154  0.131  0.243  0.472       39
 37:     0.247  0.199  0.280  0.275       47
 38:     0.240  0.124  0.335  0.301       67
 39:     0.095  0.173  0.333  0.399       34
 40:     0.250  0.143  0.390  0.217       58
 41:     0.167  0.275  0.270  0.289       86
 42:     0.215  0.132  0.326  0.327       44
 43:     0.132  0.081  0.654  0.132       44
 44:     0.104  0.683  0.094  0.119       50
 45:     0.213  0.172  0.392  0.222       35
 46:     0.141  0.275  0.239  0.345       50
 47:     0.161  0.282  0.297  0.260       36
 48:     0.094  0.605  0.127  0.175       53
 49:     0.088  0.825  0.047  0.040       57
 50:     0.166  0.574  0.148  0.112       49
 51:     0.161  0.285  0.253  0.301       42
 52:     0.212  0.194  0.370  0.225       50
 53:     0.087  0.083  0.594  0.236       50
 54:     0.067  0.061  0.399  0.473       44
 55:     0.131  0.132  0.373  0.364       50
 56:     0.025  0.035  0.790  0.149       30
 57:     0.130  0.143  0.376  0.351       50
 58:     0.099  0.094  0.497  0.310       50
 59:     0.089  0.123  0.446  0.342       33
 60:     0.053  0.041  0.620  0.286        9
 61:     0.092  0.090  0.469  0.349       50
 62:     0.044  0.113  0.453  0.389       32
 63:     0.121  0.084  0.450  0.345       50
 64:     0.076  0.055  0.680  0.188       50
 65:     0.025  0.098  0.528  0.348       29
 66:     0.118  0.109  0.381  0.392       50
 67:     0.132  0.110  0.507  0.250       31
 68:     0.109  0.100  0.415  0.375       27
 69:     0.109  0.109  0.276  0.505       20
 70:     0.072  0.090  0.471  0.367       50
 71:     0.179  0.197  0.260  0.364       50
 72:     0.091  0.052  0.543  0.313       37
 73:     0.126  0.707  0.067  0.100       81
 74:     0.642  0.127  0.064  0.167       50
 75:     0.344  0.085  0.297  0.274       50
 76:     0.476  0.164  0.146  0.214       89
 77:     0.516  0.125  0.160  0.199      100
 78:     0.136  0.758  0.044  0.062       94
 79:     0.416  0.230  0.165  0.189      100
 80:     0.579  0.237  0.101  0.082       50
 81:     0.515  0.068  0.153  0.264      100
 82:     0.365  0.137  0.248  0.250       98
 83:     0.767  0.062  0.069  0.102       50
 84:     0.061  0.849  0.055  0.036       99
 85:     0.300  0.138  0.307  0.256       99
 86:     0.553  0.210  0.118  0.119      100
 87:     0.634  0.136  0.138  0.092      100
 88:     0.628  0.158  0.101  0.113      100
 89:     0.421  0.149  0.252  0.178       99
 90:     0.519  0.215  0.114  0.152       48
 91:     0.059  0.726  0.070  0.145       28
 92:     0.552  0.211  0.096  0.142       50
 93:     0.604  0.217  0.090  0.090      100
 94:     0.572  0.164  0.100  0.164       50
 95:     0.089  0.688  0.094  0.129       41
 96:     0.548  0.124  0.189  0.139       81
 97:     0.602  0.161  0.124  0.113       50
 98:     0.528  0.106  0.230  0.136      100
 99:     0.388  0.134  0.225  0.254       89
100:     0.378  0.148  0.320  0.153       98
101:     0.325  0.329  0.198  0.148      100
102:     0.180  0.059  0.693  0.068       95
103:     0.414  0.112  0.245  0.229       50
104:     0.667  0.129  0.124  0.080       70
105:     0.122  0.682  0.090  0.106      100
106:     0.580  0.137  0.112  0.171       50
107:     0.659  0.121  0.145  0.075      100
108:     0.649  0.129  0.182  0.040       50
109:     0.396  0.146  0.173  0.285      100
110:     0.112  0.713  0.052  0.123       41
111:     0.148  0.626  0.097  0.128      100
112:     0.566  0.164  0.150  0.120       50
113:     0.681  0.150  0.086  0.083       97
114:     0.176  0.599  0.124  0.100      100
115:     0.633  0.210  0.097  0.060       49
116:     0.549  0.192  0.143  0.115      100
117:     0.370  0.309  0.182  0.139       50
118:     0.596  0.146  0.129  0.130      100
119:     0.455  0.186  0.193  0.165       90
120:     0.187  0.142  0.364  0.307       70
121:     0.174  0.064  0.592  0.170       82
122:     0.082  0.099  0.599  0.221       66
123:     0.245  0.075  0.228  0.452       28
124:     0.050  0.097  0.040  0.812       44
125:     0.068  0.064  0.054  0.814       60
126:     0.046  0.080  0.084  0.789       83
127:     0.052  0.078  0.103  0.767       49
128:     0.037  0.050  0.077  0.836       84
129:     0.102  0.102  0.187  0.608       53
130:     0.076  0.036  0.092  0.796       58
131:     0.074  0.062  0.133  0.730       78
132:     0.084  0.051  0.106  0.760       59
133:     0.066  0.106  0.125  0.704       41
134:     0.140  0.081  0.191  0.588       42
135:     0.151  0.088  0.224  0.537       30
136:     0.089  0.047  0.265  0.599       53
137:     0.326  0.196  0.290  0.188       58
138:     0.165  0.117  0.403  0.314       84
139:     0.059  0.062  0.740  0.139       81
140:     0.156  0.082  0.559  0.203       30
141:     0.158  0.061  0.584  0.196       37
142:     0.084  0.070  0.653  0.192       46
143:     0.125  0.078  0.614  0.183       55
144:     0.088  0.056  0.638  0.218       52
145:     0.117  0.066  0.669  0.147       73
146:     0.108  0.088  0.571  0.233       73
147:     0.094  0.081  0.588  0.237       53
148:     0.161  0.077  0.561  0.201       52
149:     0.161  0.031  0.544  0.264       44
150:     0.139  0.086  0.506  0.269       80
151:     0.115  0.106  0.571  0.208       49
152:     0.335  0.150  0.328  0.187       34
153:     0.186  0.091  0.178  0.546      100
--------------------------------------------

 Rep#:   Lambda   Alpha      F1    F2    F3    F4     D1,2  D1,3  D1,4  D2,3  D2,4  D3,4    Ln Like 
 1000:    1.00    0.182    0.006 0.013 0.008 0.010    0.020 0.014 0.020 0.029 0.029 0.012   --  
 2000:    1.00    0.168    0.007 0.017 0.009 0.009    0.018 0.014 0.019 0.027 0.027 0.012   --  
 3000:    1.00    0.144    0.007 0.014 0.009 0.009    0.018 0.014 0.018 0.027 0.028 0.012   --  
 4000:    1.00    0.140    0.008 0.017 0.009 0.009    0.019 0.013 0.019 0.027 0.027 0.012   --  
 5000:    1.00    0.152    0.008 0.016 0.010 0.008    0.019 0.013 0.019 0.026 0.028 0.012   --  
 6000:    1.00    0.150    0.007 0.018 0.010 0.010    0.019 0.013 0.019 0.025 0.028 0.012   --  
 7000:    1.00    0.156    0.008 0.016 0.013 0.012    0.019 0.013 0.019 0.026 0.027 0.014   --  
 8000:    1.00    0.154    0.008 0.018 0.014 0.011    0.018 0.014 0.019 0.026 0.027 0.013   --  
 9000:    1.00    0.175    0.009 0.018 0.013 0.014    0.019 0.014 0.019 0.027 0.029 0.013   --  

--------------------------------------------
Proportion of membership of each pre-defined
 population in each of the 4 clusters

Given    Inferred Clusters              Number of
 Pop       1      2      3      4      Individuals

  1:     0.094  0.335  0.356  0.216       45
  2:     0.033  0.920  0.021  0.025       50
  3:     0.177  0.360  0.172  0.292       48
  4:     0.096  0.302  0.262  0.340       50
  5:     0.195  0.080  0.482  0.243       50
  6:     0.113  0.187  0.437  0.264       49
  7:     0.122  0.145  0.470  0.263       43
  8:     0.064  0.062  0.800  0.074       46
  9:     0.198  0.330  0.233  0.239       60
 10:     0.194  0.160  0.408  0.238       38
 11:     0.090  0.096  0.663  0.152       50
 12:     0.104  0.161  0.442  0.293       48
 13:     0.142  0.344  0.263  0.252       50
 14:     0.109  0.692  0.108  0.091       57
 15:     0.134  0.405  0.146  0.315       48
 16:     0.053  0.881  0.044  0.022       48
 17:     0.127  0.337  0.155  0.380       50
 18:     0.202  0.142  0.383  0.273       44
 19:     0.142  0.164  0.356  0.338       50
 20:     0.155  0.088  0.680  0.076       50
 21:     0.032  0.867  0.051  0.049       48
 22:     0.165  0.341  0.224  0.270       50
 23:     0.186  0.163  0.413  0.239       49
 24:     0.121  0.288  0.239  0.353       50
 25:     0.212  0.142  0.488  0.158       50
 26:     0.219  0.258  0.369  0.154       50
 27:     0.187  0.629  0.050  0.134       55
 28:     0.061  0.756  0.107  0.076       50
 29:     0.085  0.108  0.364  0.443      108
 30:     0.129  0.144  0.359  0.368      109
 31:     0.181  0.137  0.484  0.198       49
 32:     0.094  0.177  0.364  0.365       50
 33:     0.267  0.362  0.234  0.137       50
 34:     0.192  0.596  0.100  0.111       50
 35:     0.148  0.507  0.132  0.213       50
 36:     0.111  0.241  0.344  0.304       39
 37:     0.189  0.188  0.432  0.191       47
 38:     0.239  0.126  0.353  0.282       67
 39:     0.095  0.223  0.393  0.289       34
 40:     0.201  0.123  0.586  0.090       58
 41:     0.189  0.250  0.343  0.218       86
 42:     0.129  0.154  0.462  0.256       44
 43:     0.072  0.113  0.767  0.048       44
 44:     0.089  0.678  0.133  0.100       50
 45:     0.160  0.185  0.443  0.212       35
 46:     0.168  0.328  0.231  0.273       50
 47:     0.093  0.292  0.252  0.363       36
 48:     0.119  0.607  0.116  0.157       53
 49:     0.067  0.748  0.095  0.089       57
 50:     0.175  0.591  0.129  0.105       49
 51:     0.159  0.417  0.156  0.268       42
 52:     0.193  0.178  0.513  0.115       50
 53:     0.066  0.046  0.594  0.294       50
 54:     0.094  0.078  0.338  0.490       44
 55:     0.107  0.100  0.410  0.383       50
 56:     0.059  0.082  0.422  0.437       30
 57:     0.091  0.112  0.355  0.443       50
 58:     0.130  0.083  0.346  0.441       50
 59:     0.114  0.060  0.436  0.390       33
 60:     0.078  0.105  0.554  0.263        9
 61:     0.114  0.114  0.281  0.492       50
 62:     0.027  0.092  0.365  0.516       32
 63:     0.090  0.124  0.276  0.510       50
 64:     0.110  0.065  0.596  0.229       50
 65:     0.059  0.124  0.397  0.420       29
 66:     0.128  0.082  0.421  0.369       50
 67:     0.113  0.117  0.542  0.227       31
 68:     0.060  0.087  0.387  0.466       27
 69:     0.066  0.111  0.409  0.414       20
 70:     0.093  0.118  0.299  0.490       50
 71:     0.124  0.187  0.455  0.235       50
 72:     0.072  0.143  0.262  0.522       37
 73:     0.132  0.699  0.050  0.119       81
 74:     0.614  0.219  0.032  0.134       50
 75:     0.283  0.099  0.248  0.370       50
 76:     0.505  0.216  0.164  0.116       89
 77:     0.539  0.102  0.205  0.154      100
 78:     0.166  0.722  0.052  0.060       94
 79:     0.392  0.223  0.233  0.152      100
 80:     0.644  0.238  0.055  0.062       50
 81:     0.475  0.135  0.151  0.239      100
 82:     0.277  0.167  0.255  0.301       98
 83:     0.694  0.113  0.104  0.089       50
 84:     0.069  0.845  0.052  0.033       99
 85:     0.266  0.179  0.312  0.243       99
 86:     0.654  0.136  0.080  0.130      100
 87:     0.720  0.093  0.101  0.086      100
 88:     0.604  0.175  0.095  0.126      100
 89:     0.449  0.182  0.139  0.230       99
 90:     0.548  0.227  0.139  0.086       48
 91:     0.108  0.720  0.061  0.111       28
 92:     0.616  0.163  0.063  0.158       50
 93:     0.575  0.213  0.108  0.105      100
 94:     0.549  0.201  0.110  0.140       50
 95:     0.085  0.664  0.137  0.114       41
 96:     0.470  0.198  0.152  0.180       81
 97:     0.508  0.207  0.179  0.106       50
 98:     0.379  0.143  0.362  0.116      100
 99:     0.327  0.198  0.180  0.295       89
100:     0.365  0.150  0.347  0.138       98
101:     0.330  0.320  0.184  0.166      100
102:     0.862  0.047  0.037  0.055       95
103:     0.326  0.128  0.327  0.220       50
104:     0.601  0.187  0.112  0.100       70
105:     0.122  0.703  0.112  0.063      100
106:     0.585  0.177  0.071  0.166       50
107:     0.615  0.138  0.145  0.103      100
108:     0.421  0.190  0.313  0.077       50
109:     0.403  0.183  0.123  0.291      100
110:     0.079  0.764  0.056  0.100       41
111:     0.149  0.666  0.073  0.111      100
112:     0.509  0.157  0.220  0.114       50
113:     0.684  0.111  0.124  0.081       97
114:     0.156  0.628  0.095  0.120      100
115:     0.565  0.227  0.095  0.114       49
116:     0.547  0.210  0.126  0.118      100
117:     0.432  0.223  0.182  0.163       50
118:     0.498  0.196  0.167  0.139      100
119:     0.396  0.198  0.187  0.219       90
120:     0.197  0.177  0.323  0.303       70
121:     0.086  0.142  0.603  0.169       82
122:     0.185  0.116  0.212  0.486       66
123:     0.215  0.140  0.468  0.177       28
124:     0.028  0.148  0.064  0.761       44
125:     0.054  0.087  0.115  0.744       60
126:     0.066  0.071  0.096  0.767       83
127:     0.074  0.062  0.079  0.784       49
128:     0.029  0.066  0.085  0.821       84
129:     0.091  0.066  0.219  0.624       53
130:     0.053  0.022  0.083  0.841       58
131:     0.087  0.074  0.115  0.725       78
132:     0.099  0.092  0.090  0.719       59
133:     0.042  0.072  0.110  0.776       41
134:     0.150  0.093  0.108  0.648       42
135:     0.099  0.053  0.216  0.632       30
136:     0.092  0.057  0.174  0.678       53
137:     0.234  0.199  0.395  0.171       58
138:     0.169  0.103  0.451  0.277       84
139:     0.050  0.069  0.755  0.126       81
140:     0.088  0.045  0.808  0.059       30
141:     0.070  0.074  0.760  0.097       37
142:     0.070  0.048  0.647  0.235       46
143:     0.140  0.093  0.649  0.118       55
144:     0.081  0.062  0.623  0.235       52
145:     0.109  0.053  0.585  0.253       73
146:     0.158  0.073  0.442  0.327       73
147:     0.110  0.052  0.627  0.211       53
148:     0.142  0.058  0.542  0.258       52
149:     0.137  0.048  0.536  0.280       44
150:     0.145  0.076  0.462  0.317       80
151:     0.105  0.069  0.561  0.265       49
152:     0.172  0.171  0.498  0.159       34
153:     0.203  0.126  0.177  0.494      100
--------------------------------------------

 Rep#:   Lambda   Alpha      F1    F2    F3    F4     D1,2  D1,3  D1,4  D2,3  D2,4  D3,4    Ln Like 
10000:    1.00    0.178    0.011 0.020 0.015 0.012    0.020 0.015 0.019 0.029 0.030 0.013   --  
11000:    1.00    0.191    0.012 0.023 0.012 0.013    0.021 0.015 0.021 0.029 0.032 0.014   --  
12000:    1.00    0.192    0.011 0.018 0.014 0.014    0.021 0.016 0.022 0.031 0.032 0.014   --  
13000:    1.00    0.186    0.010 0.020 0.014 0.011    0.021 0.015 0.020 0.029 0.030 0.013   --  
14000:    1.00    0.197    0.012 0.019 0.014 0.012    0.021 0.017 0.023 0.030 0.030 0.013   --  
15000:    1.00    0.189    0.011 0.020 0.014 0.014    0.022 0.015 0.022 0.029 0.031 0.014   --  
16000:    1.00    0.182    0.011 0.020 0.014 0.013    0.020 0.016 0.019 0.031 0.030 0.015   --  
17000:    1.00    0.196    0.012 0.019 0.015 0.015    0.021 0.015 0.022 0.029 0.030 0.014   --  
18000:    1.00    0.193    0.010 0.019 0.012 0.014    0.022 0.015 0.021 0.031 0.031 0.015   --  
19000:    1.00    0.175    0.011 0.019 0.014 0.012    0.019 0.014 0.020 0.028 0.029 0.013   --  

--------------------------------------------
Proportion of membership of each pre-defined
 population in each of the 4 clusters

Given    Inferred Clusters              Number of
 Pop       1      2      3      4      Individuals

  1:     0.072  0.338  0.314  0.276       45
  2:     0.030  0.885  0.036  0.049       50
  3:     0.209  0.430  0.105  0.256       48
  4:     0.159  0.254  0.238  0.349       50
  5:     0.136  0.138  0.571  0.155       50
  6:     0.204  0.193  0.416  0.187       49
  7:     0.186  0.104  0.422  0.288       43
  8:     0.088  0.098  0.696  0.118       46
  9:     0.185  0.399  0.180  0.236       60
 10:     0.223  0.240  0.323  0.214       38
 11:     0.083  0.145  0.641  0.131       50
 12:     0.113  0.157  0.568  0.162       48
 13:     0.188  0.282  0.186  0.344       50
 14:     0.114  0.666  0.105  0.116       57
 15:     0.160  0.446  0.170  0.223       48
 16:     0.055  0.876  0.034  0.035       48
 17:     0.147  0.340  0.176  0.338       50
 18:     0.255  0.112  0.485  0.148       44
 19:     0.170  0.160  0.268  0.402       50
 20:     0.094  0.071  0.751  0.084       50
 21:     0.060  0.856  0.053  0.031       48
 22:     0.109  0.365  0.219  0.307       50
 23:     0.192  0.157  0.434  0.217       49
 24:     0.107  0.300  0.265  0.328       50
 25:     0.212  0.126  0.466  0.197       50
 26:     0.178  0.236  0.361  0.225       50
 27:     0.172  0.641  0.078  0.110       55
 28:     0.041  0.732  0.117  0.110       50
 29:     0.116  0.095  0.367  0.422      108
 30:     0.131  0.127  0.416  0.326      109
 31:     0.122  0.169  0.422  0.288       49
 32:     0.106  0.260  0.425  0.209       50
 33:     0.318  0.283  0.246  0.153       50
 34:     0.197  0.613  0.056  0.135       50
 35:     0.078  0.455  0.228  0.239       50
 36:     0.101  0.202  0.404  0.293       39
 37:     0.208  0.208  0.364  0.221       47
 38:     0.242  0.091  0.401  0.267       67
 39:     0.178  0.191  0.383  0.248       34
 40:     0.192  0.098  0.571  0.139       58
 41:     0.157  0.293  0.299  0.251       86
 42:     0.133  0.127  0.477  0.263       44
 43:     0.107  0.093  0.710  0.090       44
 44:     0.078  0.712  0.121  0.089       50
 45:     0.214  0.120  0.490  0.175       35
 46:     0.174  0.342  0.254  0.230       50
 47:     0.133  0.266  0.258  0.343       36
 48:     0.087  0.610  0.105  0.198       53
 49:     0.039  0.812  0.103  0.047       57
 50:     0.160  0.544  0.128  0.168       49
 51:     0.220  0.230  0.179  0.371       42
 52:     0.179  0.122  0.549  0.149       50
 53:     0.077  0.060  0.520  0.343       50
 54:     0.068  0.069  0.315  0.549       44
 55:     0.076  0.112  0.483  0.329       50
 56:     0.089  0.069  0.528  0.314       30
 57:     0.106  0.074  0.406  0.413       50
 58:     0.140  0.054  0.423  0.383       50
 59:     0.107  0.084  0.375  0.434       33
 60:     0.164  0.093  0.542  0.201        9
 61:     0.100  0.105  0.355  0.440       50
 62:     0.082  0.044  0.466  0.408       32
 63:     0.148  0.117  0.332  0.403       50
 64:     0.130  0.059  0.629  0.183       50
 65:     0.062  0.055  0.374  0.509       29
 66:     0.081  0.086  0.448  0.385       50
 67:     0.087  0.088  0.649  0.176       31
 68:     0.178  0.143  0.391  0.288       27
 69:     0.113  0.152  0.338  0.397       20
 70:     0.099  0.123  0.391  0.387       50
 71:     0.153  0.190  0.399  0.258       50
 72:     0.087  0.060  0.373  0.480       37
 73:     0.123  0.712  0.095  0.071       81
 74:     0.606  0.122  0.115  0.157       50
 75:     0.266  0.140  0.233  0.361       50
 76:     0.477  0.181  0.195  0.147       89
 77:     0.551  0.081  0.151  0.218      100
 78:     0.135  0.743  0.041  0.081       94
 79:     0.323  0.288  0.253  0.137      100
 80:     0.664  0.174  0.058  0.104       50
 81:     0.462  0.123  0.168  0.246      100
 82:     0.329  0.152  0.272  0.247       98
 83:     0.770  0.058  0.098  0.074       50
 84:     0.070  0.833  0.053  0.045       99
 85:     0.336  0.170  0.251  0.242       99
 86:     0.603  0.151  0.123  0.124      100
 87:     0.671  0.091  0.133  0.106      100
 88:     0.590  0.173  0.112  0.126      100
 89:     0.462  0.180  0.196  0.163       99
 90:     0.503  0.236  0.143  0.118       48
 91:     0.054  0.763  0.107  0.077       28
 92:     0.617  0.171  0.104  0.108       50
 93:     0.611  0.198  0.102  0.089      100
 94:     0.566  0.177  0.129  0.128       50
 95:     0.087  0.692  0.116  0.105       41
 96:     0.516  0.146  0.186  0.151       81
 97:     0.588  0.151  0.133  0.128       50
 98:     0.436  0.096  0.293  0.175      100
 99:     0.352  0.163  0.210  0.275       89
100:     0.376  0.123  0.363  0.138       98
101:     0.363  0.280  0.172  0.185      100
102:     0.866  0.047  0.040  0.047       95
103:     0.352  0.124  0.338  0.187       50
104:     0.671  0.157  0.068  0.104       70
105:     0.138  0.692  0.080  0.090      100
106:     0.564  0.160  0.090  0.186       50
107:     0.632  0.156  0.123  0.089      100
108:     0.400  0.162  0.369  0.069       50
109:     0.449  0.154  0.173  0.224      100
110:     0.098  0.728  0.070  0.104       41
111:     0.133  0.660  0.094  0.114      100
112:     0.488  0.190  0.233  0.089       50
113:     0.737  0.108  0.089  0.066       97
114:     0.131  0.659  0.107  0.103      100
115:     0.552  0.279  0.093  0.077       49
116:     0.575  0.176  0.113  0.136      100
117:     0.333  0.312  0.211  0.144       50
118:     0.511  0.167  0.200  0.122      100
119:     0.417  0.180  0.208  0.196       90
120:     0.141  0.176  0.321  0.362       70
121:     0.175  0.075  0.633  0.117       82
122:     0.129  0.123  0.154  0.595       66
123:     0.095  0.095  0.469  0.341       28
124:     0.028  0.137  0.080  0.755       44
125:     0.073  0.067  0.068  0.792       60
126:     0.071  0.082  0.080  0.767       83
127:     0.063  0.065  0.033  0.839       49
128:     0.052  0.067  0.072  0.810       84
129:     0.118  0.115  0.083  0.684       53
130:     0.079  0.037  0.100  0.784       58
131:     0.066  0.047  0.128  0.759       78
132:     0.079  0.086  0.114  0.720       59
133:     0.082  0.078  0.154  0.685       41
134:     0.206  0.094  0.140  0.561       42
135:     0.138  0.062  0.167  0.634       30
136:     0.141  0.054  0.172  0.632       53
137:     0.225  0.141  0.487  0.147       58
138:     0.137  0.132  0.415  0.316       84
139:     0.074  0.066  0.674  0.185       81
140:     0.081  0.031  0.833  0.055       30
141:     0.123  0.086  0.663  0.128       37
142:     0.076  0.055  0.715  0.154       46
143:     0.143  0.126  0.553  0.179       55
144:     0.113  0.070  0.583  0.234       52
145:     0.069  0.055  0.673  0.203       73
146:     0.154  0.075  0.464  0.307       73
147:     0.119  0.026  0.649  0.207       53
148:     0.118  0.058  0.530  0.294       52
149:     0.156  0.041  0.557  0.246       44
150:     0.134  0.090  0.509  0.267       80
151:     0.117  0.090  0.514  0.279       49
152:     0.222  0.168  0.398  0.212       34
153:     0.228  0.101  0.176  0.495      100
--------------------------------------------

 Rep#:   Lambda   Alpha      F1    F2    F3    F4     D1,2  D1,3  D1,4  D2,3  D2,4  D3,4    Ln Like 
20000:    1.00    0.178    0.010 0.019 0.014 0.014    0.020 0.014 0.021 0.027 0.031 0.014   --  
21000:    1.00    0.195    0.012 0.024 0.015 0.013    0.020 0.015 0.021 0.030 0.030 0.013   --  
22000:    1.00    0.191    0.011 0.021 0.014 0.014    0.020 0.015 0.020 0.029 0.031 0.014   --  
23000:    1.00    0.195    0.010 0.021 0.013 0.014    0.020 0.014 0.022 0.030 0.030 0.015   --  
24000:    1.00    0.197    0.011 0.022 0.015 0.014    0.020 0.015 0.021 0.030 0.030 0.014   --  
25000:    1.00    0.188    0.010 0.020 0.016 0.012    0.020 0.014 0.020 0.029 0.029 0.013   --  
26000:    1.00    0.195    0.013 0.023 0.015 0.014    0.022 0.015 0.021 0.030 0.032 0.015   --  
27000:    1.00    0.166    0.011 0.019 0.013 0.014    0.020 0.014 0.020 0.029 0.031 0.013   --  
28000:    1.00    0.176    0.012 0.021 0.013 0.015    0.020 0.015 0.021 0.031 0.028 0.014   --  
29000:    1.00    0.218    0.011 0.024 0.013 0.016    0.022 0.015 0.022 0.031 0.033 0.015   --  

--------------------------------------------
Proportion of membership of each pre-defined
 population in each of the 4 clusters

Given    Inferred Clusters              Number of
 Pop       1      2      3      4      Individuals

  1:     0.127  0.284  0.364  0.224       45
  2:     0.074  0.851  0.020  0.054       50
  3:     0.152  0.405  0.118  0.326       48
  4:     0.156  0.286  0.195  0.364       50
  5:     0.257  0.072  0.431  0.240       50
  6:     0.163  0.170  0.395  0.272       49
  7:     0.199  0.141  0.419  0.241       43
  8:     0.067  0.078  0.763  0.092       46
  9:     0.260  0.315  0.214  0.211       60
 10:     0.256  0.231  0.297  0.216       38
 11:     0.088  0.195  0.524  0.193       50
 12:     0.109  0.151  0.508  0.232       48
 13:     0.136  0.324  0.239  0.301       50
 14:     0.110  0.680  0.073  0.137       57
 15:     0.103  0.499  0.152  0.246       48
 16:     0.051  0.826  0.067  0.055       48
 17:     0.161  0.350  0.158  0.330       50
 18:     0.202  0.210  0.331  0.257       44
 19:     0.140  0.139  0.336  0.385       50
 20:     0.064  0.116  0.715  0.105       50
 21:     0.047  0.864  0.046  0.043       48
 22:     0.130  0.308  0.248  0.315       50
 23:     0.200  0.149  0.348  0.303       49
 24:     0.122  0.193  0.304  0.381       50
 25:     0.185  0.144  0.450  0.221       50
 26:     0.213  0.179  0.385  0.223       50
 27:     0.140  0.606  0.097  0.157       55
 28:     0.090  0.686  0.113  0.111       50
 29:     0.142  0.085  0.406  0.367      108
 30:     0.138  0.150  0.359  0.354      109
 31:     0.158  0.098  0.531  0.213       49
 32:     0.106  0.186  0.362  0.347       50
 33:     0.281  0.337  0.210  0.173       50
 34:     0.231  0.542  0.087  0.140       50
 35:     0.110  0.471  0.196  0.222       50
 36:     0.083  0.175  0.230  0.512       39
 37:     0.167  0.215  0.372  0.246       47
 38:     0.186  0.148  0.403  0.263       67
 39:     0.100  0.233  0.367  0.300       34
 40:     0.227  0.145  0.481  0.148       58
 41:     0.173  0.258  0.359  0.209       86
 42:     0.147  0.118  0.517  0.218       44
 43:     0.083  0.100  0.737  0.079       44
 44:     0.125  0.628  0.148  0.098       50
 45:     0.198  0.153  0.459  0.190       35
 46:     0.160  0.326  0.211  0.303       50
 47:     0.152  0.173  0.238  0.437       36
 48:     0.084  0.583  0.147  0.186       53
 49:     0.060  0.815  0.083  0.043       57
 50:     0.134  0.628  0.102  0.136       49
 51:     0.191  0.277  0.249  0.283       42
 52:     0.171  0.206  0.469  0.153       50
 53:     0.105  0.043  0.556  0.296       50
 54:     0.090  0.110  0.382  0.418       44
 55:     0.104  0.125  0.356  0.415       50
 56:     0.133  0.071  0.400  0.396       30
 57:     0.171  0.106  0.397  0.326       50
 58:     0.138  0.145  0.393  0.323       50
 59:     0.118  0.130  0.386  0.365       33
 60:     0.100  0.114  0.584  0.202        9
 61:     0.115  0.097  0.388  0.400       50
 62:     0.074  0.081  0.391  0.454       32
 63:     0.070  0.090  0.367  0.473       50
 64:     0.101  0.058  0.656  0.185       50
 65:     0.105  0.109  0.183  0.603       29
 66:     0.101  0.116  0.399  0.385       50
 67:     0.142  0.096  0.568  0.195       31
 68:     0.080  0.089  0.405  0.427       27
 69:     0.097  0.116  0.370  0.417       20
 70:     0.097  0.112  0.441  0.350       50
 71:     0.196  0.204  0.332  0.268       50
 72:     0.089  0.106  0.429  0.376       37
 73:     0.107  0.688  0.076  0.129       81
 74:     0.561  0.171  0.100  0.168       50
 75:     0.323  0.140  0.223  0.314       50
 76:     0.468  0.186  0.173  0.173       89
 77:     0.579  0.113  0.141  0.166      100
 78:     0.139  0.747  0.062  0.052       94
 79:     0.412  0.256  0.196  0.135      100
 80:     0.620  0.198  0.036  0.146       50
 81:     0.468  0.122  0.144  0.266      100
 82:     0.310  0.141  0.307  0.242       98
 83:     0.750  0.094  0.094  0.062       50
 84:     0.057  0.833  0.064  0.046       99
 85:     0.355  0.187  0.293  0.166       99
 86:     0.559  0.179  0.126  0.136      100
 87:     0.694  0.108  0.107  0.091      100
 88:     0.544  0.191  0.121  0.144      100
 89:     0.368  0.195  0.197  0.240       99
 90:     0.429  0.232  0.154  0.184       48
 91:     0.027  0.702  0.144  0.127       28
 92:     0.565  0.198  0.078  0.160       50
 93:     0.520  0.241  0.115  0.124      100
 94:     0.522  0.235  0.130  0.113       50
 95:     0.084  0.674  0.107  0.135       41
 96:     0.490  0.152  0.217  0.140       81
 97:     0.466  0.227  0.174  0.133       50
 98:     0.392  0.102  0.344  0.161      100
 99:     0.367  0.172  0.166  0.295       89
100:     0.285  0.155  0.430  0.131       98
101:     0.401  0.256  0.192  0.150      100
102:     0.852  0.037  0.048  0.063       95
103:     0.264  0.180  0.340  0.216       50
104:     0.593  0.168  0.100  0.139       70
105:     0.114  0.713  0.089  0.084      100
106:     0.599  0.146  0.119  0.136       50
107:     0.640  0.152  0.120  0.088      100
108:     0.335  0.192  0.379  0.094       50
109:     0.359  0.190  0.199  0.252      100
110:     0.090  0.695  0.059  0.156       41
111:     0.171  0.639  0.061  0.130      100
112:     0.474  0.217  0.212  0.097       50
113:     0.718  0.122  0.094  0.066       97
114:     0.165  0.601  0.118  0.115      100
115:     0.572  0.200  0.110  0.118       49
116:     0.472  0.228  0.173  0.127      100
117:     0.393  0.315  0.110  0.182       50
118:     0.455  0.190  0.215  0.140      100
119:     0.295  0.224  0.287  0.194       90
120:     0.180  0.200  0.301  0.319       70
121:     0.139  0.103  0.662  0.096       82
122:     0.170  0.100  0.288  0.442       66
123:     0.205  0.031  0.527  0.237       28
124:     0.054  0.117  0.047  0.783       44
125:     0.066  0.051  0.086  0.797       60
126:     0.082  0.090  0.080  0.747       83
127:     0.072  0.052  0.067  0.809       49
128:     0.084  0.068  0.062  0.786       84
129:     0.069  0.060  0.150  0.722       53
130:     0.097  0.047  0.168  0.689       58
131:     0.098  0.048  0.093  0.761       78
132:     0.091  0.032  0.088  0.789       59
133:     0.067  0.118  0.094  0.722       41
134:     0.227  0.071  0.147  0.555       42
135:     0.137  0.039  0.190  0.633       30
136:     0.090  0.090  0.183  0.637       53
137:     0.255  0.205  0.392  0.148       58
138:     0.181  0.099  0.412  0.308       84
139:     0.087  0.078  0.728  0.107       81
140:     0.059  0.028  0.862  0.051       30
141:     0.134  0.056  0.670  0.140       37
142:     0.102  0.078  0.610  0.211       46
143:     0.155  0.099  0.570  0.176       55
144:     0.144  0.073  0.608  0.174       52
145:     0.100  0.059  0.649  0.192       73
146:     0.196  0.088  0.401  0.316       73
147:     0.135  0.034  0.705  0.126       53
148:     0.091  0.064  0.651  0.194       52
149:     0.129  0.054  0.626  0.191       44
150:     0.116  0.083  0.556  0.245       80
151:     0.103  0.096  0.498  0.303       49
152:     0.235  0.173  0.403  0.189       34
153:     0.242  0.109  0.160  0.489      100
--------------------------------------------

 Rep#:   Lambda   Alpha      F1    F2    F3    F4     D1,2  D1,3  D1,4  D2,3  D2,4  D3,4    Ln Like 
30000:    1.00    0.213    0.013 0.025 0.016 0.015    0.021 0.016 0.021 0.031 0.031 0.014   --  
31000:    1.00    0.216    0.012 0.022 0.015 0.015    0.022 0.017 0.022 0.034 0.033 0.016   --  
32000:    1.00    0.200    0.012 0.026 0.015 0.013    0.022 0.016 0.022 0.033 0.032 0.015   --  
33000:    1.00    0.231    0.011 0.022 0.017 0.014    0.022 0.018 0.023 0.033 0.032 0.015   --  
34000:    1.00    0.209    0.012 0.023 0.015 0.014    0.021 0.017 0.023 0.031 0.030 0.014   --  
35000:    1.00    0.211    0.011 0.021 0.016 0.014    0.022 0.017 0.023 0.031 0.031 0.014   --  
36000:    1.00    0.222    0.012 0.025 0.015 0.014    0.022 0.016 0.022 0.031 0.033 0.013   --  
37000:    1.00    0.211    0.013 0.023 0.014 0.015    0.021 0.016 0.022 0.031 0.031 0.015   --  
38000:    1.00    0.211    0.012 0.022 0.018 0.014    0.022 0.017 0.021 0.032 0.031 0.013   --  
39000:    1.00    0.220    0.012 0.025 0.015 0.015    0.022 0.016 0.022 0.032 0.034 0.015   --  

--------------------------------------------
Proportion of membership of each pre-defined
 population in each of the 4 clusters

Given    Inferred Clusters              Number of
 Pop       1      2      3      4      Individuals

  1:     0.123  0.333  0.293  0.251       45
  2:     0.028  0.849  0.048  0.075       50
  3:     0.067  0.415  0.204  0.315       48
  4:     0.097  0.262  0.236  0.406       50
  5:     0.163  0.125  0.501  0.210       50
  6:     0.146  0.226  0.406  0.222       49
  7:     0.207  0.152  0.421  0.221       43
  8:     0.081  0.103  0.713  0.103       46
  9:     0.200  0.346  0.237  0.218       60
 10:     0.184  0.166  0.373  0.278       38
 11:     0.122  0.104  0.627  0.147       50
 12:     0.115  0.148  0.510  0.227       48
 13:     0.155  0.242  0.255  0.348       50
 14:     0.110  0.714  0.067  0.109       57
 15:     0.173  0.393  0.130  0.304       48
 16:     0.071  0.854  0.040  0.036       48
 17:     0.095  0.405  0.143  0.357       50
 18:     0.212  0.117  0.426  0.245       44
 19:     0.125  0.152  0.390  0.334       50
 20:     0.076  0.053  0.808  0.063       50
 21:     0.037  0.870  0.049  0.045       48
 22:     0.134  0.340  0.281  0.245       50
 23:     0.223  0.116  0.444  0.217       49
 24:     0.127  0.290  0.280  0.303       50
 25:     0.173  0.164  0.420  0.243       50
 26:     0.152  0.256  0.371  0.221       50
 27:     0.139  0.611  0.072  0.178       55
 28:     0.074  0.732  0.125  0.069       50
 29:     0.112  0.096  0.361  0.432      108
 30:     0.137  0.116  0.374  0.373      109
 31:     0.156  0.141  0.527  0.175       49
 32:     0.112  0.173  0.368  0.347       50
 33:     0.300  0.310  0.242  0.147       50
 34:     0.229  0.527  0.103  0.141       50
 35:     0.060  0.421  0.261  0.258       50
 36:     0.113  0.148  0.400  0.338       39
 37:     0.236  0.216  0.386  0.162       47
 38:     0.132  0.188  0.440  0.240       67
 39:     0.134  0.126  0.438  0.302       34
 40:     0.249  0.128  0.536  0.087       58
 41:     0.153  0.238  0.356  0.253       86
 42:     0.183  0.130  0.492  0.194       44
 43:     0.177  0.080  0.669  0.074       44
 44:     0.117  0.651  0.111  0.121       50
 45:     0.219  0.137  0.456  0.188       35
 46:     0.140  0.355  0.292  0.213       50
 47:     0.187  0.223  0.287  0.303       36
 48:     0.124  0.579  0.113  0.184       53
 49:     0.052  0.833  0.062  0.052       57
 50:     0.134  0.558  0.119  0.189       49
 51:     0.153  0.337  0.153  0.357       42
 52:     0.148  0.196  0.496  0.161       50
 53:     0.125  0.087  0.509  0.279       50
 54:     0.099  0.097  0.263  0.542       44
 55:     0.090  0.139  0.345  0.426       50
 56:     0.066  0.070  0.318  0.547       30
 57:     0.133  0.117  0.362  0.389       50
 58:     0.178  0.089  0.387  0.345       50
 59:     0.159  0.054  0.429  0.357       33
 60:     0.117  0.072  0.686  0.125        9
 61:     0.134  0.085  0.373  0.408       50
 62:     0.066  0.066  0.282  0.586       32
 63:     0.052  0.070  0.385  0.492       50
 64:     0.131  0.068  0.574  0.228       50
 65:     0.114  0.064  0.206  0.616       29
 66:     0.132  0.144  0.357  0.367       50
 67:     0.112  0.090  0.572  0.226       31
 68:     0.099  0.136  0.446  0.319       27
 69:     0.104  0.124  0.359  0.413       20
 70:     0.086  0.106  0.414  0.394       50
 71:     0.126  0.234  0.412  0.229       50
 72:     0.092  0.083  0.319  0.506       37
 73:     0.101  0.681  0.075  0.143       81
 74:     0.571  0.161  0.110  0.158       50
 75:     0.245  0.104  0.303  0.347       50
 76:     0.491  0.193  0.161  0.155       89
 77:     0.508  0.113  0.169  0.210      100
 78:     0.145  0.713  0.067  0.074       94
 79:     0.409  0.251  0.201  0.139      100
 80:     0.602  0.201  0.055  0.142       50
 81:     0.471  0.116  0.162  0.251      100
 82:     0.320  0.091  0.320  0.269       98
 83:     0.782  0.068  0.071  0.079       50
 84:     0.074  0.827  0.047  0.052       99
 85:     0.329  0.148  0.241  0.282       99
 86:     0.561  0.203  0.131  0.105      100
 87:     0.697  0.084  0.143  0.075      100
 88:     0.601  0.149  0.099  0.150      100
 89:     0.420  0.168  0.201  0.212       99
 90:     0.505  0.225  0.124  0.146       48
 91:     0.101  0.621  0.116  0.162       28
 92:     0.575  0.199  0.087  0.139       50
 93:     0.577  0.225  0.107  0.091      100
 94:     0.578  0.180  0.082  0.160       50
 95:     0.078  0.694  0.093  0.135       41
 96:     0.498  0.147  0.198  0.157       81
 97:     0.572  0.164  0.093  0.171       50
 98:     0.469  0.118  0.262  0.151      100
 99:     0.291  0.185  0.295  0.229       89
100:     0.423  0.105  0.310  0.161       98
101:     0.323  0.328  0.192  0.157      100
102:     0.826  0.036  0.041  0.096       95
103:     0.261  0.193  0.356  0.190       50
104:     0.629  0.153  0.084  0.134       70
105:     0.150  0.697  0.062  0.091      100
106:     0.578  0.195  0.101  0.127       50
107:     0.589  0.155  0.119  0.137      100
108:     0.393  0.198  0.306  0.103       50
109:     0.407  0.165  0.189  0.239      100
110:     0.115  0.649  0.096  0.140       41
111:     0.118  0.661  0.097  0.124      100
