This is a job step 11


----------------------------------------------------
STRUCTURE by Pritchard, Stephens and Donnelly (2000)
     and Falush, Stephens and Pritchard (2003)
       Code by Pritchard, Falush and Hubisz
             Version 2.3.4 (Jul 2012)
----------------------------------------------------


Reading file "/global/home/hpc3579/Salmon-Project/STRUCTURE/mainparamsfiles/mainparamsbigfile".
datafile is
/global/home/hpc3579/Salmon-Project/FileConversions/bigfilestruc.str
Reading file "/global/home/hpc3579/Salmon-Project/STRUCTURE/extraparams_bigfile".
Note: RANDOMIZE is set to 1. The random number generator will be initialized using the system clock, ignoring any specified value of SEED.
Reading file "/global/home/hpc3579/Salmon-Project/FileConversions/bigfilestruc.str".


Data file "/global/home/hpc3579/Salmon-Project/FileConversions/bigfilestruc.str" (truncated) --

Ind:   Label Pop : Genotype_data . . . .
  1: QC-ANG-01    1  :110 167 287 296 254 146 173  . . . . 291
  1: QC-ANG-01    1  :110 179 295 312 358 210 175  . . . . 315
  2: QC-ANG-11    1  :130 171 291 312 322 210 193  . . . . 283
  2: QC-ANG-11    1  :130 175 303 336 338 242 199  . . . . 303
  3: QC-ANG-12    1  :106 175 279 312 278 198 171  . . . . 315
  3: QC-ANG-12    1  :130 191 307 372 342 210 201  . . . . 319
  4: QC-ANG-13    1  :128 159 291 320 314 214 159  . . . . 287
  4: QC-ANG-13    1  :128 167 295 344 326 254 201  . . . . 315

      *******   

9141: US-NA11574  153  :122 203 283 312 254 198 173  . . . . 303
9141: US-NA11574  153  :128 203 303 340 290 206 173  . . . . 307
9142: US-NA11575  153  :122 167 283 300 254 214 173  . . . . 295
9142: US-NA11575  153  :128 167 303 336 290 298 173  . . . . 339

Number of alleles per locus: min=15; ave=39.8; max=91


--------------------------------------

Finished initialization; starting MCMC 
1000000 iterations + 100000 burnin


--------------------------------------------
Proportion of membership of each pre-defined
 population in each of the 11 clusters

Given    Inferred Clusters                                                               Number of
 Pop       1      2      3      4      5      6      7      8      9     10     11      Individuals

  1:     0.095  0.263  0.059  0.091  0.072  0.090  0.024  0.053  0.052  0.125  0.077       45
  2:     0.032  0.032  0.025  0.017  0.024  0.036  0.026  0.715  0.013  0.047  0.033       50
  3:     0.036  0.330  0.051  0.053  0.089  0.069  0.049  0.135  0.121  0.049  0.019       48
  4:     0.103  0.230  0.024  0.090  0.076  0.115  0.071  0.100  0.065  0.045  0.081       50
  5:     0.083  0.157  0.048  0.193  0.063  0.073  0.082  0.047  0.104  0.075  0.074       50
  6:     0.099  0.113  0.059  0.189  0.085  0.055  0.047  0.060  0.133  0.092  0.068       49
  7:     0.113  0.135  0.064  0.192  0.067  0.075  0.055  0.027  0.082  0.088  0.103       43
  8:     0.130  0.055  0.033  0.356  0.030  0.061  0.042  0.057  0.095  0.048  0.092       46
  9:     0.061  0.422  0.072  0.024  0.032  0.128  0.075  0.060  0.052  0.035  0.041       60
 10:     0.118  0.124  0.059  0.189  0.057  0.076  0.062  0.069  0.064  0.093  0.088       38
 11:     0.078  0.072  0.030  0.360  0.060  0.086  0.066  0.048  0.051  0.057  0.093       50
 12:     0.062  0.213  0.044  0.183  0.061  0.093  0.052  0.095  0.050  0.052  0.094       48
 13:     0.062  0.189  0.053  0.162  0.068  0.080  0.070  0.083  0.095  0.078  0.060       50
 14:     0.047  0.076  0.068  0.053  0.056  0.066  0.050  0.413  0.028  0.078  0.064       57
 15:     0.057  0.265  0.077  0.051  0.062  0.076  0.061  0.151  0.071  0.058  0.071       48
 16:     0.019  0.064  0.064  0.018  0.024  0.015  0.046  0.645  0.032  0.046  0.027       48
 17:     0.081  0.160  0.073  0.093  0.068  0.155  0.073  0.114  0.066  0.054  0.062       50
 18:     0.077  0.063  0.029  0.217  0.132  0.082  0.098  0.036  0.105  0.083  0.080       44
 19:     0.077  0.187  0.026  0.155  0.094  0.118  0.062  0.069  0.070  0.060  0.080       50
 20:     0.157  0.043  0.032  0.387  0.034  0.053  0.037  0.037  0.099  0.032  0.089       50
 21:     0.046  0.028  0.048  0.036  0.039  0.033  0.035  0.611  0.039  0.054  0.031       48
 22:     0.080  0.268  0.059  0.108  0.056  0.056  0.068  0.131  0.063  0.053  0.057       50
 23:     0.099  0.070  0.051  0.235  0.062  0.121  0.105  0.051  0.107  0.050  0.050       49
 24:     0.061  0.221  0.045  0.217  0.059  0.080  0.057  0.103  0.052  0.033  0.073       50
 25:     0.048  0.132  0.041  0.240  0.051  0.064  0.070  0.044  0.101  0.108  0.101       50
 26:     0.037  0.084  0.062  0.203  0.064  0.102  0.062  0.065  0.134  0.070  0.117       50
 27:     0.042  0.114  0.040  0.074  0.089  0.089  0.072  0.241  0.121  0.064  0.053       55
 28:     0.050  0.267  0.049  0.051  0.043  0.097  0.049  0.204  0.084  0.065  0.039       50
 29:     0.169  0.098  0.061  0.126  0.102  0.155  0.063  0.037  0.057  0.054  0.079      108
 30:     0.169  0.113  0.060  0.133  0.083  0.088  0.049  0.042  0.113  0.070  0.080      109
 31:     0.024  0.097  0.049  0.331  0.061  0.076  0.052  0.043  0.097  0.111  0.060       49
 32:     0.048  0.173  0.042  0.191  0.064  0.132  0.029  0.050  0.104  0.076  0.090       50
 33:     0.031  0.292  0.104  0.032  0.034  0.096  0.083  0.063  0.107  0.080  0.076       50
 34:     0.032  0.093  0.049  0.032  0.101  0.060  0.091  0.251  0.095  0.123  0.075       50
 35:     0.054  0.297  0.053  0.036  0.086  0.084  0.050  0.118  0.119  0.043  0.059       50
 36:     0.043  0.120  0.020  0.308  0.113  0.068  0.060  0.092  0.072  0.043  0.061       39
 37:     0.073  0.067  0.041  0.163  0.060  0.087  0.058  0.062  0.162  0.094  0.134       47
 38:     0.040  0.120  0.050  0.175  0.086  0.081  0.067  0.050  0.184  0.070  0.077       67
 39:     0.036  0.235  0.076  0.160  0.080  0.115  0.051  0.098  0.018  0.078  0.052       34
 40:     0.061  0.090  0.064  0.302  0.033  0.063  0.075  0.065  0.086  0.075  0.084       58
 41:     0.070  0.139  0.035  0.222  0.086  0.068  0.063  0.072  0.092  0.082  0.069       86
 42:     0.142  0.101  0.054  0.162  0.075  0.083  0.039  0.059  0.104  0.114  0.067       44
 43:     0.099  0.050  0.045  0.382  0.043  0.060  0.044  0.024  0.061  0.082  0.110       44
 44:     0.047  0.082  0.059  0.053  0.057  0.043  0.084  0.334  0.095  0.088  0.058       50
 45:     0.096  0.091  0.030  0.210  0.082  0.120  0.091  0.057  0.078  0.073  0.071       35
 46:     0.071  0.224  0.049  0.110  0.055  0.103  0.061  0.108  0.050  0.103  0.066       50
 47:     0.066  0.228  0.034  0.149  0.051  0.116  0.075  0.054  0.073  0.047  0.109       36
 48:     0.046  0.164  0.039  0.065  0.057  0.095  0.053  0.224  0.136  0.053  0.068       53
 49:     0.067  0.039  0.023  0.059  0.054  0.043  0.031  0.539  0.053  0.064  0.028       57
 50:     0.060  0.198  0.036  0.066  0.075  0.030  0.065  0.246  0.106  0.037  0.080       49
 51:     0.055  0.368  0.122  0.036  0.051  0.049  0.056  0.036  0.126  0.052  0.049       42
 52:     0.062  0.142  0.027  0.316  0.038  0.039  0.060  0.062  0.096  0.084  0.074       50
 53:     0.262  0.042  0.068  0.170  0.089  0.041  0.039  0.040  0.070  0.074  0.104       50
 54:     0.222  0.061  0.053  0.110  0.108  0.144  0.051  0.059  0.059  0.061  0.073       44
 55:     0.111  0.119  0.049  0.142  0.143  0.108  0.021  0.037  0.085  0.078  0.108       50
 56:     0.664  0.048  0.058  0.034  0.044  0.011  0.038  0.025  0.019  0.034  0.024       30
 57:     0.113  0.100  0.044  0.182  0.118  0.137  0.065  0.029  0.072  0.070  0.070       50
 58:     0.187  0.144  0.046  0.133  0.070  0.081  0.038  0.039  0.085  0.115  0.064       50
 59:     0.141  0.058  0.063  0.166  0.094  0.216  0.013  0.027  0.055  0.036  0.131       33
 60:     0.154  0.070  0.072  0.116  0.058  0.210  0.010  0.101  0.053  0.039  0.117        9
 61:     0.155  0.107  0.053  0.143  0.087  0.153  0.055  0.051  0.065  0.057  0.075       50
 62:     0.248  0.202  0.069  0.068  0.091  0.075  0.024  0.031  0.032  0.053  0.107       32
 63:     0.150  0.182  0.054  0.113  0.118  0.091  0.044  0.053  0.075  0.071  0.050       50
 64:     0.327  0.038  0.035  0.127  0.063  0.068  0.067  0.036  0.041  0.129  0.070       50
 65:     0.548  0.038  0.055  0.037  0.054  0.066  0.029  0.061  0.014  0.052  0.043       29
 66:     0.185  0.111  0.055  0.166  0.086  0.145  0.044  0.034  0.075  0.052  0.047       50
 67:     0.229  0.055  0.065  0.123  0.080  0.089  0.042  0.047  0.131  0.037  0.101       31
 68:     0.133  0.077  0.056  0.109  0.136  0.133  0.032  0.047  0.075  0.100  0.101       27
 69:     0.125  0.033  0.034  0.155  0.108  0.166  0.069  0.044  0.064  0.064  0.137       20
 70:     0.185  0.078  0.023  0.129  0.116  0.187  0.063  0.028  0.072  0.045  0.074       50
 71:     0.065  0.103  0.054  0.265  0.093  0.097  0.038  0.071  0.080  0.075  0.060       50
 72:     0.229  0.047  0.056  0.107  0.085  0.161  0.017  0.046  0.077  0.092  0.082       37
 73:     0.031  0.106  0.034  0.050  0.100  0.063  0.082  0.364  0.084  0.056  0.030       81
 74:     0.057  0.097  0.067  0.067  0.082  0.064  0.281  0.053  0.098  0.084  0.049       50
 75:     0.108  0.063  0.050  0.113  0.099  0.122  0.077  0.037  0.108  0.132  0.089       50
 76:     0.051  0.087  0.072  0.079  0.077  0.070  0.189  0.062  0.109  0.151  0.054       89
 77:     0.031  0.063  0.066  0.025  0.070  0.077  0.124  0.068  0.301  0.088  0.089      100
 78:     0.036  0.049  0.064  0.048  0.042  0.056  0.111  0.426  0.050  0.071  0.047       94
 79:     0.056  0.128  0.075  0.126  0.044  0.054  0.110  0.098  0.107  0.147  0.055      100
 80:     0.045  0.071  0.041  0.034  0.046  0.032  0.297  0.098  0.176  0.120  0.039       50
 81:     0.054  0.110  0.061  0.083  0.081  0.066  0.244  0.033  0.092  0.081  0.096      100
 82:     0.088  0.109  0.049  0.075  0.071  0.137  0.091  0.056  0.114  0.114  0.096       98
 83:     0.032  0.050  0.051  0.025  0.026  0.039  0.091  0.047  0.053  0.544  0.041       50
 84:     0.039  0.052  0.037  0.049  0.018  0.041  0.062  0.586  0.043  0.046  0.027       99
 85:     0.077  0.058  0.070  0.085  0.076  0.083  0.080  0.054  0.153  0.133  0.132       99
 86:     0.032  0.043  0.055  0.041  0.043  0.055  0.120  0.051  0.439  0.058  0.063      100
 87:     0.045  0.054  0.109  0.079  0.047  0.047  0.325  0.028  0.118  0.056  0.093      100
 88:     0.054  0.106  0.046  0.067  0.073  0.061  0.237  0.041  0.077  0.177  0.061      100
 89:     0.079  0.054  0.101  0.064  0.119  0.090  0.146  0.056  0.100  0.119  0.073       99
 90:     0.064  0.060  0.047  0.084  0.071  0.077  0.317  0.089  0.084  0.083  0.023       48
 91:     0.050  0.147  0.027  0.059  0.045  0.078  0.069  0.326  0.084  0.033  0.081       28
 92:     0.043  0.070  0.100  0.039  0.031  0.051  0.276  0.075  0.139  0.122  0.053       50
 93:     0.061  0.041  0.048  0.055  0.059  0.059  0.419  0.083  0.065  0.062  0.049      100
 94:     0.038  0.107  0.043  0.078  0.046  0.071  0.240  0.064  0.091  0.175  0.048       50
 95:     0.069  0.135  0.081  0.056  0.087  0.059  0.043  0.308  0.054  0.053  0.054       41
 96:     0.069  0.048  0.060  0.067  0.041  0.085  0.173  0.053  0.158  0.120  0.126       81
 97:     0.068  0.079  0.068  0.053  0.041  0.038  0.214  0.083  0.092  0.160  0.103       50
 98:     0.046  0.038  0.048  0.046  0.059  0.050  0.065  0.054  0.052  0.452  0.090      100
 99:     0.060  0.095  0.079  0.073  0.091  0.100  0.064  0.070  0.120  0.178  0.071       89
100:     0.063  0.055  0.087  0.062  0.045  0.091  0.093  0.061  0.085  0.103  0.255       98
101:     0.063  0.097  0.063  0.050  0.095  0.047  0.180  0.127  0.104  0.063  0.110      100
102:     0.015  0.017  0.840  0.014  0.015  0.020  0.019  0.014  0.016  0.011  0.018       95
103:     0.070  0.091  0.030  0.113  0.048  0.059  0.103  0.050  0.135  0.219  0.081       50
104:     0.030  0.058  0.045  0.032  0.039  0.052  0.349  0.078  0.123  0.119  0.076       70
105:     0.048  0.081  0.044  0.038  0.056  0.046  0.096  0.366  0.085  0.075  0.065      100
106:     0.048  0.082  0.082  0.047  0.085  0.060  0.177  0.057  0.125  0.130  0.108       50
107:     0.052  0.055  0.065  0.082  0.067  0.055  0.292  0.052  0.116  0.070  0.096      100
108:     0.049  0.052  0.039  0.057  0.038  0.041  0.044  0.067  0.041  0.523  0.050       50
109:     0.111  0.069  0.066  0.084  0.096  0.072  0.113  0.068  0.176  0.105  0.040      100
110:     0.051  0.140  0.040  0.041  0.085  0.061  0.036  0.443  0.033  0.050  0.019       41
111:     0.044  0.113  0.066  0.029  0.072  0.057  0.097  0.370  0.060  0.057  0.035      100
112:     0.080  0.049  0.058  0.078  0.038  0.032  0.072  0.059  0.098  0.373  0.062       50
113:     0.054  0.040  0.047  0.053  0.016  0.044  0.395  0.058  0.091  0.123  0.079       97
114:     0.056  0.093  0.071  0.051  0.067  0.047  0.094  0.315  0.073  0.082  0.051      100
115:     0.043  0.075  0.058  0.040  0.097  0.082  0.330  0.066  0.107  0.075  0.027       49
116:     0.054  0.074  0.079  0.064  0.041  0.076  0.276  0.082  0.084  0.105  0.064      100
117:     0.037  0.085  0.041  0.067  0.059  0.033  0.115  0.127  0.115  0.228  0.092       50
118:     0.039  0.063  0.034  0.064  0.070  0.045  0.109  0.092  0.109  0.332  0.044      100
119:     0.075  0.104  0.076  0.049  0.076  0.068  0.109  0.097  0.100  0.130  0.117       90
120:     0.098  0.095  0.041  0.121  0.103  0.155  0.047  0.085  0.086  0.087  0.081       70
121:     0.060  0.032  0.048  0.050  0.033  0.035  0.027  0.016  0.023  0.016  0.660       82
122:     0.020  0.025  0.031  0.020  0.020  0.730  0.026  0.027  0.016  0.027  0.058       66
123:     0.014  0.027  0.015  0.013  0.024  0.759  0.030  0.036  0.016  0.027  0.039       28
124:     0.020  0.064  0.013  0.036  0.584  0.081  0.043  0.049  0.044  0.042  0.024       44
125:     0.033  0.045  0.031  0.047  0.548  0.071  0.032  0.047  0.048  0.033  0.066       60
126:     0.042  0.056  0.029  0.041  0.560  0.095  0.039  0.023  0.042  0.037  0.035       83
127:     0.080  0.040  0.034  0.031  0.528  0.034  0.028  0.071  0.030  0.070  0.052       49
128:     0.033  0.044  0.043  0.062  0.541  0.069  0.040  0.034  0.052  0.058  0.023       84
129:     0.118  0.071  0.078  0.112  0.360  0.013  0.042  0.033  0.061  0.054  0.057       53
130:     0.106  0.033  0.050  0.066  0.441  0.111  0.080  0.017  0.039  0.023  0.034       58
131:     0.074  0.049  0.047  0.095  0.392  0.108  0.044  0.024  0.043  0.053  0.070       78
132:     0.067  0.065  0.042  0.065  0.406  0.096  0.047  0.036  0.059  0.017  0.102       59
133:     0.046  0.050  0.032  0.081  0.397  0.115  0.040  0.069  0.081  0.051  0.038       41
134:     0.090  0.043  0.081  0.082  0.314  0.071  0.101  0.038  0.030  0.049  0.101       42
135:     0.190  0.080  0.102  0.077  0.240  0.096  0.037  0.024  0.066  0.060  0.029       30
136:     0.113  0.093  0.079  0.074  0.273  0.129  0.034  0.023  0.070  0.047  0.064       53
137:     0.093  0.086  0.051  0.225  0.048  0.047  0.075  0.058  0.098  0.129  0.091       58
138:     0.117  0.120  0.034  0.140  0.090  0.110  0.038  0.053  0.117  0.119  0.062       84
139:     0.141  0.039  0.040  0.053  0.074  0.071  0.036  0.035  0.273  0.035  0.203       81
140:     0.016  0.008  0.011  0.015  0.034  0.027  0.015  0.015  0.035  0.013  0.809       30
141:     0.034  0.054  0.020  0.047  0.025  0.024  0.025  0.018  0.032  0.042  0.680       37
142:     0.226  0.037  0.026  0.082  0.048  0.092  0.043  0.039  0.069  0.061  0.276       46
143:     0.381  0.048  0.056  0.076  0.045  0.121  0.027  0.022  0.149  0.017  0.060       55
144:     0.467  0.056  0.050  0.066  0.059  0.060  0.038  0.015  0.070  0.063  0.058       52
145:     0.381  0.050  0.038  0.110  0.055  0.093  0.045  0.015  0.058  0.054  0.101       73
146:     0.208  0.105  0.101  0.072  0.074  0.157  0.037  0.046  0.075  0.068  0.059       73
147:     0.404  0.027  0.046  0.116  0.066  0.068  0.050  0.016  0.042  0.075  0.090       53
148:     0.327  0.087  0.052  0.071  0.066  0.080  0.038  0.017  0.056  0.061  0.145       52
149:     0.250  0.039  0.042  0.183  0.095  0.084  0.036  0.026  0.055  0.064  0.125       44
150:     0.259  0.056  0.052  0.139  0.082  0.081  0.040  0.041  0.072  0.106  0.071       80
151:     0.268  0.077  0.045  0.098  0.057  0.092  0.058  0.031  0.081  0.079  0.114       49
152:     0.050  0.084  0.056  0.182  0.085  0.062  0.121  0.037  0.174  0.091  0.057       34
153:     0.068  0.089  0.048  0.081  0.147  0.099  0.064  0.037  0.150  0.085  0.133      100
--------------------------------------------

 Rep#:   Lambda   Alpha      F1    F2    F3    F4    F5    F6    F7    F8    F9    F10    F11     D1,2  D1,3  D1,4  D1,5  D1,6  D1,7  D1,8  D1,9  D1,10  D1,11  D2,3  D2,4  D2,5  D2,6  D2,7  D2,8  D2,9  D2,10  D2,11  D3,4  D3,5  D3,6  D3,7  D3,8  D3,9  D3,10  D3,11  D4,5  D4,6  D4,7  D4,8  D4,9  D4,10  D4,11  D5,6  D5,7  D5,8  D5,9  D5,10  D5,11  D6,7  D6,8  D6,9  D6,10  D6,11  D7,8  D7,9  D7,10  D7,11  D8,9  D8,10  D8,11  D9,10  D9,11  D10,11    Ln Like 
 1000:    1.00    0.177    0.030 0.021 0.116 0.012 0.037 0.035 0.031 0.050 0.010 0.022 0.035    0.047 0.076 0.024 0.042 0.035 0.049 0.086 0.031 0.032 0.029 0.071 0.028 0.044 0.035 0.041 0.037 0.025 0.038 0.042 0.074 0.087 0.068 0.070 0.104 0.062 0.071 0.078 0.037 0.037 0.040 0.061 0.018 0.025 0.025 0.037 0.061 0.086 0.037 0.059 0.047 0.047 0.074 0.029 0.048 0.038 0.051 0.025 0.027 0.046 0.052 0.062 0.077 0.023 0.025 0.032   --  
 2000:    1.00    0.124    0.022 0.024 0.103 0.015 0.032 0.027 0.019 0.046 0.016 0.018 0.029    0.038 0.063 0.023 0.030 0.027 0.040 0.067 0.029 0.029 0.027 0.066 0.027 0.038 0.028 0.034 0.033 0.028 0.034 0.042 0.067 0.078 0.054 0.063 0.089 0.060 0.064 0.071 0.035 0.029 0.033 0.044 0.020 0.026 0.023 0.028 0.049 0.067 0.035 0.049 0.044 0.036 0.055 0.027 0.036 0.031 0.039 0.020 0.017 0.046 0.043 0.047 0.068 0.018 0.030 0.032   --  
 3000:    1.00    0.107    0.022 0.018 0.137 0.017 0.028 0.024 0.018 0.037 0.014 0.014 0.024    0.034 0.069 0.018 0.032 0.024 0.036 0.061 0.026 0.022 0.023 0.075 0.026 0.035 0.024 0.032 0.029 0.025 0.030 0.036 0.076 0.080 0.066 0.070 0.099 0.067 0.072 0.078 0.030 0.027 0.031 0.045 0.018 0.020 0.022 0.026 0.046 0.062 0.032 0.045 0.035 0.033 0.051 0.024 0.033 0.026 0.036 0.019 0.018 0.040 0.040 0.045 0.063 0.019 0.024 0.027   --  
 4000:    1.00    0.093    0.021 0.017 0.108 0.012 0.027 0.021 0.019 0.035 0.013 0.013 0.029    0.031 0.071 0.019 0.029 0.022 0.039 0.058 0.025 0.024 0.020 0.071 0.023 0.031 0.021 0.028 0.031 0.023 0.026 0.031 0.078 0.084 0.064 0.073 0.096 0.065 0.072 0.078 0.029 0.023 0.032 0.042 0.018 0.020 0.021 0.022 0.041 0.061 0.034 0.042 0.036 0.028 0.050 0.020 0.028 0.025 0.032 0.017 0.020 0.038 0.035 0.042 0.060 0.015 0.024 0.023   --  
 5000:    1.00    0.086    0.020 0.021 0.132 0.015 0.025 0.020 0.021 0.029 0.014 0.014 0.026    0.028 0.065 0.020 0.029 0.024 0.038 0.057 0.026 0.022 0.022 0.062 0.020 0.030 0.022 0.029 0.028 0.023 0.025 0.030 0.073 0.078 0.060 0.068 0.087 0.061 0.067 0.074 0.031 0.028 0.032 0.038 0.018 0.018 0.021 0.024 0.044 0.058 0.038 0.040 0.037 0.029 0.048 0.026 0.031 0.028 0.031 0.017 0.021 0.041 0.037 0.043 0.056 0.013 0.025 0.023   --  
 6000:    1.00    0.081    0.018 0.017 0.140 0.017 0.027 0.017 0.020 0.035 0.017 0.012 0.024    0.031 0.072 0.017 0.030 0.022 0.036 0.058 0.026 0.022 0.018 0.073 0.022 0.033 0.021 0.026 0.028 0.025 0.025 0.033 0.076 0.081 0.069 0.078 0.100 0.071 0.072 0.080 0.030 0.021 0.030 0.040 0.018 0.017 0.020 0.021 0.040 0.059 0.036 0.042 0.033 0.026 0.043 0.023 0.027 0.022 0.030 0.017 0.019 0.037 0.038 0.038 0.056 0.015 0.026 0.023   --  
 7000:    1.00    0.078    0.020 0.017 0.113 0.014 0.023 0.018 0.015 0.040 0.018 0.015 0.026    0.031 0.071 0.019 0.030 0.021 0.035 0.057 0.027 0.022 0.021 0.070 0.018 0.030 0.018 0.024 0.027 0.024 0.024 0.028 0.071 0.080 0.066 0.070 0.095 0.065 0.069 0.071 0.030 0.020 0.028 0.037 0.018 0.017 0.018 0.021 0.038 0.056 0.038 0.039 0.035 0.024 0.040 0.024 0.026 0.021 0.029 0.017 0.018 0.036 0.036 0.040 0.054 0.015 0.023 0.022   --  
 8000:    1.00    0.074    0.018 0.015 0.181 0.012 0.024 0.015 0.016 0.028 0.020 0.013 0.021    0.027 0.073 0.017 0.026 0.020 0.034 0.053 0.026 0.021 0.019 0.081 0.020 0.028 0.018 0.025 0.025 0.024 0.025 0.031 0.084 0.089 0.076 0.081 0.103 0.072 0.079 0.081 0.028 0.023 0.029 0.036 0.019 0.016 0.019 0.020 0.038 0.055 0.037 0.039 0.036 0.028 0.043 0.026 0.029 0.025 0.028 0.016 0.020 0.040 0.037 0.040 0.053 0.015 0.026 0.022   --  
 9000:    1.00    0.069    0.016 0.017 0.155 0.016 0.021 0.016 0.014 0.031 0.014 0.012 0.021    0.024 0.077 0.016 0.025 0.016 0.029 0.049 0.023 0.018 0.017 0.076 0.018 0.026 0.018 0.023 0.026 0.022 0.023 0.030 0.084 0.087 0.072 0.080 0.100 0.075 0.082 0.082 0.026 0.021 0.027 0.036 0.018 0.017 0.019 0.019 0.035 0.055 0.036 0.037 0.033 0.024 0.044 0.025 0.025 0.021 0.027 0.016 0.016 0.035 0.036 0.036 0.052 0.012 0.025 0.022   --  

--------------------------------------------
Proportion of membership of each pre-defined
 population in each of the 11 clusters

Given    Inferred Clusters                                                               Number of
 Pop       1      2      3      4      5      6      7      8      9     10     11      Individuals

  1:     0.083  0.591  0.037  0.040  0.022  0.009  0.050  0.080  0.018  0.023  0.047       45
  2:     0.012  0.011  0.001  0.015  0.009  0.021  0.008  0.891  0.012  0.008  0.011       50
  3:     0.021  0.456  0.044  0.054  0.060  0.068  0.031  0.132  0.061  0.037  0.035       48
  4:     0.098  0.358  0.023  0.094  0.095  0.044  0.071  0.067  0.034  0.038  0.078       50
  5:     0.091  0.100  0.026  0.316  0.055  0.049  0.050  0.048  0.070  0.131  0.064       50
  6:     0.101  0.110  0.011  0.254  0.092  0.072  0.094  0.055  0.078  0.085  0.047       49
  7:     0.175  0.151  0.039  0.228  0.085  0.031  0.085  0.054  0.031  0.080  0.039       43
  8:     0.066  0.035  0.005  0.518  0.026  0.081  0.020  0.033  0.036  0.080  0.101       46
  9:     0.021  0.622  0.044  0.013  0.039  0.065  0.033  0.026  0.058  0.024  0.054       60
 10:     0.114  0.154  0.035  0.263  0.047  0.045  0.049  0.060  0.079  0.089  0.065       38
 11:     0.064  0.053  0.015  0.448  0.044  0.089  0.051  0.026  0.040  0.091  0.078       50
 12:     0.118  0.109  0.021  0.473  0.027  0.048  0.044  0.041  0.016  0.042  0.060       48
 13:     0.078  0.427  0.037  0.070  0.054  0.063  0.072  0.054  0.080  0.041  0.023       50
 14:     0.037  0.045  0.030  0.072  0.036  0.043  0.075  0.494  0.100  0.030  0.038       57
 15:     0.023  0.376  0.054  0.032  0.090  0.069  0.047  0.170  0.055  0.042  0.042       48
 16:     0.020  0.034  0.011  0.005  0.015  0.007  0.027  0.837  0.019  0.017  0.009       48
 17:     0.082  0.439  0.033  0.064  0.049  0.041  0.093  0.059  0.046  0.065  0.029       50
 18:     0.049  0.067  0.018  0.344  0.021  0.072  0.037  0.025  0.111  0.192  0.063       44
 19:     0.069  0.222  0.021  0.305  0.041  0.143  0.073  0.018  0.037  0.040  0.031       50
 20:     0.086  0.037  0.013  0.512  0.025  0.040  0.030  0.017  0.091  0.034  0.116       50
 21:     0.024  0.028  0.017  0.029  0.008  0.036  0.021  0.755  0.032  0.032  0.018       48
 22:     0.053  0.137  0.025  0.233  0.087  0.064  0.122  0.115  0.069  0.062  0.034       50
 23:     0.071  0.142  0.022  0.297  0.027  0.136  0.057  0.025  0.121  0.068  0.034       49
 24:     0.046  0.131  0.008  0.265  0.062  0.172  0.057  0.098  0.048  0.039  0.075       50
 25:     0.026  0.109  0.012  0.377  0.038  0.089  0.095  0.047  0.071  0.078  0.058       50
 26:     0.069  0.119  0.017  0.275  0.054  0.100  0.043  0.032  0.087  0.078  0.126       50
 27:     0.051  0.113  0.025  0.016  0.053  0.076  0.088  0.448  0.067  0.051  0.012       55
 28:     0.017  0.365  0.031  0.071  0.017  0.066  0.018  0.247  0.063  0.059  0.045       50
 29:     0.291  0.079  0.032  0.140  0.118  0.109  0.031  0.037  0.065  0.032  0.067      108
 30:     0.251  0.134  0.029  0.102  0.095  0.115  0.029  0.037  0.049  0.076  0.083      109
 31:     0.060  0.084  0.033  0.499  0.018  0.057  0.066  0.015  0.068  0.068  0.032       49
 32:     0.085  0.262  0.019  0.093  0.037  0.112  0.055  0.126  0.040  0.061  0.110       50
 33:     0.020  0.438  0.043  0.039  0.052  0.045  0.034  0.056  0.151  0.094  0.029       50
 34:     0.018  0.045  0.021  0.018  0.063  0.086  0.078  0.288  0.155  0.150  0.079       50
 35:     0.018  0.443  0.024  0.034  0.058  0.158  0.045  0.061  0.029  0.062  0.068       50
 36:     0.065  0.203  0.018  0.526  0.027  0.032  0.014  0.018  0.007  0.035  0.056       39
 37:     0.079  0.157  0.016  0.257  0.024  0.074  0.064  0.049  0.108  0.100  0.072       47
 38:     0.064  0.132  0.050  0.321  0.066  0.086  0.057  0.025  0.049  0.078  0.072       67
 39:     0.028  0.277  0.023  0.307  0.034  0.194  0.066  0.017  0.004  0.002  0.048       34
 40:     0.094  0.063  0.036  0.420  0.018  0.067  0.025  0.054  0.103  0.067  0.053       58
 41:     0.113  0.128  0.031  0.267  0.071  0.066  0.080  0.050  0.093  0.063  0.038       86
 42:     0.118  0.120  0.016  0.216  0.090  0.080  0.091  0.062  0.045  0.063  0.098       44
 43:     0.057  0.027  0.007  0.621  0.034  0.033  0.023  0.022  0.105  0.058  0.013       44
 44:     0.062  0.093  0.020  0.040  0.050  0.025  0.139  0.418  0.042  0.066  0.044       50
 45:     0.142  0.084  0.016  0.281  0.080  0.090  0.050  0.047  0.126  0.045  0.041       35
 46:     0.089  0.318  0.019  0.088  0.055  0.072  0.053  0.119  0.045  0.106  0.036       50
 47:     0.029  0.281  0.015  0.186  0.049  0.206  0.051  0.052  0.058  0.044  0.028       36
 48:     0.024  0.200  0.014  0.080  0.041  0.155  0.089  0.272  0.037  0.050  0.039       53
 49:     0.033  0.017  0.013  0.037  0.037  0.012  0.030  0.722  0.030  0.035  0.032       57
 50:     0.047  0.177  0.020  0.056  0.050  0.040  0.098  0.253  0.083  0.086  0.091       49
 51:     0.022  0.473  0.099  0.083  0.060  0.017  0.028  0.083  0.061  0.011  0.064       42
 52:     0.066  0.066  0.021  0.452  0.028  0.051  0.099  0.026  0.082  0.044  0.064       50
 53:     0.455  0.068  0.016  0.097  0.060  0.067  0.022  0.019  0.071  0.060  0.065       50
 54:     0.344  0.115  0.018  0.059  0.104  0.094  0.030  0.030  0.054  0.078  0.073       44
 55:     0.294  0.096  0.023  0.094  0.140  0.114  0.037  0.020  0.050  0.048  0.083       50
 56:     0.849  0.006  0.028  0.029  0.009  0.002  0.011  0.019  0.029  0.010  0.009       30
 57:     0.201  0.193  0.012  0.193  0.088  0.092  0.019  0.019  0.053  0.033  0.099       50
 58:     0.239  0.136  0.025  0.091  0.070  0.139  0.062  0.023  0.040  0.109  0.065       50
 59:     0.278  0.096  0.044  0.094  0.108  0.192  0.049  0.028  0.020  0.046  0.045       33
 60:     0.200  0.062  0.004  0.211  0.056  0.181  0.074  0.062  0.019  0.074  0.056        9
 61:     0.190  0.194  0.029  0.132  0.086  0.190  0.015  0.018  0.037  0.050  0.057       50
 62:     0.360  0.143  0.015  0.054  0.130  0.072  0.060  0.005  0.020  0.011  0.130       32
 63:     0.295  0.142  0.021  0.062  0.112  0.084  0.028  0.057  0.018  0.083  0.099       50
 64:     0.568  0.016  0.040  0.100  0.022  0.035  0.031  0.017  0.072  0.050  0.051       50
 65:     0.736  0.028  0.035  0.029  0.058  0.006  0.016  0.032  0.012  0.013  0.036       29
 66:     0.239  0.131  0.012  0.125  0.123  0.170  0.022  0.038  0.034  0.053  0.054       50
 67:     0.371  0.078  0.028  0.042  0.020  0.100  0.009  0.048  0.075  0.091  0.138       31
 68:     0.340  0.045  0.028  0.069  0.135  0.059  0.076  0.043  0.064  0.044  0.097       27
 69:     0.157  0.084  0.020  0.207  0.074  0.246  0.052  0.020  0.037  0.009  0.093       20
 70:     0.356  0.079  0.024  0.119  0.103  0.067  0.076  0.028  0.048  0.052  0.049       50
 71:     0.084  0.137  0.010  0.397  0.065  0.041  0.053  0.058  0.051  0.037  0.066       50
 72:     0.439  0.058  0.007  0.078  0.032  0.095  0.055  0.037  0.052  0.064  0.084       37
 73:     0.034  0.034  0.029  0.064  0.054  0.052  0.108  0.481  0.043  0.046  0.054       81
 74:     0.036  0.060  0.032  0.054  0.045  0.053  0.496  0.017  0.131  0.037  0.040       50
 75:     0.062  0.069  0.029  0.129  0.087  0.292  0.059  0.023  0.080  0.119  0.051       50
 76:     0.032  0.089  0.027  0.075  0.045  0.109  0.186  0.058  0.164  0.161  0.053       89
 77:     0.014  0.066  0.057  0.068  0.037  0.200  0.084  0.061  0.184  0.119  0.109      100
 78:     0.042  0.064  0.025  0.017  0.028  0.024  0.111  0.516  0.090  0.045  0.037       94
 79:     0.021  0.075  0.035  0.216  0.032  0.029  0.127  0.060  0.079  0.272  0.054      100
 80:     0.019  0.091  0.011  0.025  0.022  0.024  0.522  0.063  0.087  0.128  0.008       50
 81:     0.040  0.087  0.024  0.124  0.084  0.108  0.313  0.026  0.106  0.037  0.052      100
 82:     0.099  0.106  0.031  0.078  0.033  0.183  0.070  0.032  0.129  0.133  0.108       98
 83:     0.019  0.021  0.035  0.014  0.017  0.010  0.052  0.015  0.034  0.759  0.023       50
 84:     0.027  0.042  0.008  0.022  0.019  0.023  0.020  0.739  0.043  0.038  0.018       99
 85:     0.072  0.096  0.037  0.061  0.078  0.111  0.070  0.063  0.139  0.156  0.117       99
 86:     0.015  0.046  0.023  0.038  0.018  0.063  0.043  0.023  0.651  0.057  0.023      100
 87:     0.020  0.010  0.041  0.072  0.024  0.037  0.081  0.020  0.578  0.057  0.059      100
 88:     0.023  0.039  0.023  0.034  0.036  0.065  0.476  0.039  0.070  0.164  0.031      100
 89:     0.068  0.100  0.047  0.046  0.057  0.100  0.153  0.057  0.145  0.149  0.079       99
 90:     0.021  0.053  0.048  0.100  0.032  0.042  0.330  0.053  0.151  0.163  0.006       48
 91:     0.028  0.208  0.018  0.026  0.031  0.064  0.080  0.479  0.020  0.012  0.035       28
 92:     0.029  0.026  0.060  0.025  0.046  0.059  0.522  0.071  0.045  0.050  0.066       50
 93:     0.035  0.010  0.026  0.033  0.020  0.059  0.593  0.079  0.086  0.036  0.024      100
 94:     0.033  0.078  0.011  0.059  0.061  0.031  0.482  0.034  0.103  0.074  0.033       50
 95:     0.033  0.165  0.037  0.057  0.051  0.049  0.048  0.466  0.054  0.019  0.021       41
 96:     0.084  0.049  0.041  0.069  0.073  0.030  0.224  0.041  0.117  0.172  0.100       81
 97:     0.032  0.092  0.024  0.036  0.060  0.016  0.535  0.057  0.025  0.059  0.063       50
 98:     0.038  0.029  0.029  0.075  0.030  0.029  0.042  0.028  0.056  0.530  0.113      100
 99:     0.044  0.101  0.032  0.126  0.123  0.052  0.132  0.059  0.059  0.174  0.098       89
100:     0.055  0.034  0.043  0.073  0.039  0.194  0.051  0.047  0.110  0.134  0.220       98
101:     0.036  0.061  0.026  0.070  0.055  0.070  0.284  0.107  0.119  0.075  0.096      100
102:     0.010  0.008  0.919  0.008  0.005  0.014  0.003  0.009  0.008  0.003  0.013       95
103:     0.044  0.049  0.003  0.032  0.031  0.100  0.051  0.007  0.194  0.396  0.093       50
104:     0.016  0.047  0.019  0.055  0.036  0.032  0.199  0.033  0.405  0.112  0.046       70
105:     0.029  0.083  0.024  0.059  0.018  0.054  0.049  0.529  0.061  0.059  0.035      100
106:     0.049  0.058  0.046  0.043  0.019  0.038  0.405  0.030  0.121  0.135  0.056       50
107:     0.039  0.020  0.029  0.018  0.028  0.020  0.036  0.042  0.686  0.032  0.051      100
108:     0.025  0.028  0.008  0.019  0.009  0.023  0.012  0.013  0.018  0.820  0.026       50
109:     0.095  0.076  0.016  0.110  0.064  0.127  0.160  0.066  0.092  0.145  0.049      100
110:     0.041  0.089  0.031  0.036  0.034  0.068  0.049  0.579  0.021  0.032  0.020       41
111:     0.036  0.106  0.027  0.054  0.059  0.067  0.072  0.432  0.057  0.070  0.020      100
112:     0.044  0.023  0.024  0.073  0.039  0.017  0.165  0.016  0.036  0.537  0.027       50
113:     0.015  0.035  0.011  0.036  0.016  0.020  0.075  0.023  0.615  0.120  0.034       97
114:     0.035  0.093  0.040  0.052  0.054  0.048  0.036  0.439  0.070  0.048  0.084      100
115:     0.046  0.058  0.016  0.029  0.040  0.050  0.435  0.072  0.126  0.106  0.023       49
116:     0.046  0.052  0.032  0.038  0.040  0.065  0.403  0.058  0.121  0.103  0.040      100
117:     0.045  0.119  0.019  0.047  0.042  0.050  0.149  0.070  0.175  0.194  0.090       50
118:     0.039  0.070  0.019  0.058  0.038  0.027  0.107  0.071  0.106  0.426  0.039      100
119:     0.102  0.069  0.054  0.040  0.063  0.100  0.227  0.076  0.079  0.094  0.095       90
120:     0.130  0.117  0.019  0.105  0.083  0.144  0.052  0.068  0.060  0.094  0.128       70
121:     0.058  0.027  0.033  0.045  0.023  0.075  0.033  0.011  0.038  0.009  0.647       82
122:     0.016  0.012  0.014  0.013  0.009  0.874  0.009  0.024  0.007  0.006  0.017       66
123:     0.009  0.017  0.006  0.009  0.003  0.877  0.032  0.008  0.020  0.002  0.017       28
124:     0.026  0.029  0.017  0.024  0.672  0.086  0.017  0.022  0.027  0.048  0.032       44
125:     0.021  0.040  0.006  0.005  0.722  0.039  0.040  0.031  0.015  0.017  0.063       60
126:     0.013  0.023  0.004  0.043  0.735  0.082  0.020  0.028  0.013  0.021  0.018       83
127:     0.041  0.064  0.018  0.022  0.746  0.020  0.022  0.013  0.021  0.011  0.023       49
128:     0.028  0.034  0.017  0.022  0.787  0.026  0.019  0.014  0.021  0.013  0.017       84
129:     0.177  0.071  0.014  0.113  0.409  0.032  0.041  0.018  0.069  0.020  0.035       53
130:     0.103  0.031  0.024  0.104  0.535  0.079  0.027  0.019  0.048  0.017  0.015       58
131:     0.090  0.056  0.028  0.068  0.495  0.084  0.045  0.026  0.062  0.022  0.024       78
132:     0.054  0.031  0.022  0.040  0.642  0.040  0.016  0.029  0.049  0.017  0.061       59
133:     0.079  0.030  0.024  0.034  0.485  0.179  0.012  0.012  0.120  0.009  0.016       41
134:     0.133  0.048  0.054  0.068  0.307  0.135  0.085  0.038  0.053  0.049  0.029       42
135:     0.388  0.029  0.021  0.006  0.273  0.071  0.056  0.018  0.070  0.025  0.043       30
136:     0.246  0.117  0.053  0.061  0.310  0.067  0.014  0.033  0.014  0.046  0.038       53
137:     0.110  0.097  0.030  0.274  0.051  0.038  0.046  0.029  0.067  0.176  0.082       58
138:     0.113  0.157  0.021  0.164  0.056  0.199  0.043  0.039  0.083  0.051  0.075       84
139:     0.083  0.023  0.008  0.019  0.044  0.058  0.018  0.024  0.023  0.011  0.688       81
140:     0.014  0.019  0.016  0.029  0.005  0.009  0.007  0.003  0.014  0.010  0.876       30
141:     0.047  0.019  0.021  0.009  0.028  0.043  0.031  0.008  0.015  0.011  0.768       37
142:     0.248  0.063  0.009  0.049  0.028  0.061  0.046  0.022  0.013  0.035  0.426       46
143:     0.499  0.039  0.028  0.086  0.018  0.165  0.028  0.011  0.034  0.041  0.052       55
144:     0.590  0.056  0.018  0.084  0.097  0.039  0.015  0.017  0.023  0.033  0.028       52
145:     0.532  0.048  0.023  0.061  0.037  0.079  0.024  0.027  0.050  0.047  0.072       73
146:     0.358  0.120  0.033  0.128  0.092  0.095  0.038  0.023  0.037  0.037  0.041       73
147:     0.485  0.014  0.015  0.128  0.069  0.089  0.020  0.015  0.061  0.065  0.039       53
148:     0.469  0.072  0.021  0.064  0.060  0.063  0.038  0.020  0.064  0.078  0.051       52
149:     0.363  0.027  0.021  0.173  0.035  0.122  0.070  0.009  0.026  0.055  0.098       44
150:     0.448  0.064  0.031  0.095  0.063  0.101  0.034  0.027  0.035  0.054  0.048       80
151:     0.309  0.096  0.020  0.121  0.075  0.056  0.022  0.033  0.040  0.114  0.114       49
152:     0.057  0.110  0.024  0.378  0.064  0.026  0.076  0.046  0.125  0.057  0.038       34
153:     0.079  0.100  0.030  0.080  0.113  0.278  0.071  0.026  0.075  0.099  0.048      100
--------------------------------------------

 Rep#:   Lambda   Alpha      F1    F2    F3    F4    F5    F6    F7    F8    F9    F10    F11     D1,2  D1,3  D1,4  D1,5  D1,6  D1,7  D1,8  D1,9  D1,10  D1,11  D2,3  D2,4  D2,5  D2,6  D2,7  D2,8  D2,9  D2,10  D2,11  D3,4  D3,5  D3,6  D3,7  D3,8  D3,9  D3,10  D3,11  D4,5  D4,6  D4,7  D4,8  D4,9  D4,10  D4,11  D5,6  D5,7  D5,8  D5,9  D5,10  D5,11  D6,7  D6,8  D6,9  D6,10  D6,11  D7,8  D7,9  D7,10  D7,11  D8,9  D8,10  D8,11  D9,10  D9,11  D10,11    Ln Like 
10000:    1.00    0.065    0.018 0.017 0.144 0.014 0.025 0.021 0.014 0.030 0.015 0.013 0.025    0.025 0.077 0.018 0.024 0.022 0.034 0.055 0.024 0.022 0.020 0.076 0.017 0.029 0.019 0.023 0.027 0.021 0.021 0.029 0.083 0.092 0.076 0.082 0.102 0.074 0.081 0.085 0.028 0.022 0.027 0.036 0.017 0.015 0.020 0.021 0.038 0.057 0.035 0.037 0.033 0.027 0.041 0.024 0.025 0.024 0.030 0.016 0.017 0.036 0.036 0.035 0.054 0.014 0.025 0.021   --  
11000:    1.00    0.065    0.019 0.016 0.142 0.012 0.026 0.019 0.018 0.031 0.015 0.013 0.023    0.024 0.079 0.014 0.025 0.016 0.031 0.050 0.022 0.020 0.018 0.077 0.017 0.026 0.019 0.022 0.024 0.022 0.022 0.028 0.084 0.087 0.073 0.079 0.101 0.075 0.084 0.084 0.026 0.018 0.025 0.036 0.015 0.015 0.020 0.019 0.037 0.053 0.036 0.037 0.034 0.024 0.044 0.022 0.026 0.022 0.029 0.016 0.017 0.035 0.036 0.037 0.052 0.013 0.024 0.021   --  
12000:    1.00    0.065    0.021 0.015 0.161 0.013 0.023 0.016 0.013 0.030 0.013 0.011 0.022    0.027 0.079 0.015 0.026 0.019 0.032 0.050 0.024 0.018 0.019 0.081 0.020 0.031 0.019 0.023 0.023 0.021 0.023 0.030 0.085 0.093 0.075 0.082 0.106 0.075 0.083 0.089 0.029 0.018 0.027 0.035 0.016 0.015 0.017 0.020 0.037 0.054 0.035 0.040 0.034 0.025 0.040 0.022 0.025 0.022 0.028 0.014 0.018 0.034 0.032 0.037 0.050 0.012 0.023 0.019   --  
13000:    1.00    0.064    0.016 0.018 0.140 0.013 0.021 0.016 0.017 0.033 0.013 0.011 0.022    0.026 0.077 0.017 0.028 0.017 0.032 0.051 0.023 0.018 0.019 0.076 0.017 0.029 0.017 0.022 0.025 0.023 0.020 0.026 0.085 0.090 0.075 0.078 0.102 0.076 0.078 0.082 0.028 0.018 0.024 0.032 0.015 0.013 0.017 0.018 0.034 0.054 0.033 0.036 0.036 0.023 0.039 0.021 0.022 0.022 0.025 0.016 0.017 0.032 0.035 0.034 0.049 0.012 0.022 0.018   --  
14000:    1.00    0.062    0.015 0.018 0.142 0.015 0.026 0.014 0.014 0.030 0.015 0.012 0.022    0.025 0.076 0.016 0.024 0.015 0.029 0.052 0.022 0.018 0.019 0.078 0.019 0.027 0.017 0.023 0.028 0.023 0.023 0.028 0.084 0.086 0.073 0.077 0.102 0.073 0.079 0.084 0.025 0.017 0.026 0.037 0.018 0.017 0.019 0.018 0.034 0.053 0.033 0.037 0.032 0.021 0.038 0.020 0.023 0.019 0.027 0.014 0.015 0.033 0.036 0.037 0.052 0.013 0.025 0.023   --  
15000:    1.00    0.061    0.018 0.017 0.145 0.016 0.026 0.015 0.015 0.032 0.015 0.011 0.025    0.026 0.080 0.017 0.027 0.017 0.032 0.050 0.024 0.019 0.018 0.081 0.017 0.031 0.017 0.023 0.023 0.021 0.019 0.028 0.085 0.088 0.073 0.083 0.099 0.076 0.081 0.087 0.027 0.017 0.026 0.031 0.018 0.015 0.019 0.020 0.040 0.053 0.037 0.036 0.034 0.024 0.037 0.020 0.020 0.018 0.026 0.016 0.016 0.034 0.034 0.032 0.049 0.012 0.023 0.018   --  
16000:    1.00    0.059    0.018 0.016 0.148 0.015 0.026 0.017 0.014 0.028 0.012 0.010 0.026    0.023 0.077 0.014 0.023 0.019 0.031 0.047 0.022 0.020 0.019 0.071 0.017 0.025 0.016 0.022 0.025 0.019 0.022 0.029 0.080 0.085 0.071 0.074 0.097 0.070 0.077 0.088 0.027 0.019 0.025 0.033 0.014 0.014 0.018 0.021 0.039 0.052 0.032 0.038 0.036 0.023 0.037 0.021 0.023 0.021 0.025 0.014 0.015 0.038 0.031 0.032 0.050 0.012 0.024 0.022   --  
17000:    1.00    0.057    0.016 0.020 0.154 0.014 0.022 0.018 0.015 0.028 0.014 0.010 0.020    0.026 0.084 0.015 0.024 0.019 0.030 0.049 0.023 0.018 0.017 0.091 0.019 0.026 0.016 0.023 0.023 0.024 0.020 0.027 0.093 0.098 0.081 0.088 0.108 0.084 0.088 0.092 0.025 0.019 0.025 0.032 0.017 0.013 0.017 0.019 0.035 0.051 0.034 0.033 0.033 0.021 0.036 0.023 0.022 0.022 0.026 0.015 0.015 0.032 0.032 0.030 0.044 0.012 0.024 0.017   --  
