This is a job step 10


----------------------------------------------------
STRUCTURE by Pritchard, Stephens and Donnelly (2000)
     and Falush, Stephens and Pritchard (2003)
       Code by Pritchard, Falush and Hubisz
             Version 2.3.4 (Jul 2012)
----------------------------------------------------


Reading file "/global/home/hpc3579/Salmon-Project/STRUCTURE/mainparamsfiles/mainparamsbigfile".
datafile is
/global/home/hpc3579/Salmon-Project/FileConversions/bigfilestruc.str
Reading file "/global/home/hpc3579/Salmon-Project/STRUCTURE/extraparams_bigfile".
Note: RANDOMIZE is set to 1. The random number generator will be initialized using the system clock, ignoring any specified value of SEED.
Reading file "/global/home/hpc3579/Salmon-Project/FileConversions/bigfilestruc.str".


Data file "/global/home/hpc3579/Salmon-Project/FileConversions/bigfilestruc.str" (truncated) --

Ind:   Label Pop : Genotype_data . . . .
  1: QC-ANG-01    1  :110 167 287 296 254 146 173  . . . . 291
  1: QC-ANG-01    1  :110 179 295 312 358 210 175  . . . . 315
  2: QC-ANG-11    1  :130 171 291 312 322 210 193  . . . . 283
  2: QC-ANG-11    1  :130 175 303 336 338 242 199  . . . . 303
  3: QC-ANG-12    1  :106 175 279 312 278 198 171  . . . . 315
  3: QC-ANG-12    1  :130 191 307 372 342 210 201  . . . . 319
  4: QC-ANG-13    1  :128 159 291 320 314 214 159  . . . . 287
  4: QC-ANG-13    1  :128 167 295 344 326 254 201  . . . . 315

      *******   

9141: US-NA11574  153  :122 203 283 312 254 198 173  . . . . 303
9141: US-NA11574  153  :128 203 303 340 290 206 173  . . . . 307
9142: US-NA11575  153  :122 167 283 300 254 214 173  . . . . 295
9142: US-NA11575  153  :128 167 303 336 290 298 173  . . . . 339

Number of alleles per locus: min=15; ave=39.8; max=91


--------------------------------------

Finished initialization; starting MCMC 
1000000 iterations + 100000 burnin


--------------------------------------------
Proportion of membership of each pre-defined
 population in each of the 10 clusters

Given    Inferred Clusters                                                        Number of
 Pop       1      2      3      4      5      6      7      8      9     10      Individuals

  1:     0.149  0.073  0.040  0.055  0.221  0.097  0.104  0.059  0.075  0.125       45
  2:     0.767  0.030  0.018  0.046  0.039  0.029  0.014  0.024  0.019  0.016       50
  3:     0.144  0.086  0.023  0.076  0.129  0.057  0.068  0.085  0.072  0.260       48
  4:     0.122  0.112  0.056  0.039  0.174  0.095  0.104  0.054  0.052  0.191       50
  5:     0.036  0.055  0.096  0.100  0.238  0.124  0.076  0.059  0.076  0.141       50
  6:     0.112  0.123  0.052  0.101  0.169  0.067  0.124  0.040  0.069  0.141       49
  7:     0.078  0.084  0.051  0.103  0.249  0.096  0.090  0.054  0.073  0.120       43
  8:     0.055  0.027  0.024  0.063  0.291  0.150  0.254  0.042  0.031  0.062       46
  9:     0.026  0.056  0.058  0.035  0.064  0.057  0.053  0.077  0.095  0.479       60
 10:     0.057  0.030  0.042  0.051  0.157  0.065  0.163  0.080  0.110  0.243       38
 11:     0.055  0.052  0.065  0.058  0.394  0.084  0.082  0.094  0.035  0.080       50
 12:     0.061  0.053  0.047  0.082  0.227  0.157  0.070  0.121  0.069  0.113       48
 13:     0.088  0.111  0.145  0.064  0.152  0.067  0.082  0.062  0.098  0.131       50
 14:     0.400  0.077  0.059  0.033  0.089  0.023  0.037  0.057  0.075  0.151       57
 15:     0.171  0.091  0.061  0.085  0.082  0.078  0.074  0.081  0.089  0.188       48
 16:     0.680  0.035  0.033  0.031  0.050  0.040  0.029  0.017  0.035  0.050       48
 17:     0.142  0.098  0.094  0.027  0.169  0.116  0.040  0.063  0.074  0.177       50
 18:     0.062  0.097  0.106  0.119  0.220  0.105  0.137  0.051  0.033  0.070       44
 19:     0.067  0.066  0.040  0.069  0.261  0.113  0.068  0.104  0.031  0.181       50
 20:     0.042  0.040  0.054  0.056  0.299  0.145  0.221  0.057  0.029  0.056       50
 21:     0.665  0.034  0.046  0.036  0.044  0.042  0.026  0.034  0.043  0.030       48
 22:     0.170  0.068  0.065  0.088  0.194  0.114  0.066  0.061  0.054  0.119       50
 23:     0.052  0.083  0.091  0.072  0.300  0.065  0.078  0.105  0.069  0.085       49
 24:     0.081  0.073  0.051  0.040  0.182  0.082  0.045  0.090  0.052  0.304       50
 25:     0.076  0.060  0.052  0.129  0.203  0.121  0.094  0.099  0.042  0.124       50
 26:     0.082  0.059  0.069  0.080  0.273  0.077  0.131  0.072  0.056  0.100       50
 27:     0.334  0.092  0.099  0.074  0.074  0.062  0.039  0.084  0.053  0.090       55
 28:     0.286  0.053  0.056  0.070  0.092  0.047  0.075  0.058  0.060  0.203       50
 29:     0.041  0.159  0.064  0.068  0.172  0.170  0.097  0.101  0.054  0.074      108
 30:     0.050  0.114  0.054  0.073  0.140  0.192  0.127  0.087  0.079  0.084      109
 31:     0.049  0.091  0.068  0.079  0.280  0.086  0.092  0.068  0.069  0.117       49
 32:     0.080  0.053  0.028  0.045  0.287  0.073  0.130  0.072  0.042  0.190       50
 33:     0.063  0.034  0.092  0.050  0.079  0.057  0.064  0.060  0.172  0.326       50
 34:     0.226  0.095  0.102  0.118  0.045  0.042  0.095  0.086  0.061  0.130       50
 35:     0.131  0.078  0.067  0.071  0.066  0.063  0.087  0.067  0.046  0.323       50
 36:     0.075  0.072  0.042  0.066  0.331  0.102  0.044  0.059  0.037  0.172       39
 37:     0.082  0.098  0.087  0.128  0.184  0.071  0.048  0.078  0.056  0.166       47
 38:     0.081  0.058  0.071  0.062  0.231  0.077  0.126  0.093  0.042  0.158       67
 39:     0.051  0.045  0.030  0.042  0.251  0.095  0.039  0.107  0.066  0.275       34
 40:     0.064  0.045  0.072  0.121  0.328  0.052  0.063  0.107  0.068  0.083       58
 41:     0.087  0.103  0.096  0.063  0.163  0.112  0.085  0.066  0.059  0.166       86
 42:     0.072  0.109  0.079  0.057  0.144  0.177  0.149  0.042  0.031  0.141       44
 43:     0.064  0.062  0.049  0.061  0.298  0.103  0.143  0.099  0.049  0.073       44
 44:     0.376  0.044  0.063  0.095  0.086  0.045  0.050  0.068  0.062  0.110       50
 45:     0.059  0.093  0.051  0.091  0.170  0.164  0.127  0.085  0.055  0.104       35
 46:     0.097  0.069  0.076  0.053  0.155  0.055  0.113  0.067  0.046  0.269       50
 47:     0.041  0.081  0.058  0.019  0.275  0.089  0.057  0.084  0.031  0.265       36
 48:     0.213  0.097  0.101  0.057  0.148  0.031  0.066  0.076  0.044  0.167       53
 49:     0.533  0.060  0.088  0.043  0.052  0.055  0.086  0.031  0.014  0.038       57
 50:     0.237  0.058  0.093  0.106  0.048  0.047  0.108  0.049  0.055  0.198       49
 51:     0.076  0.112  0.057  0.049  0.154  0.077  0.085  0.054  0.109  0.228       42
 52:     0.098  0.055  0.076  0.061  0.352  0.063  0.110  0.063  0.059  0.062       50
 53:     0.034  0.134  0.027  0.034  0.095  0.371  0.122  0.055  0.083  0.045       50
 54:     0.045  0.171  0.057  0.046  0.074  0.239  0.084  0.136  0.050  0.098       44
 55:     0.047  0.157  0.073  0.039  0.175  0.159  0.097  0.113  0.048  0.093       50
 56:     0.021  0.060  0.035  0.031  0.030  0.715  0.029  0.017  0.039  0.024       30
 57:     0.038  0.142  0.030  0.073  0.154  0.133  0.148  0.106  0.052  0.125       50
 58:     0.043  0.160  0.025  0.104  0.144  0.173  0.071  0.094  0.049  0.137       50
 59:     0.049  0.069  0.058  0.054  0.144  0.219  0.139  0.135  0.074  0.061       33
 60:     0.072  0.062  0.065  0.027  0.191  0.095  0.082  0.209  0.095  0.102        9
 61:     0.040  0.131  0.046  0.054  0.136  0.213  0.079  0.107  0.094  0.101       50
 62:     0.027  0.200  0.049  0.063  0.093  0.232  0.089  0.100  0.069  0.078       32
 63:     0.046  0.158  0.039  0.057  0.110  0.268  0.086  0.064  0.031  0.142       50
 64:     0.035  0.046  0.065  0.060  0.154  0.375  0.105  0.065  0.060  0.036       50
 65:     0.067  0.043  0.026  0.034  0.048  0.613  0.029  0.033  0.035  0.072       29
 66:     0.051  0.176  0.055  0.050  0.162  0.178  0.085  0.095  0.066  0.082       50
 67:     0.047  0.036  0.085  0.059  0.067  0.302  0.139  0.089  0.127  0.049       31
 68:     0.052  0.109  0.042  0.075  0.108  0.294  0.085  0.122  0.058  0.054       27
 69:     0.063  0.136  0.047  0.039  0.173  0.221  0.072  0.118  0.058  0.073       20
 70:     0.066  0.112  0.042  0.059  0.097  0.256  0.077  0.150  0.061  0.080       50
 71:     0.078  0.060  0.060  0.047  0.260  0.100  0.090  0.114  0.048  0.143       50
 72:     0.063  0.089  0.050  0.089  0.060  0.380  0.057  0.082  0.047  0.083       37
 73:     0.415  0.098  0.084  0.051  0.061  0.051  0.039  0.067  0.047  0.086       81
 74:     0.072  0.085  0.264  0.239  0.040  0.040  0.043  0.036  0.083  0.098       50
 75:     0.056  0.085  0.075  0.192  0.068  0.134  0.103  0.125  0.068  0.094       50
 76:     0.069  0.049  0.171  0.199  0.076  0.061  0.089  0.087  0.084  0.115       89
 77:     0.039  0.107  0.220  0.088  0.049  0.060  0.087  0.100  0.085  0.165      100
 78:     0.461  0.046  0.103  0.057  0.041  0.034  0.073  0.066  0.051  0.068       94
 79:     0.083  0.068  0.079  0.115  0.054  0.055  0.063  0.054  0.063  0.367      100
 80:     0.110  0.053  0.298  0.210  0.048  0.032  0.065  0.046  0.051  0.085       50
 81:     0.071  0.067  0.236  0.144  0.122  0.054  0.106  0.062  0.057  0.082      100
 82:     0.071  0.082  0.103  0.125  0.085  0.100  0.092  0.167  0.045  0.130       98
 83:     0.028  0.033  0.051  0.656  0.013  0.063  0.020  0.051  0.058  0.027       50
 84:     0.621  0.032  0.048  0.043  0.047  0.031  0.044  0.030  0.043  0.062       99
 85:     0.055  0.109  0.121  0.149  0.130  0.089  0.116  0.088  0.064  0.079       99
 86:     0.052  0.033  0.445  0.128  0.054  0.049  0.060  0.072  0.037  0.068      100
 87:     0.080  0.038  0.415  0.082  0.065  0.046  0.063  0.091  0.088  0.032      100
 88:     0.059  0.053  0.182  0.367  0.061  0.028  0.055  0.055  0.058  0.079      100
 89:     0.064  0.086  0.121  0.175  0.084  0.071  0.095  0.087  0.106  0.111       99
 90:     0.132  0.076  0.361  0.088  0.099  0.045  0.042  0.052  0.052  0.055       48
 91:     0.404  0.057  0.038  0.051  0.077  0.020  0.095  0.043  0.030  0.186       28
 92:     0.110  0.090  0.223  0.156  0.039  0.049  0.031  0.070  0.163  0.070       50
 93:     0.104  0.047  0.405  0.124  0.059  0.044  0.050  0.048  0.049  0.070      100
 94:     0.042  0.061  0.130  0.358  0.075  0.044  0.062  0.057  0.053  0.117       50
 95:     0.306  0.057  0.074  0.056  0.072  0.089  0.082  0.056  0.059  0.149       41
 96:     0.067  0.068  0.241  0.159  0.049  0.052  0.088  0.112  0.062  0.101       81
 97:     0.068  0.064  0.144  0.370  0.052  0.017  0.058  0.083  0.065  0.079       50
 98:     0.040  0.049  0.079  0.351  0.084  0.101  0.107  0.067  0.054  0.067      100
 99:     0.088  0.113  0.083  0.185  0.109  0.082  0.085  0.086  0.097  0.071       89
100:     0.075  0.036  0.085  0.136  0.063  0.077  0.082  0.302  0.082  0.063       98
101:     0.107  0.076  0.152  0.124  0.056  0.069  0.091  0.089  0.077  0.159      100
102:     0.011  0.011  0.017  0.018  0.018  0.011  0.012  0.017  0.868  0.017       95
103:     0.041  0.064  0.107  0.197  0.117  0.091  0.153  0.128  0.037  0.064       50
104:     0.074  0.061  0.414  0.159  0.043  0.043  0.075  0.020  0.036  0.075       70
105:     0.436  0.050  0.088  0.077  0.052  0.046  0.044  0.048  0.064  0.095      100
106:     0.093  0.090  0.105  0.287  0.084  0.063  0.056  0.064  0.078  0.079       50
107:     0.072  0.045  0.489  0.069  0.058  0.046  0.067  0.071  0.055  0.029      100
108:     0.027  0.041  0.052  0.584  0.038  0.072  0.089  0.039  0.027  0.030       50
109:     0.050  0.098  0.112  0.208  0.126  0.097  0.064  0.079  0.080  0.085      100
110:     0.468  0.042  0.026  0.086  0.032  0.040  0.071  0.052  0.045  0.138       41
111:     0.365  0.079  0.057  0.102  0.075  0.048  0.044  0.078  0.054  0.101      100
112:     0.058  0.040  0.097  0.427  0.049  0.105  0.062  0.039  0.057  0.068       50
113:     0.049  0.031  0.463  0.068  0.075  0.061  0.083  0.057  0.048  0.064       97
114:     0.320  0.070  0.090  0.087  0.054  0.052  0.099  0.053  0.076  0.099      100
115:     0.111  0.040  0.259  0.219  0.047  0.058  0.063  0.048  0.083  0.073       49
116:     0.090  0.054  0.187  0.246  0.078  0.046  0.068  0.079  0.091  0.061      100
117:     0.126  0.057  0.132  0.230  0.071  0.037  0.134  0.064  0.042  0.108       50
118:     0.075  0.045  0.094  0.358  0.116  0.054  0.083  0.040  0.046  0.089      100
119:     0.090  0.088  0.106  0.141  0.070  0.083  0.091  0.107  0.114  0.110       90
120:     0.084  0.118  0.077  0.091  0.202  0.101  0.062  0.123  0.072  0.070       70
121:     0.035  0.035  0.049  0.066  0.035  0.060  0.405  0.163  0.049  0.102       82
122:     0.047  0.022  0.038  0.019  0.029  0.042  0.038  0.696  0.021  0.049       66
123:     0.011  0.017  0.032  0.020  0.013  0.022  0.026  0.801  0.028  0.030       28
124:     0.046  0.604  0.030  0.035  0.060  0.039  0.032  0.061  0.023  0.071       44
125:     0.055  0.536  0.041  0.050  0.031  0.042  0.036  0.088  0.025  0.096       60
126:     0.027  0.596  0.028  0.039  0.055  0.060  0.048  0.080  0.030  0.036       83
127:     0.045  0.615  0.015  0.042  0.023  0.055  0.040  0.042  0.049  0.072       49
128:     0.024  0.603  0.024  0.064  0.036  0.066  0.031  0.037  0.043  0.072       84
129:     0.038  0.314  0.061  0.055  0.124  0.126  0.114  0.017  0.109  0.042       53
130:     0.042  0.446  0.037  0.052  0.086  0.111  0.039  0.058  0.063  0.066       58
131:     0.035  0.420  0.052  0.066  0.063  0.061  0.061  0.098  0.077  0.067       78
132:     0.034  0.425  0.084  0.026  0.041  0.072  0.075  0.099  0.063  0.080       59
133:     0.040  0.420  0.048  0.042  0.071  0.113  0.087  0.065  0.040  0.073       41
134:     0.048  0.325  0.090  0.054  0.056  0.044  0.063  0.142  0.101  0.077       42
135:     0.021  0.275  0.060  0.059  0.077  0.272  0.055  0.068  0.049  0.063       30
136:     0.035  0.296  0.042  0.062  0.070  0.201  0.080  0.085  0.081  0.048       53
137:     0.089  0.066  0.098  0.111  0.206  0.117  0.116  0.076  0.051  0.070       58
138:     0.046  0.074  0.053  0.064  0.238  0.109  0.102  0.151  0.048  0.114       84
139:     0.034  0.065  0.031  0.027  0.045  0.045  0.556  0.115  0.030  0.053       81
140:     0.010  0.021  0.029  0.016  0.027  0.039  0.036  0.758  0.028  0.036       30
141:     0.023  0.030  0.044  0.032  0.039  0.034  0.537  0.214  0.026  0.022       37
142:     0.021  0.069  0.049  0.024  0.090  0.173  0.395  0.110  0.018  0.050       46
143:     0.039  0.034  0.033  0.042  0.018  0.124  0.499  0.114  0.047  0.051       55
144:     0.045  0.085  0.016  0.114  0.079  0.457  0.056  0.059  0.055  0.035       52
145:     0.028  0.052  0.039  0.054  0.089  0.450  0.123  0.082  0.039  0.045       73
146:     0.033  0.111  0.058  0.075  0.130  0.270  0.074  0.080  0.108  0.061       73
147:     0.035  0.078  0.056  0.084  0.095  0.379  0.091  0.076  0.061  0.045       53
148:     0.033  0.093  0.053  0.048  0.068  0.390  0.103  0.073  0.086  0.053       52
149:     0.024  0.079  0.062  0.027  0.156  0.379  0.053  0.125  0.044  0.052       44
150:     0.046  0.092  0.034  0.051  0.113  0.336  0.133  0.067  0.072  0.057       80
151:     0.051  0.098  0.040  0.061  0.079  0.345  0.135  0.062  0.053  0.075       49
152:     0.086  0.085  0.144  0.095  0.251  0.035  0.074  0.068  0.058  0.104       34
153:     0.054  0.157  0.098  0.124  0.129  0.091  0.073  0.128  0.066  0.079      100
--------------------------------------------

 Rep#:   Lambda   Alpha      F1    F2    F3    F4    F5    F6    F7    F8    F9    F10     D1,2  D1,3  D1,4  D1,5  D1,6  D1,7  D1,8  D1,9  D1,10  D2,3  D2,4  D2,5  D2,6  D2,7  D2,8  D2,9  D2,10  D3,4  D3,5  D3,6  D3,7  D3,8  D3,9  D3,10  D4,5  D4,6  D4,7  D4,8  D4,9  D4,10  D5,6  D5,7  D5,8  D5,9  D5,10  D6,7  D6,8  D6,9  D6,10  D7,8  D7,9  D7,10  D8,9  D8,10  D9,10    Ln Like 
 1000:    1.00    0.174    0.045 0.029 0.026 0.020 0.017 0.022 0.025 0.035 0.078 0.020    0.071 0.043 0.050 0.044 0.071 0.067 0.067 0.083 0.032 0.047 0.051 0.033 0.033 0.041 0.031 0.064 0.039 0.016 0.024 0.039 0.035 0.039 0.051 0.033 0.026 0.033 0.032 0.043 0.056 0.036 0.019 0.023 0.030 0.056 0.022 0.020 0.030 0.061 0.042 0.027 0.055 0.037 0.058 0.037 0.058   --  
 2000:    1.00    0.124    0.036 0.030 0.018 0.017 0.014 0.023 0.019 0.024 0.074 0.016    0.063 0.038 0.042 0.042 0.061 0.058 0.050 0.074 0.028 0.043 0.051 0.031 0.029 0.037 0.026 0.068 0.034 0.016 0.024 0.033 0.030 0.028 0.050 0.026 0.026 0.032 0.028 0.034 0.056 0.030 0.019 0.022 0.024 0.054 0.020 0.019 0.022 0.056 0.033 0.021 0.056 0.029 0.053 0.026 0.054   --  
 3000:    1.00    0.111    0.034 0.028 0.013 0.018 0.015 0.020 0.019 0.027 0.094 0.014    0.060 0.032 0.038 0.039 0.058 0.055 0.048 0.084 0.028 0.037 0.043 0.030 0.028 0.036 0.024 0.065 0.030 0.010 0.022 0.029 0.029 0.025 0.054 0.024 0.023 0.028 0.028 0.030 0.059 0.027 0.017 0.021 0.022 0.062 0.021 0.018 0.023 0.056 0.030 0.022 0.058 0.032 0.059 0.026 0.059   --  
 4000:    1.00    0.100    0.028 0.026 0.017 0.018 0.016 0.017 0.020 0.023 0.113 0.014    0.059 0.032 0.036 0.036 0.055 0.054 0.044 0.081 0.025 0.040 0.042 0.033 0.027 0.036 0.026 0.073 0.030 0.012 0.024 0.029 0.029 0.026 0.057 0.022 0.022 0.025 0.026 0.027 0.060 0.023 0.017 0.019 0.023 0.062 0.020 0.015 0.021 0.060 0.027 0.019 0.062 0.028 0.059 0.023 0.059   --  
 5000:    1.00    0.094    0.027 0.023 0.017 0.013 0.015 0.021 0.022 0.018 0.110 0.017    0.054 0.032 0.035 0.035 0.054 0.052 0.039 0.081 0.025 0.038 0.039 0.027 0.026 0.034 0.023 0.071 0.029 0.011 0.020 0.029 0.028 0.025 0.053 0.023 0.020 0.025 0.024 0.025 0.060 0.022 0.015 0.019 0.019 0.064 0.018 0.017 0.023 0.063 0.028 0.020 0.061 0.029 0.058 0.022 0.061   --  
 6000:    1.00    0.089    0.032 0.025 0.016 0.016 0.015 0.017 0.019 0.016 0.091 0.013    0.052 0.028 0.034 0.035 0.050 0.049 0.041 0.086 0.026 0.037 0.040 0.029 0.022 0.033 0.023 0.074 0.026 0.012 0.020 0.029 0.029 0.024 0.064 0.022 0.020 0.025 0.026 0.028 0.066 0.024 0.014 0.019 0.023 0.069 0.017 0.016 0.021 0.063 0.025 0.020 0.064 0.025 0.061 0.020 0.064   --  
 7000:    1.00    0.079    0.028 0.023 0.017 0.017 0.013 0.020 0.018 0.018 0.113 0.016    0.050 0.029 0.033 0.033 0.052 0.045 0.041 0.088 0.025 0.038 0.037 0.025 0.026 0.031 0.021 0.071 0.026 0.012 0.020 0.029 0.024 0.023 0.060 0.024 0.019 0.025 0.021 0.023 0.066 0.024 0.014 0.016 0.017 0.067 0.017 0.015 0.020 0.064 0.028 0.017 0.062 0.024 0.061 0.023 0.063   --  
 8000:    1.00    0.074    0.027 0.023 0.014 0.012 0.014 0.016 0.015 0.014 0.134 0.015    0.051 0.029 0.032 0.036 0.050 0.046 0.039 0.099 0.025 0.036 0.036 0.026 0.023 0.028 0.020 0.087 0.026 0.010 0.020 0.026 0.024 0.021 0.073 0.022 0.018 0.022 0.019 0.023 0.077 0.022 0.014 0.017 0.020 0.083 0.019 0.013 0.018 0.074 0.024 0.016 0.073 0.024 0.075 0.019 0.080   --  
 9000:    1.00    0.070    0.027 0.021 0.015 0.012 0.011 0.018 0.017 0.015 0.107 0.012    0.046 0.028 0.029 0.031 0.046 0.047 0.034 0.088 0.022 0.033 0.033 0.025 0.022 0.028 0.019 0.076 0.023 0.010 0.020 0.025 0.026 0.020 0.067 0.022 0.020 0.022 0.023 0.019 0.070 0.019 0.014 0.019 0.017 0.074 0.016 0.015 0.018 0.066 0.023 0.017 0.070 0.025 0.067 0.015 0.067   --  

--------------------------------------------
Proportion of membership of each pre-defined
 population in each of the 10 clusters

Given    Inferred Clusters                                                        Number of
 Pop       1      2      3      4      5      6      7      8      9     10      Individuals

  1:     0.037  0.065  0.017  0.041  0.031  0.064  0.075  0.025  0.035  0.610       45
  2:     0.832  0.019  0.026  0.022  0.024  0.023  0.004  0.022  0.004  0.025       50
  3:     0.117  0.072  0.026  0.033  0.050  0.010  0.087  0.099  0.039  0.466       48
  4:     0.081  0.114  0.054  0.033  0.142  0.086  0.087  0.090  0.015  0.299       50
  5:     0.020  0.038  0.052  0.085  0.419  0.054  0.074  0.085  0.027  0.146       50
  6:     0.046  0.116  0.035  0.171  0.307  0.080  0.049  0.058  0.012  0.125       49
  7:     0.032  0.086  0.039  0.099  0.286  0.141  0.080  0.035  0.057  0.146       43
  8:     0.025  0.061  0.037  0.064  0.535  0.115  0.044  0.081  0.012  0.028       46
  9:     0.038  0.039  0.020  0.039  0.018  0.030  0.047  0.072  0.054  0.643       60
 10:     0.046  0.078  0.078  0.126  0.270  0.055  0.096  0.074  0.036  0.141       38
 11:     0.051  0.023  0.031  0.047  0.523  0.059  0.085  0.113  0.015  0.054       50
 12:     0.065  0.046  0.040  0.040  0.398  0.101  0.077  0.047  0.043  0.144       48
 13:     0.100  0.120  0.101  0.059  0.054  0.093  0.030  0.018  0.061  0.362       50
 14:     0.541  0.060  0.055  0.047  0.070  0.030  0.032  0.042  0.045  0.077       57
 15:     0.204  0.113  0.092  0.064  0.029  0.035  0.020  0.091  0.069  0.284       48
 16:     0.824  0.009  0.025  0.007  0.014  0.020  0.022  0.027  0.005  0.047       48
 17:     0.150  0.048  0.064  0.026  0.045  0.054  0.029  0.111  0.047  0.426       50
 18:     0.014  0.032  0.127  0.077  0.419  0.072  0.052  0.086  0.018  0.104       44
 19:     0.039  0.050  0.008  0.011  0.341  0.054  0.070  0.127  0.011  0.289       50
 20:     0.030  0.032  0.033  0.041  0.582  0.082  0.074  0.091  0.009  0.026       50
 21:     0.777  0.026  0.021  0.038  0.015  0.024  0.016  0.046  0.016  0.021       48
 22:     0.114  0.083  0.075  0.090  0.159  0.110  0.040  0.061  0.016  0.252       50
 23:     0.057  0.045  0.080  0.121  0.332  0.073  0.050  0.113  0.018  0.110       49
 24:     0.095  0.099  0.056  0.048  0.301  0.066  0.063  0.039  0.012  0.221       50
 25:     0.056  0.029  0.069  0.127  0.342  0.055  0.053  0.087  0.023  0.159       50
 26:     0.063  0.068  0.085  0.107  0.267  0.065  0.097  0.073  0.040  0.136       50
 27:     0.466  0.074  0.149  0.076  0.028  0.044  0.028  0.034  0.029  0.071       55
 28:     0.315  0.049  0.029  0.116  0.012  0.037  0.032  0.057  0.025  0.329       50
 29:     0.039  0.126  0.036  0.079  0.167  0.274  0.081  0.062  0.020  0.116      108
 30:     0.049  0.094  0.050  0.055  0.108  0.265  0.114  0.115  0.039  0.112      109
 31:     0.036  0.056  0.038  0.078  0.396  0.094  0.072  0.072  0.023  0.135       49
 32:     0.048  0.083  0.079  0.060  0.151  0.093  0.103  0.082  0.031  0.271       50
 33:     0.062  0.035  0.123  0.071  0.030  0.032  0.061  0.083  0.030  0.474       50
 34:     0.339  0.079  0.137  0.135  0.052  0.009  0.073  0.044  0.014  0.118       50
 35:     0.152  0.065  0.051  0.065  0.104  0.032  0.057  0.101  0.015  0.357       50
 36:     0.031  0.078  0.074  0.043  0.388  0.094  0.053  0.043  0.013  0.183       39
 37:     0.062  0.041  0.104  0.144  0.275  0.061  0.091  0.098  0.015  0.108       47
 38:     0.042  0.057  0.031  0.091  0.285  0.045  0.066  0.075  0.041  0.266       67
 39:     0.067  0.030  0.052  0.012  0.297  0.070  0.044  0.168  0.029  0.231       34
 40:     0.018  0.020  0.069  0.090  0.461  0.113  0.040  0.080  0.031  0.077       58
 41:     0.053  0.085  0.096  0.073  0.280  0.118  0.039  0.066  0.014  0.175       86
 42:     0.040  0.101  0.088  0.117  0.289  0.101  0.097  0.040  0.023  0.104       44
 43:     0.020  0.035  0.038  0.042  0.617  0.089  0.063  0.049  0.020  0.026       44
 44:     0.516  0.071  0.066  0.067  0.022  0.014  0.077  0.046  0.023  0.099       50
 45:     0.073  0.112  0.085  0.097  0.254  0.125  0.048  0.108  0.030  0.069       35
 46:     0.081  0.065  0.056  0.055  0.102  0.049  0.081  0.057  0.030  0.423       50
 47:     0.092  0.054  0.083  0.007  0.199  0.052  0.040  0.099  0.010  0.363       36
 48:     0.282  0.099  0.076  0.054  0.075  0.022  0.062  0.157  0.017  0.156       53
 49:     0.655  0.039  0.039  0.041  0.089  0.035  0.027  0.025  0.008  0.042       57
 50:     0.354  0.053  0.092  0.099  0.051  0.065  0.045  0.054  0.012  0.173       49
 51:     0.050  0.065  0.049  0.023  0.028  0.036  0.109  0.062  0.070  0.508       42
 52:     0.064  0.038  0.034  0.091  0.433  0.057  0.077  0.042  0.014  0.151       50
 53:     0.022  0.074  0.042  0.065  0.036  0.579  0.030  0.082  0.012  0.057       50
 54:     0.044  0.149  0.051  0.028  0.016  0.425  0.131  0.052  0.018  0.087       44
 55:     0.029  0.117  0.056  0.050  0.120  0.220  0.104  0.108  0.019  0.176       50
 56:     0.012  0.020  0.019  0.030  0.029  0.856  0.012  0.000  0.007  0.015       30
 57:     0.034  0.105  0.081  0.023  0.168  0.166  0.134  0.099  0.020  0.170       50
 58:     0.031  0.124  0.025  0.084  0.109  0.288  0.081  0.069  0.037  0.151       50
 59:     0.014  0.149  0.054  0.032  0.131  0.330  0.104  0.072  0.040  0.076       33
 60:     0.021  0.066  0.006  0.039  0.211  0.125  0.328  0.066  0.006  0.133        9
 61:     0.028  0.083  0.055  0.019  0.087  0.292  0.117  0.086  0.021  0.211       50
 62:     0.026  0.080  0.044  0.017  0.117  0.345  0.050  0.041  0.012  0.268       32
 63:     0.020  0.109  0.068  0.025  0.070  0.297  0.150  0.084  0.021  0.157       50
 64:     0.026  0.012  0.059  0.045  0.066  0.641  0.051  0.024  0.034  0.042       50
 65:     0.033  0.070  0.007  0.025  0.019  0.766  0.024  0.013  0.021  0.023       29
 66:     0.047  0.136  0.062  0.037  0.099  0.314  0.023  0.110  0.039  0.133       50
 67:     0.022  0.041  0.088  0.051  0.076  0.396  0.141  0.045  0.036  0.103       31
 68:     0.019  0.138  0.035  0.035  0.169  0.338  0.079  0.109  0.042  0.036       27
 69:     0.031  0.143  0.103  0.029  0.096  0.260  0.046  0.159  0.018  0.116       20
 70:     0.036  0.093  0.085  0.037  0.110  0.303  0.064  0.136  0.029  0.107       50
 71:     0.074  0.043  0.057  0.046  0.449  0.130  0.049  0.076  0.006  0.069       50
 72:     0.024  0.094  0.058  0.105  0.078  0.447  0.064  0.047  0.018  0.065       37
 73:     0.566  0.070  0.082  0.087  0.026  0.017  0.034  0.040  0.027  0.051       81
 74:     0.075  0.034  0.272  0.387  0.046  0.031  0.033  0.055  0.022  0.044       50
 75:     0.041  0.086  0.086  0.169  0.129  0.177  0.042  0.226  0.006  0.039       50
 76:     0.074  0.052  0.215  0.261  0.096  0.038  0.073  0.058  0.031  0.102       89
 77:     0.042  0.045  0.094  0.057  0.030  0.033  0.061  0.554  0.031  0.053      100
 78:     0.591  0.027  0.091  0.080  0.022  0.030  0.045  0.040  0.048  0.026       94
 79:     0.111  0.032  0.126  0.184  0.236  0.046  0.067  0.054  0.039  0.103      100
 80:     0.155  0.020  0.262  0.277  0.041  0.052  0.033  0.058  0.013  0.089       50
 81:     0.038  0.093  0.327  0.158  0.117  0.046  0.051  0.067  0.055  0.048      100
 82:     0.055  0.075  0.153  0.138  0.084  0.089  0.079  0.184  0.035  0.110       98
 83:     0.032  0.007  0.047  0.769  0.028  0.040  0.010  0.017  0.019  0.030       50
 84:     0.751  0.018  0.061  0.052  0.014  0.039  0.021  0.013  0.005  0.026       99
 85:     0.062  0.062  0.176  0.170  0.080  0.057  0.129  0.155  0.029  0.081       99
 86:     0.036  0.026  0.570  0.073  0.068  0.020  0.063  0.086  0.026  0.032      100
 87:     0.030  0.028  0.625  0.109  0.059  0.029  0.015  0.057  0.029  0.020      100
 88:     0.056  0.047  0.105  0.453  0.054  0.039  0.040  0.121  0.019  0.067      100
 89:     0.056  0.060  0.123  0.199  0.090  0.057  0.097  0.164  0.060  0.095       99
 90:     0.077  0.040  0.387  0.180  0.073  0.047  0.026  0.070  0.011  0.089       48
 91:     0.544  0.031  0.137  0.034  0.009  0.056  0.050  0.011  0.020  0.108       28
 92:     0.064  0.048  0.205  0.337  0.036  0.063  0.050  0.063  0.101  0.035       50
 93:     0.104  0.030  0.489  0.144  0.037  0.047  0.041  0.060  0.015  0.033      100
 94:     0.050  0.021  0.087  0.504  0.040  0.040  0.061  0.065  0.015  0.117       50
 95:     0.553  0.070  0.053  0.046  0.049  0.049  0.063  0.029  0.016  0.073       41
 96:     0.041  0.067  0.185  0.287  0.088  0.056  0.101  0.094  0.034  0.047       81
 97:     0.060  0.027  0.141  0.428  0.047  0.066  0.025  0.101  0.025  0.081       50
 98:     0.040  0.028  0.041  0.539  0.069  0.076  0.076  0.035  0.031  0.065      100
 99:     0.052  0.094  0.080  0.259  0.122  0.060  0.105  0.085  0.055  0.089       89
100:     0.036  0.029  0.055  0.092  0.033  0.073  0.084  0.557  0.020  0.021       98
101:     0.111  0.043  0.203  0.197  0.048  0.070  0.081  0.156  0.028  0.063      100
102:     0.006  0.009  0.010  0.006  0.008  0.004  0.009  0.007  0.933  0.009       95
103:     0.018  0.044  0.122  0.196  0.109  0.103  0.056  0.222  0.006  0.124       50
104:     0.056  0.039  0.575  0.141  0.027  0.050  0.064  0.026  0.009  0.013       70
105:     0.605  0.035  0.085  0.038  0.030  0.020  0.046  0.076  0.024  0.040      100
106:     0.082  0.067  0.093  0.408  0.077  0.064  0.042  0.065  0.054  0.048       50
107:     0.055  0.025  0.622  0.056  0.060  0.039  0.050  0.031  0.034  0.028      100
108:     0.031  0.022  0.028  0.658  0.086  0.041  0.076  0.035  0.010  0.013       50
109:     0.069  0.086  0.086  0.272  0.076  0.126  0.082  0.092  0.026  0.085      100
110:     0.623  0.066  0.049  0.038  0.052  0.034  0.017  0.023  0.020  0.079       41
111:     0.517  0.063  0.082  0.038  0.039  0.052  0.032  0.052  0.032  0.092      100
112:     0.031  0.030  0.094  0.513  0.088  0.075  0.071  0.020  0.021  0.056       50
113:     0.042  0.015  0.626  0.078  0.034  0.023  0.075  0.040  0.023  0.045       97
114:     0.452  0.060  0.072  0.086  0.057  0.025  0.085  0.033  0.047  0.084      100
115:     0.062  0.032  0.357  0.324  0.072  0.051  0.013  0.035  0.007  0.046       49
116:     0.064  0.033  0.189  0.350  0.090  0.035  0.055  0.070  0.034  0.080      100
117:     0.139  0.055  0.157  0.251  0.069  0.069  0.078  0.058  0.026  0.098       50
118:     0.058  0.036  0.093  0.529  0.059  0.056  0.072  0.038  0.020  0.040      100
119:     0.055  0.073  0.076  0.236  0.061  0.107  0.095  0.135  0.039  0.124       90
120:     0.081  0.129  0.073  0.068  0.098  0.133  0.104  0.110  0.028  0.176       70
121:     0.015  0.007  0.029  0.016  0.044  0.030  0.710  0.110  0.028  0.013       82
122:     0.018  0.033  0.015  0.009  0.023  0.036  0.036  0.792  0.015  0.024       66
123:     0.031  0.016  0.010  0.015  0.010  0.023  0.030  0.841  0.006  0.016       28
124:     0.011  0.819  0.011  0.032  0.050  0.018  0.012  0.029  0.007  0.013       44
125:     0.024  0.678  0.032  0.021  0.014  0.062  0.026  0.065  0.017  0.062       60
126:     0.015  0.733  0.044  0.010  0.006  0.025  0.035  0.072  0.016  0.044       83
127:     0.031  0.743  0.025  0.044  0.015  0.074  0.021  0.007  0.015  0.025       49
128:     0.021  0.803  0.010  0.025  0.022  0.026  0.009  0.022  0.020  0.041       84
129:     0.007  0.487  0.033  0.044  0.113  0.142  0.074  0.030  0.036  0.035       53
130:     0.014  0.580  0.074  0.010  0.092  0.105  0.024  0.024  0.033  0.043       58
131:     0.019  0.583  0.046  0.025  0.042  0.076  0.041  0.081  0.032  0.055       78
132:     0.007  0.600  0.031  0.024  0.065  0.035  0.073  0.053  0.024  0.089       59
133:     0.034  0.536  0.044  0.037  0.087  0.126  0.041  0.067  0.007  0.021       41
134:     0.037  0.377  0.035  0.027  0.079  0.134  0.078  0.118  0.084  0.030       42
135:     0.024  0.240  0.026  0.153  0.016  0.354  0.041  0.067  0.030  0.048       30
136:     0.010  0.329  0.042  0.062  0.090  0.250  0.037  0.038  0.028  0.114       53
137:     0.063  0.049  0.116  0.131  0.275  0.067  0.071  0.120  0.019  0.088       58
138:     0.055  0.052  0.044  0.062  0.184  0.147  0.088  0.205  0.010  0.153       84
139:     0.030  0.066  0.027  0.025  0.032  0.039  0.660  0.055  0.019  0.047       81
140:     0.004  0.008  0.010  0.004  0.044  0.003  0.023  0.889  0.009  0.006       30
141:     0.014  0.008  0.029  0.013  0.011  0.014  0.667  0.191  0.009  0.043       37
142:     0.017  0.036  0.059  0.049  0.102  0.113  0.478  0.080  0.037  0.029       46
143:     0.028  0.044  0.081  0.020  0.052  0.058  0.618  0.075  0.016  0.009       55
144:     0.015  0.077  0.017  0.049  0.118  0.434  0.110  0.132  0.013  0.035       52
145:     0.015  0.028  0.028  0.031  0.077  0.539  0.108  0.088  0.013  0.073       73
146:     0.012  0.074  0.037  0.063  0.135  0.337  0.092  0.097  0.029  0.122       73
147:     0.034  0.033  0.003  0.020  0.091  0.635  0.069  0.060  0.027  0.028       53
148:     0.023  0.069  0.060  0.028  0.057  0.576  0.088  0.037  0.015  0.045       52
149:     0.013  0.029  0.047  0.083  0.167  0.415  0.054  0.092  0.013  0.087       44
150:     0.032  0.061  0.041  0.035  0.121  0.434  0.105  0.078  0.023  0.069       80
151:     0.050  0.088  0.077  0.033  0.052  0.439  0.108  0.049  0.024  0.080       49
152:     0.047  0.071  0.099  0.143  0.264  0.086  0.114  0.089  0.017  0.070       34
153:     0.045  0.146  0.096  0.107  0.073  0.103  0.095  0.174  0.028  0.134      100
--------------------------------------------

 Rep#:   Lambda   Alpha      F1    F2    F3    F4    F5    F6    F7    F8    F9    F10     D1,2  D1,3  D1,4  D1,5  D1,6  D1,7  D1,8  D1,9  D1,10  D2,3  D2,4  D2,5  D2,6  D2,7  D2,8  D2,9  D2,10  D3,4  D3,5  D3,6  D3,7  D3,8  D3,9  D3,10  D4,5  D4,6  D4,7  D4,8  D4,9  D4,10  D5,6  D5,7  D5,8  D5,9  D5,10  D6,7  D6,8  D6,9  D6,10  D7,8  D7,9  D7,10  D8,9  D8,10  D9,10    Ln Like 
10000:    1.00    0.066    0.028 0.021 0.013 0.012 0.012 0.016 0.020 0.017 0.131 0.012    0.049 0.028 0.031 0.032 0.048 0.050 0.035 0.092 0.023 0.033 0.034 0.026 0.022 0.030 0.019 0.078 0.024 0.009 0.016 0.023 0.027 0.017 0.067 0.018 0.017 0.021 0.024 0.019 0.070 0.019 0.012 0.019 0.015 0.076 0.015 0.014 0.017 0.070 0.021 0.017 0.076 0.025 0.068 0.017 0.070   --  
11000:    1.00    0.064    0.027 0.023 0.014 0.011 0.014 0.017 0.019 0.015 0.149 0.013    0.046 0.028 0.028 0.030 0.047 0.048 0.035 0.088 0.022 0.034 0.033 0.024 0.022 0.030 0.021 0.079 0.023 0.009 0.017 0.023 0.025 0.019 0.065 0.020 0.017 0.021 0.023 0.020 0.069 0.019 0.013 0.018 0.017 0.075 0.015 0.013 0.018 0.068 0.022 0.018 0.071 0.024 0.068 0.017 0.068   --  
12000:    1.00    0.063    0.023 0.022 0.013 0.013 0.013 0.014 0.015 0.015 0.107 0.017    0.050 0.027 0.031 0.034 0.048 0.048 0.037 0.091 0.024 0.034 0.036 0.026 0.025 0.030 0.020 0.081 0.023 0.009 0.018 0.024 0.024 0.019 0.065 0.021 0.017 0.021 0.022 0.021 0.070 0.021 0.013 0.017 0.017 0.074 0.016 0.014 0.018 0.064 0.023 0.017 0.068 0.023 0.069 0.017 0.070   --  
13000:    1.00    0.060    0.027 0.020 0.017 0.011 0.012 0.013 0.016 0.013 0.150 0.014    0.045 0.028 0.027 0.030 0.044 0.043 0.032 0.095 0.022 0.033 0.030 0.022 0.023 0.026 0.017 0.083 0.025 0.009 0.018 0.025 0.026 0.018 0.073 0.023 0.016 0.020 0.021 0.016 0.076 0.021 0.013 0.015 0.014 0.081 0.018 0.012 0.017 0.074 0.026 0.015 0.076 0.024 0.074 0.018 0.080   --  
14000:    1.00    0.058    0.030 0.020 0.013 0.013 0.011 0.017 0.018 0.014 0.134 0.013    0.050 0.027 0.028 0.029 0.045 0.043 0.036 0.098 0.022 0.034 0.034 0.025 0.023 0.031 0.022 0.085 0.025 0.008 0.016 0.023 0.024 0.019 0.073 0.020 0.016 0.021 0.021 0.020 0.079 0.019 0.012 0.016 0.016 0.081 0.014 0.015 0.020 0.074 0.023 0.017 0.080 0.023 0.076 0.018 0.075   --  
15000:    1.00    0.058    0.025 0.023 0.013 0.014 0.013 0.016 0.019 0.014 0.161 0.012    0.046 0.027 0.028 0.029 0.046 0.042 0.032 0.100 0.021 0.033 0.036 0.024 0.023 0.029 0.019 0.091 0.024 0.008 0.016 0.023 0.022 0.018 0.072 0.019 0.016 0.021 0.020 0.020 0.078 0.019 0.014 0.014 0.016 0.082 0.014 0.013 0.019 0.076 0.022 0.016 0.077 0.020 0.076 0.016 0.078   --  
16000:    1.00    0.059    0.028 0.020 0.011 0.010 0.012 0.016 0.014 0.013 0.095 0.011    0.047 0.025 0.026 0.030 0.045 0.041 0.031 0.082 0.020 0.032 0.033 0.027 0.023 0.028 0.020 0.081 0.024 0.007 0.015 0.021 0.022 0.016 0.063 0.019 0.015 0.019 0.020 0.017 0.067 0.019 0.012 0.015 0.016 0.070 0.017 0.012 0.017 0.068 0.022 0.016 0.068 0.022 0.067 0.016 0.066   --  
17000:    1.00    0.057    0.029 0.022 0.014 0.011 0.013 0.016 0.016 0.014 0.160 0.012    0.046 0.029 0.027 0.032 0.046 0.047 0.032 0.101 0.023 0.030 0.032 0.022 0.020 0.029 0.018 0.088 0.023 0.009 0.017 0.023 0.024 0.018 0.076 0.020 0.017 0.021 0.022 0.017 0.082 0.019 0.012 0.017 0.016 0.084 0.016 0.013 0.016 0.077 0.021 0.017 0.080 0.023 0.078 0.016 0.078   --  
18000:    1.00    0.057    0.024 0.020 0.015 0.013 0.013 0.015 0.016 0.016 0.148 0.015    0.049 0.027 0.030 0.030 0.045 0.045 0.033 0.103 0.023 0.032 0.032 0.025 0.021 0.027 0.020 0.090 0.025 0.011 0.018 0.024 0.024 0.017 0.079 0.020 0.017 0.020 0.020 0.018 0.083 0.019 0.013 0.016 0.015 0.086 0.015 0.012 0.017 0.078 0.021 0.015 0.082 0.022 0.078 0.017 0.082   --  
19000:    1.00    0.057    0.021 0.021 0.014 0.011 0.013 0.015 0.019 0.013 0.148 0.014    0.046 0.026 0.027 0.029 0.044 0.044 0.034 0.092 0.024 0.034 0.032 0.026 0.022 0.031 0.018 0.085 0.022 0.009 0.018 0.024 0.025 0.019 0.071 0.018 0.017 0.019 0.020 0.018 0.077 0.018 0.015 0.018 0.016 0.081 0.016 0.014 0.017 0.073 0.020 0.017 0.078 0.022 0.074 0.015 0.072   --  

--------------------------------------------
Proportion of membership of each pre-defined
 population in each of the 10 clusters

Given    Inferred Clusters                                                        Number of
 Pop       1      2      3      4      5      6      7      8      9     10      Individuals

  1:     0.015  0.003  0.020  0.042  0.049  0.070  0.021  0.029  0.027  0.724       45
  2:     0.914  0.014  0.010  0.005  0.012  0.008  0.003  0.010  0.007  0.016       50
  3:     0.157  0.044  0.054  0.027  0.075  0.009  0.067  0.087  0.036  0.445       48
  4:     0.117  0.093  0.068  0.029  0.192  0.085  0.080  0.072  0.010  0.253       50
  5:     0.020  0.023  0.081  0.083  0.371  0.094  0.052  0.131  0.032  0.114       50
  6:     0.097  0.075  0.034  0.133  0.337  0.085  0.076  0.042  0.007  0.115       49
  7:     0.029  0.059  0.092  0.101  0.264  0.121  0.089  0.044  0.060  0.142       43
  8:     0.023  0.039  0.043  0.018  0.576  0.116  0.074  0.064  0.012  0.035       46
  9:     0.024  0.023  0.043  0.056  0.021  0.025  0.050  0.100  0.042  0.616       60
 10:     0.019  0.083  0.053  0.091  0.191  0.118  0.203  0.051  0.016  0.173       38
 11:     0.040  0.040  0.053  0.094  0.418  0.077  0.073  0.122  0.006  0.077       50
 12:     0.075  0.079  0.060  0.011  0.358  0.171  0.036  0.051  0.017  0.142       48
 13:     0.053  0.093  0.135  0.060  0.099  0.087  0.052  0.036  0.012  0.372       50
 14:     0.546  0.036  0.043  0.025  0.075  0.014  0.057  0.065  0.025  0.113       57
 15:     0.167  0.119  0.069  0.062  0.019  0.029  0.045  0.039  0.047  0.402       48
 16:     0.815  0.012  0.026  0.014  0.019  0.017  0.022  0.043  0.017  0.016       48
 17:     0.098  0.070  0.071  0.056  0.078  0.071  0.011  0.066  0.016  0.463       50
 18:     0.015  0.083  0.087  0.051  0.449  0.106  0.073  0.069  0.004  0.063       44
 19:     0.031  0.044  0.089  0.019  0.306  0.051  0.032  0.125  0.007  0.297       50
 20:     0.039  0.032  0.038  0.037  0.547  0.113  0.086  0.058  0.017  0.035       50
 21:     0.795  0.015  0.025  0.020  0.020  0.031  0.016  0.017  0.036  0.026       48
 22:     0.101  0.111  0.102  0.131  0.176  0.034  0.059  0.039  0.023  0.225       50
 23:     0.018  0.064  0.091  0.047  0.406  0.145  0.026  0.078  0.029  0.098       49
 24:     0.129  0.112  0.042  0.025  0.201  0.094  0.024  0.067  0.011  0.296       50
 25:     0.039  0.074  0.042  0.117  0.341  0.103  0.074  0.068  0.019  0.123       50
 26:     0.055  0.085  0.079  0.063  0.191  0.108  0.139  0.076  0.039  0.165       50
 27:     0.464  0.036  0.124  0.093  0.044  0.055  0.040  0.041  0.024  0.079       55
 28:     0.378  0.046  0.035  0.066  0.072  0.019  0.038  0.043  0.026  0.278       50
 29:     0.025  0.095  0.045  0.024  0.141  0.293  0.109  0.102  0.026  0.142      108
 30:     0.059  0.092  0.063  0.043  0.104  0.228  0.158  0.089  0.027  0.136      109
 31:     0.018  0.067  0.064  0.052  0.406  0.068  0.064  0.059  0.029  0.173       49
